1250
1042 784
318 1047
1090 409
828 523
555 245
1008 689
486 355
682 71
153 421
423 1021
826 774
45 653
136 1111
355 88
468 102
1127 714
329 651
831 720
231 14
226 470
326 421
311 265
26 1132
528 489
1063 853
390 546
1048 65
344 350
80 831
624 26
926 600
774 681
371 554
1089 785
1048 1184
193 415
775 1232
583 418
936 66
110 468
39 1009
821 1023
1 285
1118 733
160 359
1043 1084
317 511
419 1239
685 1197
9 82
390 1228
391 536
985 597
292 980
658 615
357 277
775 497
818 189
139 59
784 243
1173 987
932 57
1074 1095
394 936
1172 779
169 208
689 1083
748 579
1246 1024
119 389
332 239
525 742
92 1219
1114 127
59 301
981 23
855 375
1094 1128
129 1248
1175 199
396 808
946 608
570 77
465 574
241 919
938 133
451 1008
94 158
758 34
1235 54
275 272
631 259
366 417
967 879
252 571
1246 674
411 832
156 816
919 1047
589 588
300 83
950 1204
317 1054
632 1104
787 1180
696 92
719 797
1013 317
1179 578
519 988
1155 382
522 12
262 357
1106 1249
560 940
450 595
52 1243
285 18
471 1248
403 283
982 146
498 181
384 420
728 772
331 380
50 1006
522 642
580 875
1246 806
613 592
6 100
962 991
270 602
1079 173
1121 1002
349 43
1033 506
1079 1086
804 1231
1147 214
619 704
623 39
362 842
1110 802
1053 841
1063 1148
1100 965
1186 547
483 671
886 972
694 233
366 678
480 1069
572 945
271 1193
1003 575
1205 1113
372 709
1156 1014
1190 474
554 330
242 589
1125 733
704 910
1105 1036
543 458
850 61
725 962
62 11
200 118
511 23
981 73
649 363
348 330
1046 934
357 797
936 511
735 526
635 1108
934 319
1004 312
119 1163
802 611
1108 733
815 1011
576 565
9 157
1098 445
793 1080
1218 729
1039 553
1124 975
1216 809
939 502
83 1159
1152 1213
86 1110
189 663
263 996
340 881
947 911
1028 900
135 650
1234 983
97 72
771 1157
694 369
882 490
364 644
1109 818
697 454
1212 327
428 609
350 728
501 502
1177 222
535 847
406 1140
1031 362
859 324
1212 748
888 1147
1248 563
255 535
853 769
849 692
378 954
409 835
1161 1189
425 850
1194 886
1067 935
1187 1057
1067 230
984 371
87 440
407 1116
559 485
138 192
162 168
757 1110
126 850
520 495
1145 926
654 948
959 201
105 1031
312 918
332 616
955 781
220 825
318 959
875 1159
327 687
633 416
778 203
198 463
438 61
174 154
1248 103
831 134
666 1236
1050 767
1184 928
927 869
1239 1165
291 1187
1222 905
1158 797
682 232
215 547
1154 689
344 752
43 232
890 218
722 1102
613 1217
680 269
1058 1064
408 102
791 955
817 892
586 836
705 329
943 1202
66 782
836 857
112 1060
208 494
287 768
333 1227
977 573
1140 519
581 877
56 252
394 143
772 797
565 1042
4 403
1174 611
628 845
861 38
640 449
532 600
507 1129
237 707
928 1051
1222 178
325 797
1172 1084
393 522
454 1215
1129 1216
783 182
484 208
829 884
664 1072
358 11
247 808
564 796
716 1008
1042 502
636 795
1100 1143
161 204
239 871
610 987
611 293
778 950
560 454
677 359
668 936
766 345
117 748
261 611
533 449
356 867
385 733
608 1056
821 1136
165 799
1221 470
565 104
1022 1210
97 927
12 777
575 897
260 469
265 1079
36 992
583 3
941 467
767 819
123 957
1140 574
633 318
760 790
864 974
28 421
1180 322
282 953
88 390
391 303
354 276
925 76
585 1074
839 390
1105 763
530 40
993 282
305 806
200 442
956 609
370 276
219 655
530 270
1209 1160
1088 717
28 263
1025 729
1051 330
509 150
724 922
1247 966
412 1084
458 1065
802 994
227 485
1123 201
403 942
510 1047
352 105
1236 18
1040 451
113 934
835 982
633 1105
776 572
317 861
946 269
239 670
92 1140
435 543
1155 299
570 588
164 1250
312 515
433 1103
1129 293
1041 1239
924 127
727 1171
221 598
667 110
1075 158
723 374
323 744
857 1142
1016 1122
1023 340
431 1183
111 904
617 1229
97 199
11 422
966 124
282 1199
74 564
1127 468
850 883
19 917
1047 731
387 533
550 286
559 743
866 975
1083 969
145 1073
226 540
661 1216
1100 51
1138 285
498 531
536 377
544 515
98 944
844 339
762 860
80 894
123 928
871 284
918 812
711 1168
991 1042
733 63
361 578
171 835
734 427
1086 1020
217 62
1090 151
27 910
902 585
886 1045
161 1144
439 949
595 570
674 706
190 739
11 606
301 1196
202 1103
999 432
480 616
840 223
274 672
1032 101
978 90
480 742
1000 477
135 818
1225 434
69 132
1168 275
75 684
947 189
1193 997
867 386
215 156
432 195
44 47
1197 103
1229 321
55 437
290 54
916 641
1136 336
1113 87
474 107
237 914
188 749
527 636
1142 149
920 1007
487 991
478 930
1205 572
855 351
535 463
356 654
880 409
1054 423
815 959
99 92
221 962
330 1155
15 293
1218 399
202 590
921 15
33 649
163 1000
1095 316
346 1123
637 282
674 885
1012 427
647 671
596 838
1142 460
152 199
907 261
502 490
457 156
1150 414
793 781
641 689
733 1167
762 1226
784 1120
399 637
625 804
673 733
164 1097
1245 1247
1220 493
309 650
251 1120
498 688
1033 670
658 1206
1171 293
762 314
876 680
154 137
962 80
912 263
372 155
298 301
761 276
1077 185
439 881
443 698
167 854
188 1221
244 865
185 182
182 887
1060 43
1007 786
148 556
256 179
244 461
147 911
779 621
19 971
221 990
679 583
758 76
601 991
869 85
1230 532
293 1053
765 434
186 1247
1007 710
337 738
1205 269
124 229
1146 595
339 979
1198 5
1246 997
1108 381
866 849
422 2
903 1115
28 1221
330 481
554 335
1130 745
310 606
58 324
611 1081
580 929
1205 43
384 1004
1137 21
209 12
1129 1206
552 87
726 613
859 834
591 476
189 868
910 200
532 798
869 582
1220 1071
172 587
1054 820
977 593
866 380
273 690
181 32
850 775
744 591
992 427
436 453
797 24
976 1052
1246 221
908 319
1090 562
644 1007
656 866
111 1050
897 228
991 1221
1023 873
947 594
1076 10
1163 1162
173 368
770 1131
1197 462
878 54
1015 1063
943 1153
711 1209
208 1076
1068 1108
739 415
943 633
633 783
691 825
953 811
1163 269
583 554
537 852
592 378
101 492
513 599
154 846
225 364
1065 72
772 1000
569 330
264 258
305 843
678 1248
219 995
703 110
618 59
926 612
1019 1002
1138 773
312 415
350 428
207 608
917 468
753 860
550 71
833 468
169 499
963 491
488 13
946 338
479 870
511 95
321 215
810 8
77 469
503 1241
754 377
725 306
281 72
700 780
86 1087
747 1058
367 680
269 1037
212 659
514 898
1080 70
235 732
464 699
14 139
356 424
847 410
598 130
396 792
376 253
1029 379
559 454
991 124
762 199
565 797
344 893
560 320
20 683
1038 504
37 634
109 1007
874 396
1006 1194
97 1195
696 718
751 153
646 1207
1010 1208
1122 395
701 127
357 573
906 1070
465 496
934 810
285 20
504 544
607 966
153 1111
739 397
790 603
405 861
947 1240
54 1221
26 56
1063 529
1098 1141
434 937
12 598
802 48
64 761
2 1010
1249 1238
1121 653
172 748
61 801
1231 934
11 565
830 142
1052 541
78 156
385 295
96 71
529 930
883 693
183 145
458 730
101 662
118 674
500 1209
43 1049
541 1082
672 976
197 268
313 1241
1017 454
1022 9
1150 794
1029 608
1035 96
1033 964
934 556
229 1224
648 106
1166 568
172 973
394 1248
784 280
872 1041
354 664
750 984
237 555
604 1102
459 920
400 643
1079 176
1181 549
532 267
686 605
111 1134
1082 1176
473 507
289 917
446 767
1128 163
87 1140
788 293
165 880
841 721
443 1110
342 802
447 998
1066 991
855 802
276 590
28 131
685 915
676 1154
404 959
437 937
568 672
294 1106
144 889
175 511
471 268
1201 495
1189 524
557 777
1185 913
694 229
225 707
844 269
613 266
862 91
874 702
945 1233
649 1129
181 114
199 16
75 781
566 1165
360 390
818 139
1043 224
1142 756
644 968
723 12
1197 1157
861 219
927 395
1124 1018
1188 1104
178 736
1103 848
967 543
77 986
529 875
168 216
474 1004
927 677
278 1239
737 159
670 548
1185 475
553 239
33 373
1065 578
623 605
12 222
665 699
660 909
564 678
392 720
904 584
1211 519
1031 606
823 235
1007 1156
441 502
844 925
961 976
859 49
1091 533
535 41
301 829
1062 1012
786 132
804 817
240 1135
1138 1027
592 1115
1070 56
304 874
86 213
800 465
1095 951
196 345
733 774
1101 156
376 597
1163 717
108 140
648 454
427 1140
1207 998
1243 671
90 695
638 947
712 594
835 150
963 908
864 18
943 899
863 508
895 352
341 21
100 551
880 1242
663 785
111 292
179 373
952 568
812 128
561 1185
328 633
319 1159
735 1066
711 1164
15 830
516 158
823 761
746 499
854 1026
763 67
505 664
1129 337
503 1185
565 384
89 269
455 377
983 401
545 888
696 234
708 482
7 43
11 1159
53 150
279 300
1125 1059
317 288
470 897
950 1032
149 542
293 296
1054 250
116 678
1205 677
664 249
533 1117
902 1001
999 567
370 901
1182 964
780 824
1227 350
560 534
1031 514
931 613
937 172
245 211
5 627
139 862
191 522
396 1159
246 5
345 317
788 1078
847 668
456 710
238 456
171 524
12 297
1214 289
6 909
822 347
904 891
61 1033
223 269
770 472
515 468
1084 565
645 1010
460 210
1196 1092
877 874
1044 1185
1096 1200
269 695
1058 1022
814 696
605 888
808 517
1061 544
813 596
144 347
923 901
803 458
992 403
653 1156
865 970
657 711
776 709
958 415
876 938
1152 797
17 685
322 600
741 802
229 57
834 577
713 15
81 993
1201 1139
807 430
1119 344
744 858
1012 780
580 1185
1042 644
212 626
620 348
912 789
178 376
68 885
1058 807
1022 1200
21 83
1169 1173
528 18
989 428
724 67
719 886
319 1116
669 1041
359 622
605 205
402 211
809 383
708 51
139 870
856 1115
717 248
983 18
1168 802
831 805
324 827
254 1159
870 258
391 1084
852 353
460 334
44 246
145 1024
111 611
156 1195
1110 1170
146 170
822 1095
960 484
391 508
477 164
629 595
98 1197
912 760
831 125
294 941
206 517
1065 982
559 1053
759 508
991 570
1024 1034
42 355
1144 246
178 864
643 704
1203 208
158 878
611 139
307 359
1236 533
611 511
744 83
100 359
212 756
1130 208
1135 1012
1210 11
1100 590
1102 888
535 120
719 431
933 885
1057 58
707 122
1141 189
87 302
1105 1223
1204 565
845 43
398 278
1076 365
783 13
937 413
663 1099
644 611
362 386
31 309
964 549
1237 15
670 927
663 60
740 765
695 432
946 837
832 426
252 192
187 692
276 864
421 1104
1151 648
1149 759
440 998
25 946
461 166
795 728
1244 815
103 1093
443 512
591 539
581 1055
1170 444
184 897
318 565
265 864
135 388
287 851
764 648
448 519
1028 1111
80 461
215 37
1150 715
737 87
614 905
1123 825
558 370
108 1173
697 46
141 250
755 992
522 236
1118 689
890 8
72 611
154 736
1228 340
1133 425
613 79
935 190
232 675
340 12
1037 466
257 484
18 569
950 1239
22 747
409 1178
177 388
68 630
831 1150
468 84
1080 537
60 115
567 343
108 733
1095 651
33 1070
453 642
1030 330
495 797
181 633
1131 626
380 570
896 1128
1152 851
832 987
273 991
1126 165
52 135
270 875
515 652
605 784
665 127
232 168
167 35
194 391
799 121
793 269
850 1107
246 1000
788 1026
608 538
924 565
592 359
452 399
898 1112
357 813
1118 835
429 225
808 1191
1034 1085
818 631
415 267
585 172
208 529
976 1217
324 526
639 253
180 469
43 1005
150 93
962 513
1192 748
29 8
403 493
1106 18
518 214
1142 83
308 1128
315 1016
828 786
30 19
511 18
172 319
618 521
637 511
