2500
686 1214
1153 2407
2135 1113
1545 2284
1675 555
2495 694
1476 1700
310 1445
1139 203
2353 1459
1368 1719
74 1913
1059 2467
2004 1917
932 20
2196 332
2244 1277
1875 2091
1716 1694
445 1709
2498 1915
1456 728
159 916
1861 1780
151 1320
1917 1217
873 887
1849 1641
171 466
2117 167
1303 1210
1097 2415
1740 2378
1350 216
2459 806
2249 855
1752 816
429 2187
1592 2094
1080 1306
109 1286
2197 1608
875 540
2413 2425
1373 273
1521 2368
322 1509
193 1163
528 1514
1665 2338
501 1449
1294 1130
1677 1564
588 1763
299 886
1135 1246
828 1008
95 1889
690 1858
2372 1568
1583 514
663 946
498 1631
603 1866
630 719
558 60
1626 1536
2146 2426
93 1901
72 2394
2243 955
145 2427
263 2105
1426 31
809 447
2427 132
403 1804
978 742
2168 1759
2377 1318
2026 1468
529 1824
1382 2438
380 504
1547 1710
695 1278
1196 1044
756 746
73 2117
2037 1672
112 523
65 1651
2020 1355
606 1600
742 1283
2323 1756
868 1220
1780 1796
2316 2194
1052 2383
1939 1900
1992 838
411 1296
1950 154
2242 2311
834 569
1083 1790
2489 2060
1690 1401
1318 639
2257 100
509 2092
2291 2172
2091 760
1099 1357
390 2179
907 1588
1786 1124
654 1222
435 1141
1836 1951
2002 181
1316 904
678 228
727 266
685 2426
566 2491
331 1914
739 578
2262 449
1530 981
2369 383
793 2001
1751 1002
1379 1109
1778 814
1269 2402
484 958
1662 1986
2208 1378
1595 1879
1157 2287
438 1936
1417 2412
1001 1623
312 1829
2134 412
105 2405
1432 14
1090 1200
2254 1219
2414 460
1173 2462
1519 2494
2423 302
622 399
1234 1630
2349 393
2280 703
1628 580
291 652
1553 1741
2177 281
176 377
2123 2336
811 1260
1653 2313
2162 1781
2131 2461
278 1107
1893 2031
411 1433
59 1217
2046 1997
122 2024
811 2320
2195 716
546 2453
1660 858
1826 783
8 1763
1960 887
1821 245
2196 1392
1947 511
876 2212
2065 636
1431 2254
1005 573
647 1484
2154 2158
1242 1513
847 810
984 1465
1147 2440
1038 1340
1003 2132
2326 195
1972 903
828 561
1807 644
100 354
1806 491
1934 894
421 721
2198 7
359 2272
930 933
1717 964
286 494
343 1022
1921 1867
2031 1527
385 718
1032 2200
9 1773
2390 2388
788 1297
2248 855
1812 1383
940 1991
1815 358
1462 531
2250 1645
1206 2298
1905 239
4 446
813 1345
1617 1387
2336 464
401 1861
740 1912
2492 1377
2013 947
2018 1825
1303 2481
2017 780
1833 400
587 27
65 2128
611 162
2140 1205
1027 1714
2483 1872
1185 919
1422 1728
2112 2260
1065 570
229 1549
334 279
521 1232
1850 163
1473 2339
1358 740
612 1335
714 2054
2108 1063
1453 869
1844 1280
684 974
2473 1049
127 2343
1090 1979
2454 1799
261 33
1171 297
1634 2135
1020 1228
24 266
809 1995
1223 1839
96 1208
1267 655
1414 2378
150 1583
1341 2428
300 1820
1622 1990
1051 1057
2402 2301
1440 12
240 1143
1661 2328
1903 877
142 117
1876 621
884 2017
815 1813
380 189
564 2130
807 2126
1159 2074
1809 1009
1894 80
1769 268
946 954
1110 1296
607 121
1517 224
1643 871
1239 101
1384 2157
1478 1194
1649 2302
1747 2319
627 128
480 1420
1988 1430
119 1542
1515 1438
2448 1258
1244 2047
288 2423
951 2281
2233 755
542 1119
618 1171
2143 1272
1768 2001
178 1611
1245 1804
1862 1932
1646 2253
1674 1038
1429 243
1790 2285
2022 2366
1410 1017
1093 777
1323 2304
200 1309
1494 2447
472 1654
1689 2459
1397 1261
853 818
836 2109
2026 913
548 1501
1266 2371
1961 79
2136 1712
2279 2084
202 1923
2431 679
992 139
1914 518
1062 2441
330 756
1685 437
2224 400
1542 937
1792 1578
1244 1287
340 802
674 415
289 274
1103 166
2209 2169
1538 596
2458 317
559 1207
2062 2106
180 1319
2203 24
2170 1754
2335 2033
1403 461
325 1396
1041 434
2450 913
2452 2469
1249 1466
1891 176
2291 110
713 359
1798 880
1402 63
29 2214
1761 875
1680 2069
2317 2267
786 436
1547 1779
1756 2108
508 1724
677 1971
1638 2164
753 1077
2318 1789
1865 2340
2418 1351
223 1107
2252 925
1786 667
626 318
387 2207
482 624
782 2067
2127 715
152 1822
1535 343
2035 993
2269 1881
1427 991
2152 920
2012 767
59 290
477 381
2098 891
1180 1021
2040 599
576 2106
458 1435
129 2268
810 46
842 2410
2201 1982
2475 1258
2307 43
996 1221
2396 170
936 1104
681 545
62 2282
671 676
1689 173
927 417
535 2171
261 104
500 1404
872 1016
1047 2430
1500 1702
1476 250
536 2328
905 524
1537 276
1672 1494
1131 1883
1502 1201
1482 817
1820 2158
2084 830
273 419
195 1152
2174 394
1079 2167
1645 1099
1488 1289
91 1321
843 2484
98 1934
1058 1539
1074 722
2439 697
232 2011
1312 2050
190 2218
662 624
1289 2165
569 1372
16 440
677 2183
2370 1389
2070 2139
1612 923
2067 2416
1869 1485
399 1579
301 1073
982 1799
2220 1230
682 1871
1483 1963
983 665
619 691
301 1748
1882 2034
2344 2119
1134 1750
750 2292
951 155
1181 300
2151 2325
1837 1490
1138 198
801 1087
2393 134
533 2294
406 1601
1302 2110
1952 1064
153 189
1067 918
2456 1749
346 2367
1384 1266
71 410
3 777
384 1835
1176 89
610 2082
2189 1256
758 2414
1350 2492
2150 1081
2146 311
147 915
2354 613
97 105
493 419
2192 1221
2441 165
2351 155
1078 1198
1604 1721
1336 552
1544 1070
2129 1117
1414 899
908 2005
249 416
2006 1936
688 709
1685 2159
995 474
1118 106
879 1165
269 1968
2432 2063
586 2024
1164 1785
704 423
553 1953
1974 252
1075 1920
1360 536
386 1505
2236 1811
868 96
231 1055
2283 368
1626 156
1817 2213
1764 2072
2357 973
1299 1797
1408 1818
329 2137
238 1576
1939 2411
1849 917
660 682
2261 942
52 673
66 1705
1148 10
1094 1919
2165 1916
914 1007
1830 1324
1815 1609
2237 1080
392 184
1650 2411
1941 630
2208 1346
1186 676
1037 1680
1172 353
2049 817
2233 282
1325 699
2120 1834
350 281
1649 708
1279 260
1229 1273
856 1667
867 546
1386 2085
965 1629
148 2428
372 141
1179 84
379 979
382 680
233 889
1429 1046
1656 259
250 352
84 426
598 1515
619 1121
1537 738
284 2499
711 1926
2093 2400
2431 1931
282 351
1427 1104
475 228
448 2321
724 313
704 2364
1577 1128
352 1304
1393 64
2071 230
2445 160
2142 1647
962 248
2486 1931
438 1141
272 2251
341 1550
733 1120
173 687
985 637
1168 1755
35 430
1725 854
1859 205
2496 935
70 2231
1707 491
180 1945
1640 945
1717 1534
1572 353
1797 1878
2434 1943
1687 2064
51 1995
980 1904
2264 841
1394 1189
1156 439
2002 1864
185 1455
943 1569
1434 1466
753 294
2170 744
608 1998
949 38
1441 1588
2344 2399
505 2348
2305 1253
2180 895
1639 345
542 172
135 1100
1810 2039
2289 1145
1452 241
452 2462
2494 1211
1294 1895
628 1465
7 2404
21 2348
752 1868
2483 1054
627 1228
652 1481
373 1160
760 2162
1582 1488
714 514
246 2467
649 2238
705 1969
309 1902
904 736
1042 1635
2424 2100
2020 1522
2225 150
115 1270
1733 1019
467 1454
1988 1893
1374 1659
1624 1025
258 920
1110 1436
2300 1703
480 1068
1897 1655
629 1177
1412 2256
1759 1948
2102 1614
183 346
1464 2444
800 2386
34 695
2466 1890
134 2304
1443 1334
635 1996
825 2443
315 2225
2313 2355
2469 461
1256 903
967 322
743 950
2412 648
710 1708
2129 2429
2282 2477
1553 1305
1955 2318
2019 1555
1725 1999
2027 1845
338 1898
1860 2421
2321 1286
1802 1682
41 2140
2046 1076
1531 1257
990 1263
451 1458
113 2004
581 1145
443 2122
937 1732
870 1771
693 389
1323 2493
584 2489
2184 2126
2286 1178
19 1842
1012 771
2052 1690
1819 747
1881 251
1339 36
764 217
653 186
1468 2128
1924 1514
924 386
1620 1584
1388 425
1641 1444
1409 1307
187 1274
845 1472
225 481
1370 1955
754 1413
2339 571
251 527
1563 1688
2182 1557
734 1387
455 1731
1030 357
603 15
327 643
1976 2281
1876 772
961 837
2270 2399
1533 487
2258 390
456 1527
2461 327
85 246
1700 402
1170 1345
2240 1486
1983 2433
1773 949
1726 467
2333 2095
237 522
505 532
2359 973
668 1470
1937 445
1788 1045
6 769
3 692
2470 1218
2307 1100
2227 123
450 1508
1841 1208
2452 1702
2197 2059
2387 818
1739 1896
1497 174
1989 2203
506 1994
2290 1609
1912 1191
70 1184
720 1293
1980 1285
1907 594
1035 668
484 890
1111 1407
553 1713
2239 2139
1363 1498
573 1457
469 2054
622 1832
1518 632
290 2217
2195 154
404 1874
776 325
153 1851
2157 893
1385 1455
1069 1073
2329 133
1368 1292
265 1843
1126 593
420 1683
2449 1481
1589 1540
1332 1901
1412 1927
1043 90
423 391
1023 1930
99 5
2380 334
111 1750
1180 2460
607 17
1399 1896
1928 2111
1739 310
634 2482
1625 548
765 103
2068 1371
620 1158
640 2164
2389 995
617 392
755 2156
1832 736
926 214
324 2273
1823 590
1650 2033
1415 2424
731 183
1882 2314
144 1809
47 1954
106 919
66 362
233 1012
2209 1490
1034 28
1204 2349
521 829
648 516
2127 398
1795 2149
2063 660
1622 294
275 237
914 49
339 2342
874 2000
987 1793
1736 2373
137 1925
1177 1924
786 2293
335 471
815 878
1005 2359
659 1162
1711 1202
1319 520
1956 393
1271 1713
270 2363
236 1330
726 227
1463 1747
2120 1369
590 499
774 1473
1607 1399
2334 2199
363 672
873 1240
1574 1585
1852 2305
292 1154
449 2245
552 1731
356 2385
2244 1459
1584 1925
625 1565
583 1903
1743 1959
278 2199
2144 1328
744 2045
2022 921
1210 669
1671 1165
306 931
1029 2223
163 902
1546 1224
839 2471
1863 842
831 55
2226 2073
1169 1954
896 717
735 481
1067 426
190 2275
670 194
609 511
296 2219
1048 319
241 2061
2065 1505
1919 971
1605 1026
1877 978
2420 608
1621 850
2147 1122
1654 405
1603 1969
1410 2273
1980 1276
906 1484
1541 2341
207 723
823 2040
1658 2051
706 474
970 942
1511 1787
941 2312
479 368
1021 1745
1679 297
202 1633
1594 1457
2324 15
470 2087
2280 1817
844 2151
442 2440
1705 1420
1655 1633
271 1571
81 2442
684 763
1448 1158
1564 512
1993 696
1930 1518
1667 2089
637 1438
2436 1178
1096 395
1024 1401
1516 2059
1140 2364
1853 635
1127 1525
1273 1390
659 349
1884 1856
1615 2274
320 200
790 2464
1482 433
1055 1508
2224 1657
1243 1533
1575 610
805 1660
833 1858
1855 371
896 724
1216 2476
804 2259
600 305
1084 61
1428 431
407 2239
708 502
1949 700
1392 2362
268 857
681 1775
953 1235
1146 1999
1019 1992
2500 929
1314 171
2241 1444
1531 1342
2061 374
1077 2420
1243 1805
1193 2377
408 43
304 1155
1814 219
795 1573
2386 832
1971 1798
490 1950
2368 1407
2172 370
2308 53
1390 19
2118 1777
162 759
1666 30
861 1724
2316 1593
2231 580
2255 1933
1348 824
113 2160
1432 76
1886 1598
1855 2035
912 479
2000 502
2173 1973
1972 493
279 1589
410 947
1699 57
2212 1078
1560 22
142 75
298 1691
2217 1454
1911 1215
97 2415
2062 1190
1346 1637
1049 851
2229 2443
2008 1562
2397 1112
1339 1816
725 303
705 1032
1095 531
1967 1340
728 122
787 1894
2149 1748
1338 1161
1774 2078
565 2252
1501 1408
1673 1828
2053 2104
1665 1487
1112 1094
47 1793
1516 2036
1281 335
2056 1232
1126 1301
2446 2105
363 296
468 1052
1711 124
1202 217
1278 1744
1560 2138
1915 936
2219 1328
1187 2025
826 792
871 2220
326 758
549 1054
2182 1282
1326 1379
2310 636
2124 621
1822 1317
2 798
1109 2060
730 1071
44 1629
496 287
2490 1500
1071 1479
312 34
473 2235
1792 785
377 1308
779 1776
2130 1829
348 2456
1130 1143
928 698
223 1720
680 2154
1868 1791
2384 1945
566 1098
2451 1573
157 2381
1918 1787
1362 161
835 1373
533 881
365 1610
683 575
1944 2055
1301 2083
1877 197
182 872
2238 2340
2324 2094
2277 1359
2243 2246
238 1504
2115 33
157 1393
1960 1961
797 1932
372 370
1192 1923
1031 2308
979 444
1183 1430
2337 131
1777 1909
1512 45
806 581
768 2141
1837 88
1041 1006
193 244
159 1550
75 409
1268 382
1424 1580
1602 1419
606 902
1639 1133
1827 1061
781 337
1306 2016
1534 68
1348 1074
557 649
555 1447
1343 972
506 1916
1842 1201
2346 1437
1173 2015
1839 965
1423 78
2352 1222
1050 1353
2011 1978
348 2019
459 32
451 2385
41 1812
457 2080
985 2202
1451 550
1042 986
2474 1040
369 1678
2211 1127
1989 1439
1404 2030
513 1347
1774 2358
961 848
2476 517
366 2163
1883 1182
835 591
2266 948
2076 2066
1237 572
1045 1617
108 378
1561 827
1683 827
247 2041
853 1666
1819 1636
747 2057
623 1548
2382 1290
208 838
2234 512
1354 582
1709 1452
1493 2309
135 2078
1736 570
577 46
671 138
192 1847
50 213
1708 385
782 2463
2131 1805
543 679
1734 2448
763 960
347 2375
1463 799
1823 350
1422 644
63 1302
1132 793
1125 222
2079 507
1024 1148
839 2095
1806 1144
2228 1707
1615 2445
17 1728
1297 1737
1181 807
2057 1349
182 1875
1984 2485
2480 184
2432 179
1727 1491
974 1493
1652 1082
215 958
1220 253
1824 1478
1831 1789
2216 640
1344 2442
812 1225
1063 2242
395 1477
1129 885
1884 801
1075 667
1701 1010
918 434
1406 2389
1673 2327
2210 40
1060 2487
391 1601
1635 943
1948 663
1664 2156
2101 1175
336 453
422 822
772 2200
2270 761
1002 540
2315 2160
661 221
1464 2419
2259 1838
170 1982
2477 1791
1123 1907
1443 1997
1413 1597
267 209
49 1810
1249 1354
2028 1374
2 488
210 2171
2478 529
1418 1218
836 1092
1751 509
441 1577
799 1131
732 820
550 1336
1906 1129
1091 1618
1142 388
1495 2167
564 209
1616 1436
865 92
1114 264
975 765
471 527
969 686
164 1730
1918 716
331 2007
1199 2107
1164 1870
1769 1630
206 823
1161 664
804 302
2299 832
1450 443
605 1846
526 207
1878 288
188 2338
1185 1857
95 2028
404 558
2159 928
2295 373
401 1400
1036 843
1973 248
1231 628
468 2309
303 1510
1048 1230
1101 178
2191 544
1433 1621
313 1311
90 211
54 1546
2102 956
658 1730
1155 2125
1784 2374
1381 689
1174 2075
698 790
285 571
2283 968
2077 925
2222 1784
1260 1238
1703 2322
2327 2088
12 1871
1613 852
522 707
2435 1541
234 1460
215 1069
1760 42
1991 1623
276 1271
196 1556
1558 2166
1693 1844
1596 218
791 849
172 1053
1993 1366
837 2434
1675 2179
78 2248
2265 638
1149 1935
752 992
666 2335
1682 265
361 1648
2122 1620
131 1236
1539 1091
952 650
1411 316
1379 107
639 93
634 328
298 1506
794 1197
2163 2021
945 383
497 137
1360 1270
2347 2044
614 729
2133 1563
2398 711
1555 1299
1272 16
651 690
2069 1866
1093 1814
107 2302
1188 384
1499 236
751 1499
54 118
865 2232
2401 295
214 2363
29 226
2491 1952
277 601
86 1441
1937 1800
1684 1106
1207 2114
764 329
1818 1753
1599 2465
525 2256
1729 86
2485 1359
1920 991
2416 1788
1417 409
642 702
1186 734
1738 1679
36 299
2370 883
1958 2365
1290 1965
567 242
909 596
439 2103
595 240
1935 2387
890 563
2185 2406
2409 971
398 846
1959 307
2074 1733
959 1033
2092 2447
1922 243
111 933
165 1987
1857 796
1669 2181
1746 762
2166 1314
1398 1744
1840 888
687 1133
39 418
1316 589
1378 1447
1761 1502
1770 462
1848 1015
2142 1219
1648 923
2255 489
1663 1461
1638 56
141 1439
1720 1
1556 1644
2488 656
1310 1953
849 13
1367 2404
864 629
1020 1781
940 2169
826 394
2210 592
2345 1600
1288 79
25 397
1696 220
136 633
1352 2382
455 1979
1251 1139
1570 964
1722 813
305 2260
366 1595
1816 1479
530 787
1380 1571
1396 922
762 2393
1159 430
2043 306
616 808
222 2198
1079 1103
1247 1590
551 1255
1749 287
2008 40
884 1694
781 2268
456 976
2176 609
534 497
1503 2278
1391 1333
994 77
1496 69
906 1140
2175 1529
2214 916
2464 2249
1525 2288
776 277
1611 1059
263 1169
1662 585
1637 1608
421 2487
658 1783
1380 712
1559 108
104 1331
1121 2234
332 759
1068 2419
158 1254
1347 1507
1990 1908
1261 1879
944 1580
2397 2315
1115 2145
1308 374
196 703
567 588
939 396
478 1964
376 867
1704 1402
1722 631
689 710
1461 1196
2113 892
211 993
718 1446
805 1940
650 2081
2479 1569
2374 1653
1366 1451
638 360
2086 1212
1845 938
2433 2099
1223 1026
1966 229
1088 2289
2048 2288
819 1762
2395 1692
1014 1193
1847 82
1234 2350
2055 1967
934 863
2099 1603
1291 1233
2206 1910
2205 1046
2390 562
1627 1013
2350 22
242 1369
720 1428
994 1085
683 2205
1821 1619
1902 2090
2176 1153
1397 1114
125 731
645 1783
1975 1011
997 796
1102 1304
2185 930
2052 2331
598 510
452 803
485 2152
800 208
2437 2311
2379 784
1808 538
333 1480
119 283
732 901
60 2222
396 1828
1029 1631
2332 2392
2230 814
1467 275
1522 1865
770 1929
2306 574
14 323
1612 717
697 709
1695 1154
227 773
2232 1558
2039 405
864 161
1619 2051
866 194
1926 1782
354 244
909 1872
340 413
840 859
1172 1742
1663 1353
1325 1586
2056 2018
885 500
1212 1351
476 2088
827 1467
1245 722
1699 1166
1697 830
2253 976
2276 2049
1557 6
1771 1356
541 651
662 10
1377 1669
831 568
89 665
926 1520
389 1150
2482 1880
880 1418
1123 1128
2296 1284
308 1337
1425 1170
1657 1775
328 2341
2041 337
494 1870
1480 38
656 1910
26 336
345 169
48 847
1886 2191
975 483
1640 802
1986 999
120 1007
547 1011
1684 1241
83 1538
35 1737
62 1309
45 924
688 2021
2121 1636
2190 877
1342 1593
1723 364
737 185
1854 1765
1009 314
2265 2246
1293 1716
8 623
1897 2371
51 2089
2010 1027
561 693
2027 2168
2009 1313
2250 775
417 557
1738 2201
1940 1262
980 1086
485 143
2082 1343
626 103
2080 1344
255 2101
1072 2285
2394 2009
664 1487
1714 488
83 286
577 1524
1357 1203
2455 785
129 1607
910 1565
1489 317
412 1190
397 1013
1598 126
633 1355
1199 1231
1264 1495
725 1568
2376 1887
1004 125
156 61
1000 2090
324 2360
367 1862
339 1117
2401 2325
1604 1108
199 379
1315 1625
2303 1300
852 959
748 1696
1596 1187
1305 1852
2216 568
367 794
2496 94
780 1758
2474 2258
168 110
2458 1632
1280 2134
2472 1801
2488 910
2119 2114
371 87
1330 1994
745 2148
1235 1958
1267 1061
1156 2177
632 1250
678 757
1509 1472
1265 2278
1895 996
2299 23
454 478
957 492
235 987
57 504
2287 715
612 1528
983 727
1122 2044
1403 76
1520 2096
2413 342
982 539
2297 2236
319 1329
436 465
1591 1554
1375 21
595 712
1873 1526
1415 719
1579 271
1693 330
2450 333
388 2186
1767 620
2023 749
878 53
1356 1671
428 1803
543 599
2207 1485
2071 2391
1536 549
1089 1687
768 2322
565 1486
597 1899
1718 463
535 2245
181 886
1676 167
2486 2038
1281 118
1927 1084
1338 2468
857 2064
2188 911
701 1899
1836 1028
338 899
1311 1329
915 2429
1843 1102
2058 602
775 102
1419 2037
757 1606
1405 2221
583 1591
754 1421
874 1658
2480 433
2439 1732
1118 1095
2400 224
615 114
1298 2303
1492 284
1124 1097
2395 257
1506 2235
856 1238
554 293
357 1587
2358 691
1 356
1890 1727
827 2484
2455 518
1742 2453
1371 1768
1004 931
2373 210
953 1060
247 2481
1863 869
2138 2012
102 508
2113 1125
1151 245
841 702
526 2396
295 1794
225 1581
1996 2218
2276 1224
1275 2444
713 2075
1483 205
99 968
381 257
1701 2375
1957 988
1195 822
2269 1921
1285 1057
1279 1237
487 362
1182 1240
1312 2384
977 893
1984 735
2479 525
116 292
253 1951
576 1116
1134 218
1489 1252
611 1284
2457 997
1331 2366
972 1137
2124 472
563 1841
2361 1391
1327 2497
761 788
774 1250
579 1517
269 1241
1006 2237
1674 541
139 545
510 685
2193 2376
219 2189
1065 1265
2277 1928
1548 58
1706 149
1947 738
101 56
1469 151
1106 670
1813 11
2221 641
1856 2392
1298 375
1375 860
85 1582
1987 74
2050 523
2109 1970
1146 1242
654 1599
1692 1892
112 554
1036 1670
2180 1434
741 1226
2038 2478
2381 2398
198 1498
2319 1259
2014 1764
1838 2223
642 2014
1105 408
432 418
192 749
1282 2228
98 2240
232 1983
462 866
1365 748
562 1194
989 280
882 579
1735 2070
422 429
2380 1766
2029 68
1846 2403
2490 1227
2123 415
1474 175
1252 1779
2181 897
2247 998
1888 935
617 1370
289 1395
206 2274
907 2272
1136 1225
957 1152
1933 2194
1115 2118
197 147
2383 594
1659 1014
618 1664
1352 44
1729 1405
1507 2032
2301 378
844 115
1562 845
1174 1549
1251 1322
723 2312
1183 1263
1275 850
149 1176
1116 2372
1796 361
1462 204
503 1257
2306 1909
1310 2153
1092 1492
824 1365
1762 1166
1885 239
347 2475
2187 2323
2356 72
1833 2098
1827 892
1113 1544
1082 358
293 2155
944 2493
355 2361
496 1361
466 1795
264 2145
1085 1283
547 1906
645 1951
1964 1957
414 2422
601 530
692 900
641 1632
2247 360
1361 655
1175 1891
584 2499
1031 1264
2388 643
1941 1977
833 1426
1028 256
934 672
321 2473
1425 1276
1830 922
212 1167
2043 1089
1974 1719
117 1321
1198 13
1053 1448
1656 11
212 2173
448 1643
932 126
427 1160
778 1147
267 2010
1908 524
1874 2352
1526 745
2417 42
1610 1956
116 1382
1083 1030
966 585
1963 341
908 2262
26 414
517 492
2132 1136
140 1086
2286 1423
726 168
2087 463
2457 1364
501 1268
1066 2029
1985 2436
1236 1450
1535 1372
166 2300
1062 2297
470 114
2369 2053
9 1695
1965 365
2334 950
39 191
164 2449
428 431
2226 1376
955 1706
109 121
1975 1575
201 2006
406 1772
587 1644
1209 2353
420 4
556 1543
1389 604
186 515
862 64
1524 1039
1470 1376
477 1778
490 591
1203 2446
2342 2133
1105 969
1552 593
1647 2275
2081 37
71 1755
152 87
1064 2408
1677 1213
1592 1642
1135 894
746 1606
1512 592
2251 1782
938 1715
1691 285
2015 375
1523 544
2137 407
675 791
771 673
230 2003
602 216
2077 1197
534 435
1056 2263
1772 898
326 1578
1477 1066
2468 1618
1394 499
18 402
2290 560
2495 1335
528 519
2346 1753
1597 123
140 2408
274 2451
1754 604
80 739
2406 615
789 2284
737 954
307 1765
1718 473
743 1511
2111 1035
2326 989
1475 2206
1333 1456
2333 311
2465 2425
1898 2213
657 1383
2422 1504
829 486
304 2403
2360 1150
291 1900
1712 1970
1215 146
52 846
707 1922
1867 1561
2296 320
1746 605
2351 537
948 2112
1616 967
2356 2229
1831 1559
1168 2184
231 917
2005 144
729 770
1292 879
960 927
2264 730
2405 1025
2204 1474
779 1835
2266 2365
2471 912
158 32
1098 1364
2430 1567
669 2047
272 966
1051 803
1406 2016
1966 2241
136 1545
1205 203
453 1315
2147 351
589 1627
234 213
1981 1307
2204 578
1188 318
2023 2330
876 486
1570 1681
437 721
1349 2261
854 1885
2263 143
2202 1688
1411 888
1313 1385
889 895
28 1287
1811 2320
2500 1576
2144 201
556 1449
1043 1913
2068 1076
2076 962
1543 1826
1047 666
1367 1840
1277 766
1698 128
1869 582
1752 1322
1880 572
1888 2357
1581 148
403 613
1037 990
1567 2097
1192 2097
507 819
2454 413
2418 1044
921 2498
1189 1435
1566 1226
2121 221
905 861
616 646
1334 597
20 476
1767 424
1624 1981
1400 2178
2110 18
2116 1431
1111 256
138 1760
1734 25
1040 977
1735 254
441 694
2103 130
314 2279
778 30
998 1652
2227 254
696 1386
1096 1572
1668 160
48 1458
2211 1905
1651 349
1398 1363
1445 1646
2153 1018
2421 2329
2190 58
1566 821
538 2463
1475 999
2155 1409
859 551
308 1015
1998 1295
1614 145
179 120
1802 498
444 188
1825 1388
1785 1437
1850 515
1003 860
631 262
2085 1551
2032 1942
1642 1269
2330 387
2093 199
2161 816
2104 1670
191 1904
2148 1132
1058 1327
446 653
344 519
1016 1613
1551 2362
1529 1848
1034 792
674 469
495 440
1162 1741
1745 1017
2497 1938
1587 1668
1594 2003
1149 646
2310 2294
432 226
2215 1039
808 495
2460 2178
1255 1362
2230 2030
1698 2466
1295 1274
2174 2292
1471 2096
67 1892
1530 751
1070 1515
2472 1195
956 1976
364 1860
1206 2347
2045 1962
1681 459
1259 450
2100 1204
1209 1120
55 344
733 848
376 2141
1540 1087
2410 1119
911 260
77 81
482 532
2079 1395
1008 1233
1167 1528
862 27
1416 23
2192 1834
321 1723
1938 2042
1163 1686
1949 1247
1358 1300
783 177
177 1854
1513 1229
1050 1471
1766 315
355 82
891 1503
1889 2175
204 1337
1022 2143
1033 1227
795 2007
464 2042
1088 1851
1469 1726
1442 91
235 483
1056 952
1144 675
1332 1213
897 73
2271 1018
1254 88
699 750
458 127
416 2013
1946 1521
1911 970
1978 701
1859 454
2036 249
259 1379
175 69
560 187
825 2407
706 657
984 2066
2186 1491
1800 963
769 1416
2188 1253
741 537
1697 2367
2345 1381
2438 2391
2086 1248
1853 1929
1985 2034
2470 1808
2072 2437
798 1740
901 883
1248 2379
369 858
427 1214
2331 447
863 1943
92 1721
1944 2073
132 1262
870 2048
489 465
1023 50
309 2107
270 1341
2355 1010
1715 559
1446 1101
539 574
2193 133
2337 2343
2125 146
1776 424
963 1574
2293 1453
2257 1807
647 1946
342 1142
661 1510
773 834
1191 5
2116 513
1887 1661
1794 252
1211 1585
929 2314
1239 1523
2161 1743
812 457
1962 1442
939 255
1686 1554
124 130
2215 1678
425 1072
1628 673
2150 2025
1968 1586
1324 900
283 1440
2295 1460
2417 2354
1757 784
169 1634
1424 1497
2317 262
1532 767
766 575
1320 1552
37 1179
1801 475
600 1108
1803 1532
516 1151
2083 1519
1001 1081
840 220
2332 1605
1770 316
882 586
2298 1864
174 1942
2183 1216
2271 2267
2058 503
1317 94
1704 1710
941 460
1184 614
981 520
1137 1326
323 1138
1291 2136
821 2435
1757 280
1246 789
2115 898
2409 442
1157 258
1676 1496
820 1000
988 31
1421 1200
67 851
1590 1977
