625
394 151
91 163
461 353
379 457
618 539
95 79
230 62
216 231
42 393
266 38
455 540
4 308
320 322
613 371
237 5
610 563
162 110
341 570
322 257
244 398
561 379
148 567
265 134
604 202
611 330
595 302
320 375
203 514
168 101
577 400
549 526
204 261
305 73
37 235
32 117
275 326
188 582
130 460
611 457
307 207
96 129
413 348
385 603
346 503
233 143
218 18
155 579
182 445
289 324
438 316
438 89
236 311
201 182
138 134
206 179
344 203
172 141
383 292
177 31
510 13
574 430
71 588
490 11
4 481
283 467
604 206
565 428
472 583
504 520
293 576
298 405
345 401
317 184
156 314
544 405
589 113
226 205
35 358
38 36
420 366
97 518
383 306
541 462
307 188
61 410
181 77
62 518
286 496
273 166
486 131
335 562
87 36
552 229
332 171
562 233
622 295
297 247
21 156
612 234
167 185
474 98
54 240
63 145
340 403
289 619
462 435
562 102
209 250
238 7
7 11
557 463
195 467
505 580
11 470
549 363
407 616
149 30
385 575
388 542
241 304
427 500
470 567
146 235
322 267
307 322
394 160
16 540
109 149
85 34
72 476
452 410
395 94
405 504
166 477
547 44
67 200
602 389
464 226
551 186
340 228
405 204
119 229
37 256
217 562
36 552
106 477
380 266
82 590
565 448
1 315
555 59
440 542
504 180
418 401
339 616
333 84
165 283
322 163
325 534
78 393
415 531
372 352
501 383
545 534
505 169
570 204
11 127
484 497
604 46
37 350
342 156
600 2
403 163
263 33
168 372
446 489
301 551
135 586
533 510
465 613
292 587
453 566
234 272
169 333
406 344
364 128
370 177
199 156
168 449
617 378
105 15
60 78
497 86
486 376
163 450
226 455
142 425
201 504
552 419
66 484
623 391
313 292
602 475
204 189
284 64
403 480
481 291
469 550
265 550
135 286
350 24
582 268
234 443
305 571
127 459
426 393
288 226
178 417
583 70
513 623
283 135
286 287
583 164
234 312
72 471
149 430
370 528
479 197
14 624
621 276
553 309
77 290
580 521
264 157
244 536
345 220
161 260
225 370
616 233
485 111
515 26
474 601
348 518
487 37
513 439
117 219
612 210
176 589
307 612
20 427
70 132
302 473
148 577
292 271
548 573
353 525
569 237
48 105
388 128
614 234
11 324
214 368
114 510
599 257
93 300
11 56
434 495
322 172
281 568
310 21
555 603
325 34
604 521
150 332
350 47
437 301
358 104
43 342
344 553
417 574
144 70
77 345
160 183
344 374
189 330
188 231
548 18
434 447
136 10
3 292
377 489
623 162
61 456
136 549
519 229
257 497
125 162
204 118
248 8
471 581
283 292
321 141
603 412
430 565
489 155
172 369
61 88
498 62
554 137
573 29
95 597
530 177
598 391
485 213
13 112
554 227
194 308
59 197
271 477
128 142
609 401
254 525
415 271
354 6
81 41
316 381
9 15
92 612
313 594
34 367
257 6
386 94
58 493
562 373
243 427
391 243
345 90
429 173
250 455
170 70
212 523
453 409
251 161
482 606
511 530
215 560
563 168
59 4
417 309
543 180
189 527
193 204
538 171
26 350
427 507
581 281
564 405
622 508
83 81
58 75
517 153
255 383
73 82
259 316
557 277
584 300
509 492
283 356
545 578
483 119
315 229
417 495
163 373
504 434
236 207
560 505
223 65
393 322
322 521
580 525
245 188
192 96
424 255
70 405
529 24
438 249
470 81
66 262
12 283
49 534
599 392
556 396
213 576
314 471
397 411
585 302
135 222
404 425
484 488
74 142
518 305
51 307
68 405
534 591
484 346
255 422
358 151
436 4
349 366
185 527
258 157
165 622
538 123
306 323
98 303
408 250
145 23
625 142
38 522
410 242
325 366
180 563
232 279
80 490
128 373
44 119
459 244
99 91
281 279
11 257
17 485
466 364
486 326
388 274
393 133
352 296
159 329
393 504
534 607
15 308
166 592
140 503
81 602
50 521
539 8
473 502
604 486
534 11
144 40
410 147
589 78
521 283
447 537
107 569
326 556
231 221
5 563
373 239
344 608
506 467
299 144
340 158
395 402
224 587
291 103
252 310
416 356
139 477
156 584
152 166
570 336
556 359
226 276
317 49
554 303
586 211
318 617
35 94
320 55
67 537
32 112
534 593
509 258
73 120
360 362
236 606
580 491
584 191
620 414
538 347
177 163
271 23
620 282
53 223
468 271
343 421
91 220
197 399
33 164
470 362
518 355
376 328
384 566
138 115
382 424
433 66
322 73
541 45
51 454
532 603
129 280
316 220
499 487
387 250
154 332
76 482
326 613
549 32
45 116
98 27
52 49
214 142
280 187
539 596
9 442
345 429
441 132
174 322
129 606
17 458
605 298
563 98
19 42
129 337
100 591
161 308
456 11
301 615
278 136
204 558
171 208
37 162
64 71
623 331
467 162
567 57
206 351
566 171
304 527
443 478
166 22
28 393
114 516
316 365
276 71
338 128
497 171
229 373
190 128
597 59
559 534
58 301
69 459
473 605
13 2
220 126
546 274
345 53
423 206
81 2
153 293
89 253
350 460
527 124
10 397
494 21
149 435
275 390
172 572
480 108
557 11
357 361
305 121
39 574
28 269
11 485
115 373
327 35
159 196
172 319
479 301
257 198
604 361
285 436
37 579
153 294
512 327
240 537
567 334
316 451
213 620
159 6
329 25
485 624
197 43
318 586
523 143
601 431
530 444
307 455
197 163
553 432
35 434
175 9
524 262
471 548
180 122
109 421
8 31
247 251
258 199
535 216
246 403
270 556
