2488
1827 1123
1328 2207
227 2365
1593 628
967 1481
391 1341
1099 200
1867 1963
231 55
2414 1890
2332 3
687 1592
174 945
2228 714
1431 61
1374 1063
940 2257
1012 339
255 1083
216 2337
1042 270
1500 2384
1565 2041
1732 603
2055 1456
555 990
1030 1102
2079 1903
1384 693
337 2174
147 1909
1709 1928
1608 893
1199 1622
2446 1570
276 492
1808 2357
550 1908
363 1152
1914 2429
897 1649
916 1811
18 1919
1120 1266
2455 1632
1454 2217
1930 1634
1582 1575
2302 235
2418 1584
713 337
975 954
821 667
330 1982
1943 2013
596 68
1643 518
2413 287
1014 1698
1976 362
357 663
2246 1412
779 189
169 736
413 1878
2479 475
1063 2218
39 562
1720 1784
665 364
1934 1834
1310 176
1783 266
405 937
1711 394
334 1650
678 692
1 1132
2157 355
588 885
986 1885
488 1724
2105 1876
426 1939
56 870
35 506
946 481
2331 2483
2444 1200
2131 925
1043 676
812 471
418 643
1453 1556
2226 1191
730 19
2363 703
531 1022
2237 1833
2157 678
1150 2303
1129 624
2396 435
1138 1674
1830 982
913 1253
1690 1120
679 1428
2118 961
613 806
679 1703
1112 1247
1715 2065
159 596
210 289
618 268
706 991
2091 3
389 2023
1036 2112
1705 2262
1646 71
1845 144
171 1600
293 377
514 49
2445 1839
1103 1135
2292 1488
2284 2050
1684 2342
2021 146
719 1061
1037 1406
1898 1008
2460 1338
83 699
1938 456
2074 1296
190 393
2015 2346
1816 2046
1805 1271
1924 1855
2081 2271
2386 785
2309 2389
1023 1764
234 1306
706 2250
2054 40
949 358
963 1217
2108 496
1181 2434
1327 42
2233 295
1143 769
2087 72
927 194
1486 1423
2468 1416
1770 1203
503 966
1085 2105
1371 17
1458 1293
367 1224
1495 1087
2141 1629
48 522
1723 707
361 207
1472 173
2100 811
2295 2125
1544 473
62 958
804 2220
2425 857
1838 1891
1487 92
1536 2055
363 811
2331 1633
965 2483
1139 2037
93 399
1677 728
1324 2074
1437 1392
2102 1260
2255 156
2428 1157
1769 622
1064 1101
2333 822
1666 1881
26 951
2033 812
1995 1662
1270 2354
1307 939
279 1350
2401 591
925 808
1242 1833
1935 893
2477 924
1620 2120
2258 2179
785 2189
1268 1980
1841 2024
328 1662
2326 222
1541 479
912 732
2306 1173
231 509
1171 815
1306 1383
2358 1940
2020 704
1300 1370
644 1115
1967 2439
1561 2164
387 1330
612 883
2030 2158
224 340
2287 2225
660 2305
1574 1812
1565 717
1610 1747
1143 2137
255 2318
1007 2078
876 1023
1005 1974
152 766
1747 798
556 273
425 1869
2458 1756
1073 751
63 327
1257 484
1689 408
2206 1348
578 1124
1424 939
1380 2477
1011 2411
545 1533
88 2025
1621 1890
283 772
1647 2268
1246 462
1831 2188
1893 1345
1390 965
1968 1364
327 2068
2327 859
1439 163
102 265
89 749
1635 532
1748 546
403 87
1205 169
644 520
776 2111
662 2276
832 1533
1209 1885
1661 181
1385 109
1684 621
436 970
1198 1907
1843 1510
374 2104
1090 625
511 1366
119 1477
2478 1438
1966 2190
1949 1790
886 1836
27 1899
2184 1550
2021 2288
1248 438
388 1485
1624 2439
585 638
40 587
345 23
2149 2221
1405 135
1316 1725
2375 2088
2114 1787
1562 827
2123 1608
937 908
1687 306
564 195
712 1366
709 499
226 2401
2449 1879
592 2221
395 788
2316 150
353 344
1901 2470
1642 65
2125 1678
1684 1280
1001 1354
149 1508
2338 2213
1608 759
2372 2160
1160 956
395 2342
1354 1229
1665 722
1238 2238
281 976
99 194
1072 600
208 796
2403 1731
422 2488
359 1840
651 42
696 1092
921 1059
1266 626
1705 2101
1256 474
908 610
174 215
1628 1536
316 1911
1145 1451
1843 541
2393 1465
1958 1443
165 577
1766 829
443 2383
2403 2067
308 2080
1315 994
2093 683
297 1611
1172 676
757 1071
201 740
1903 1147
223 202
1028 2434
1397 957
2193 1193
220 1609
1661 991
1149 270
1663 1971
416 252
251 895
2318 2283
2205 94
1387 2398
2060 1052
1383 205
256 2145
1067 2382
1076 360
688 1933
1391 1121
1185 948
1362 350
19 571
1546 75
1056 1205
535 2130
528 1987
292 331
753 1214
574 672
9 197
2337 293
582 257
1774 2251
618 1069
710 2273
1828 1033
1563 2482
443 1574
411 1099
1512 1933
96 1599
1528 1243
1085 1348
2265 147
313 2282
851 1420
1908 2368
275 1687
1791 2106
1817 47
1118 2038
2379 185
2338 1644
1583 1459
502 2216
708 1854
754 1941
1047 1969
2136 1729
2320 2134
1384 1430
263 1153
2249 1303
233 2023
1208 1835
2373 1884
1641 1220
1948 2129
118 795
1137 2377
1432 1965
1080 424
1635 663
211 313
436 1231
883 1004
1925 1221
691 2453
2038 375
560 2089
497 186
446 1039
598 2470
1369 860
717 794
39 341
1983 1512
2013 1906
1708 1712
2481 2409
702 498
1558 1125
604 1220
1418 744
2175 1977
1544 20
694 74
1733 1598
1285 1865
1 2484
425 731
2012 2358
385 874
2348 145
1457 1393
1863 828
1357 913
318 1501
326 493
1691 1798
2212 1387
2279 839
2475 1417
1955 669
2268 508
1942 2399
1563 296
469 1250
1186 354
2083 4
636 1922
1776 1486
2451 1842
1583 1988
1664 1522
2142 1651
1899 2116
1645 1798
428 1428
1975 464
1557 2241
1586 1311
1226 1078
77 302
1562 2155
473 1998
303 2392
1425 887
567 960
1243 2474
802 1644
2295 871
2022 2471
1248 709
827 907
1394 359
1039 422
2451 750
1751 790
1008 325
429 1035
1945 685
253 842
1790 413
2373 379
1187 2253
1019 740
1482 2083
505 1500
2291 1868
1699 1671
1748 7
553 615
2467 1789
1026 1609
822 2224
952 2196
554 1169
1329 193
2383 2172
909 1778
597 2056
1236 961
53 2259
2402 1598
321 1447
749 924
1034 1868
2018 1663
2431 2316
1032 971
503 1212
426 619
1755 799
1829 1743
1329 1148
1875 179
209 2353
38 963
440 2165
837 781
2272 2226
368 1381
361 1668
813 1749
1965 2270
508 1136
1457 1576
907 1554
1601 2111
1774 900
1761 2039
473 559
1223 642
1793 574
700 24
175 1967
2252 1696
1995 772
1434 1114
1082 1350
543 2096
1298 2466
849 2248
1804 590
2 791
64 2349
601 981
279 506
1802 308
1202 1440
2218 409
996 1125
742 2070
267 1582
603 249
1626 2406
815 2244
612 975
2435 1148
2011 414
1467 674
170 1404
583 2299
2216 607
561 1979
651 2236
755 268
1328 788
1517 1088
379 2119
941 1368
1623 396
1647 57
1301 910
987 1044
586 1092
2454 1245
2220 725
880 1484
290 1254
1584 549
2415 902
1875 1559
127 965
615 131
2185 1566
1714 2181
1258 504
318 1405
1815 1652
922 105
1922 1261
540 2050
131 1496
344 96
113 2079
552 660
370 1670
1476 210
398 2187
1409 1016
741 2470
1581 111
322 837
1508 2115
1996 2115
1879 1594
1639 218
1030 1637
2006 1128
2148 1784
1686 1307
1941 2426
1969 1607
2106 257
1904 1167
2099 1551
2420 768
1230 88
714 1949
1981 2009
430 9
1948 1065
1201 1440
1571 1352
2358 1685
28 726
747 1730
806 100
451 1780
845 890
2347 778
1997 1552
1946 2359
2240 59
1136 74
2130 1174
770 698
1585 1206
652 1846
245 1755
1335 1444
1919 901
1858 1276
1475 844
2408 1422
1265 707
794 1932
1493 143
484 872
1613 1653
1456 304
1861 2057
2142 1807
1367 2194
418 294
2242 1298
2110 1090
2422 1365
2067 1853
2168 1320
1577 443
1195 1794
1253 1235
382 8
1234 1628
644 1846
2175 2234
1915 1290
258 2288
481 86
1917 1857
1589 426
2298 2300
1205 1238
1928 1313
201 56
1178 2037
259 2101
845 175
1245 1208
1649 171
521 1851
2016 1138
1238 232
973 294
720 919
1888 995
1470 1656
1510 1150
2103 2448
1118 1222
1800 934
2062 1768
2156 1754
1336 1918
657 1677
895 1257
442 800
1588 383
1431 625
1485 1419
269 2073
1413 1095
715 1141
862 48
1062 76
123 664
2113 1140
2139 160
681 1183
1542 698
177 1637
1716 2404
2263 726
839 1906
1102 986
2344 972
307 1184
1282 783
1700 1630
1589 75
2364 2378
2051 1752
438 480
944 157
17 502
1389 500
1412 745
1240 2390
347 1555
1341 2070
1581 1410
450 1467
2254 868
1178 1000
2061 1442
1657 247
1314 1339
979 1002
1725 1704
611 1026
2417 134
1778 1616
526 1974
1216 1824
2014 222
1142 1814
1281 1339
2464 689
747 462
181 1835
1469 1177
2193 1227
2179 796
2238 891
43 243
1578 1165
483 2248
35 213
354 449
1019 298
495 1050
376 1775
2344 94
599 1516
151 2026
1825 2339
1726 2097
2123 1204
138 1100
2328 2348
2376 1185
2173 980
917 2352
1206 2005
140 1170
374 262
224 2019
463 208
1374 494
1377 972
1824 339
947 1237
1304 2291
273 126
1371 1337
787 926
1981 507
1000 1438
1459 1089
795 1585
716 1119
2264 1942
710 784
2231 927
2361 1337
1481 2057
228 1379
935 183
2387 1477
1335 1859
515 550
2044 2023
1946 2156
953 2166
1799 1526
2486 2179
1503 91
1889 818
2038 377
421 1787
1215 530
1009 1530
2145 854
791 1287
623 2183
272 1064
1848 2293
824 2200
444 1196
2163 1871
13 1893
1292 417
13 2243
959 720
1777 2231
931 578
2101 2004
1566 1660
661 1997
582 1321
914 2159
346 2192
2259 2306
92 662
1803 1929
1569 162
1874 2209
2180 896
884 1527
1801 610
1419 1989
1318 1793
1634 1877
855 1286
601 2443
826 1292
872 1629
1020 2354
1325 1272
2297 721
1518 1680
302 2421
269 631
275 1458
1027 1162
997 1189
560 1309
967 1466
969 950
642 1334
732 2045
1083 2097
1398 1123
311 367
2304 1638
1791 2417
1096 260
634 1592
312 649
664 1018
2017 2082
529 474
1673 224
922 1201
735 216
551 830
1340 257
2058 655
1058 1379
1949 204
2122 687
28 281
2163 371
1511 2176
2395 1726
1427 1715
1485 814
355 387
738 1641
2176 803
32 1916
2112 1588
1627 1759
1326 673
6 836
2211 682
1794 1737
164 539
1171 1542
1181 2169
1463 1501
1724 16
1131 2129
2193 2399
1068 443
2384 1856
1837 2447
1109 2002
340 2171
1667 22
659 1697
346 1078
1126 692
956 1930
2452 1571
242 738
898 434
2410 2351
841 1494
1252 1921
1444 2389
2202 1746
1771 1079
50 476
2208 878
452 516
958 1701
97 727
206 2034
1011 2166
1760 2227
2288 1716
369 938
517 1468
112 949
1509 1519
2 942
1849 703
2461 1240
985 2084
910 1398
752 734
2270 1351
1717 1783
429 1573
113 650
1038 1572
1012 423
1038 1960
1799 2472
2111 2314
1372 1312
1277 999
2201 60
2405 225
1435 412
179 1525
366 1186
2369 349
1616 1816
1562 1392
1077 1993
1078 1612
2392 661
277 1391
926 236
996 55
191 1706
501 2245
1735 417
1954 825
638 188
401 1132
1066 577
369 342
1105 723
2423 1613
172 778
1653 1623
2152 1423
1106 1059
1844 2480
697 539
1819 1470
163 64
668 1361
36 1473
1779 974
858 604
313 2095
1122 600
1771 1795
1406 324
397 1769
1199 1137
497 1263
1228 227
2200 1540
2023 1382
208 133
2069 1530
1882 1478
654 1058
2430 428
851 1522
2294 288
1353 971
497 160
517 2031
135 386
1773 976
2260 518
1096 981
514 868
1370 2439
2124 341
1156 2355
807 1602
2222 167
800 2469
405 1718
1088 1953
1462 368
2423 2449
1990 880
1441 617
2450 923
84 2213
2192 1045
1839 390
1356 1332
1702 77
830 513
2461 1175
1413 2322
2484 427
244 1707
2052 1763
1742 569
1975 25
1710 1200
1844 1107
952 408
155 118
1017 16
477 755
1525 2171
329 877
2247 103
1808 940
1707 195
1683 486
1006 2077
347 5
356 343
378 2386
2436 1548
1931 229
542 125
2409 1878
126 669
142 90
303 1470
689 2334
2232 20
828 46
581 246
584 801
1520 477
1156 1467
139 1374
91 1531
1757 1221
640 166
485 2296
932 217
333 1461
509 186
982 929
1342 214
352 300
576 155
1003 1883
2004 1163
15 1400
1146 286
469 1096
2210 579
1698 2002
486 100
732 1964
348 248
1984 447
1870 2165
1670 2299
1241 1695
1053 1305
2328 1401
132 33
2275 519
1247 1315
1847 2347
983 2134
801 2190
1130 605
1700 491
1695 1105
1338 1061
673 2153
626 2001
2433 2230
1758 1363
118 602
919 1204
704 198
1892 182
2367 920
1564 2300
2229 1760
1502 1446
650 853
1986 125
196 1931
1401 1110
1732 2361
2060 2419
771 1638
1983 1663
611 465
993 309
436 2443
1694 804
154 1796
487 2286
2283 593
1669 99
1523 883
1487 1363
351 1734
2135 911
1477 2262
2376 456
715 1733
1961 750
1792 278
453 2138
1588 739
1211 122
565 1756
1188 833
2170 2059
2072 356
977 1812
24 1031
1531 500
1579 2199
1084 1062
859 1636
1559 1394
41 384
307 1355
1517 446
985 2284
2286 1442
2298 1244
916 129
1896 1597
2290 2209
864 1386
530 1479
1284 464
1973 1378
813 1299
1667 1924
1409 1689
637 362
1674 1216
847 1427
1785 2212
2285 476
1395 2395
2307 1278
276 2152
1198 458
237 2482
1703 452
577 1455
472 2206
1605 2032
1288 1325
180 1353
2261 1119
519 983
1897 2144
26 961
693 2019
132 1498
1448 2460
2167 429
31 1407
1080 1658
649 393
1857 280
1445 1566
1157 2003
1781 1882
1321 1960
200 2234
23 2485
2442 660
2250 1445
743 1519
1344 2456
1203 2369
2487 1158
969 846
1521 422
2174 1688
2421 1606
1581 1978
380 1952
1744 2412
733 1124
2300 1098
215 647
1280 564
1391 1323
478 1108
1233 2463
1618 1553
2424 838
266 115
1112 563
1853 549
286 1408
831 331
1158 1523
168 120
2469 2438
588 491
1100 1402
137 1923
1173 1219
1425 173
2375 161
543 1395
2336 868
247 188
570 430
917 2211
1603 587
305 1478
319 921
774 2372
1137 1898
1538 1454
566 160
948 406
1364 485
384 548
2384 2036
763 1299
1753 696
653 314
1693 595
2092 1378
859 400
2219 909
2258 1681
1450 1561
2151 2051
2053 1728
350 1081
1396 2194
819 1194
1669 992
1762 1300
1089 782
1655 1066
2090 352
1372 1391
1611 1415
2366 2251
1025 2137
2272 2237
1654 121
2100 645
325 37
2181 57
1631 1284
2102 1213
1937 496
1537 2440
1279 944
1746 979
1331 866
2066 852
1895 1913
1377 947
792 957
557 1872
1874 606
1909 1934
2252 691
1862 1988
1741 2260
1484 1736
977 2335
2217 2452
2149 14
2140 1021
1414 1287
1134 1023
50 2346
2344 1182
1397 454
1723 1264
213 1822
1824 1333
980 878
483 1959
461 1269
1106 1706
285 831
106 1916
115 1048
672 765
128 1074
85 1256
1142 212
59 254
2008 2421
2267 1153
1818 2151
60 1727
2249 2459
2360 1804
2010 1029
434 207
2010 2353
2320 1296
773 1048
164 1355
1871 2414
666 1147
2425 1191
1767 2312
466 2190
1963 66
2118 1683
655 95
2039 1101
319 140
766 2076
533 1758
1404 2405
656 587
2433 1183
2065 2261
292 2129
1511 764
466 2352
1731 854
2201 2308
614 2278
321 955
654 2269
635 2350
1786 1856
562 2001
1825 367
2096 749
1168 1046
823 555
1342 450
1421 855
1565 2205
1765 884
1490 933
682 1676
1297 2447
1551 829
2400 2164
1610 448
720 686
1604 237
365 1969
2197 586
1507 763
2394 2278
189 1447
101 1017
889 103
1090 2303
690 546
72 1117
1537 1209
454 803
833 886
2025 358
1380 1127
1294 1957
964 2340
1656 1480
1486 1113
1376 1999
2040 370
1527 1549
1799 1235
1863 1330
568 887
444 821
2382 1024
1591 2356
2086 295
462 248
593 2487
84 1161
109 1367
1403 434
589 1077
221 2412
410 309
2390 716
1086 348
2450 1701
2464 41
1135 512
623 2146
1933 770
1515 1497
1133 1953
1305 2158
12 1920
1095 1480
2119 1159
2069 1196
116 1859
2224 451
21 58
2410 1265
1014 2073
183 1302
2198 748
283 928
615 323
862 1914
751 2227
1303 1237
1097 867
2014 1730
1250 1190
1867 731
2030 442
1672 1780
976 968
1102 2133
2015 378
849 1327
1962 1489
2090 150
1951 836
2479 882
987 1275
1164 533
1218 721
793 2432
840 525
484 941
440 1599
280 2230
1006 746
624 2198
2406 460
220 1845
1865 243
1429 1471
521 107
184 912
994 1962
1821 136
79 409
802 1685
837 1057
123 2404
1587 1306
619 110
326 1680
2302 875
830 1880
614 1127
1215 1332
291 2046
58 950
415 381
1176 1495
671 2109
116 1455
1902 493
1775 2195
1293 2236
1561 1880
1927 1060
1681 1506
675 1459
1640 1369
1576 1054
789 1926
398 1686
1495 1203
989 1028
392 547
1593 1627
865 1353
1944 406
918 151
138 1344
2285 1081
775 81
1802 554
223 296
1568 1381
482 95
479 1448
1331 2481
1295 659
580 129
30 1073
2199 635
1360 168
2078 1752
931 677
639 793
1652 1619
1451 2277
2278 336
2314 1524
1110 1873
2121 1493
427 1604
817 2189
1054 67
1408 1130
1410 240
1619 1721
773 1858
1229 80
1197 782
261 2239
2324 2388
1117 449
1452 45
2368 254
236 1968
1936 1989
998 501
1035 790
1810 1826
1692 1548
2075 2126
869 318
338 2085
559 1595
2228 1031
1950 758
1630 1957
1800 1162
929 1492
2326 1474
1947 1054
1356 846
1794 681
1274 433
432 2056
1310 467
1956 848
1077 67
828 2329
108 252
71 2135
701 2196
1461 1453
728 1239
524 2465
1109 2042
2136 1446
1129 1578
2438 1900
1886 120
1346 402
419 579
1727 1055
203 2264
1925 989
1823 2049
2254 558
320 154
1894 1399
1496 1849
774 1543
2048 508
1579 106
1184 1352
1491 1954
101 1820
1729 1694
2441 94
2143 516
1436 1404
1826 882
404 1543
372 475
1278 848
2197 754
2178 269
837 904
404 159
2341 1499
1168 1951
1642 1897
1515 2076
1226 2323
557 2289
2343 449
1720 968
1108 7
1319 984
2121 334
2442 2223
666 1977
394 1929
1218 1020
1232 528
2245 1952
1295 1402
1254 108
246 1166
43 265
226 534
2107 239
1453 1219
897 876
1568 183
2150 584
1410 2412
875 658
2059 68
1937 114
2370 2274
583 299
2371 1319
488 1688
814 141
1506 1829
2311 278
238 1825
938 870
1053 805
718 532
1714 841
2183 2366
2070 567
424 1916
206 613
761 1736
154 1980
1040 1116
1524 1060
1264 665
2315 1717
1207 867
256 187
2374 1222
2310 874
1273 829
2043 1136
160 724
1980 104
1852 683
291 1016
217 2324
2396 1154
1948 1261
241 2381
943 1421
1762 932
2114 407
1679 725
536 312
2253 211
1160 684
1709 2362
2117 2317
2104 1970
1502 1388
1079 1400
1161 513
2061 2456
1671 187
1722 607
820 537
2321 1842
1456 2356
966 2301
83 598
896 1521
2005 53
685 2378
21 1941
1920 1526
192 2147
1249 1504
2235 1567
1260 1255
1426 711
2066 2047
852 2162
376 1560
1600 1163
809 96
146 2295
1896 112
31 2177
1535 1572
2360 2140
632 1616
2281 2315
2436 840
1782 185
297 2049
2208 1938
1441 2044
1822 1659
1277 1232
537 230
461 1479
515 1217
1795 1672
439 399
824 382
433 1021
1216 1648
2082 2147
935 623
415 653
1713 918
285 1051
1094 2246
2462 1549
1553 942
1626 816
124 38
629 1317
1718 2397
2304 2330
556 844
62 1675
1276 1213
1091 1547
1093 2098
317 470
290 1389
332 1547
1912 2455
1411 2033
1710 879
1312 705
403 890
565 1567
752 629
1476 1366
2276 1460
1781 1291
1084 797
1436 1876
397 645
1032 1877
2363 392
1840 2260
184 2317
1358 219
1210 287
1614 1917
2380 1868
538 988
1286 2335
2195 2340
729 172
1375 23
1313 435
930 2072
384 2011
117 2257
2172 1915
1597 680
5 2078
2191 697
2187 1721
6 2000
964 1959
1921 1159
2465 1597
2292 1002
2016 373
2398 1657
2364 65
2063 27
1375 1646
324 974
2355 44
933 105
44 420
1618 886
1359 2305
758 1212
401 2028
1533 2169
310 564
350 1697
2008 1264
1643 1884
594 371
1822 936
899 1901
176 1580
546 4
2419 1735
421 616
736 2312
385 670
2087 445
2243 2455
329 2026
1334 569
903 1163
1258 193
1891 563
144 104
1179 2446
627 160
765 445
90 1070
1317 372
643 1164
541 1349
547 505
1893 284
472 59
598 1743
617 954
2006 262
52 898
1113 2371
1498 1422
1813 156
1316 63
2064 885
1558 1361
2380 2028
1499 608
1615 1622
1982 2391
1465 1361
2088 700
1509 945
2448 925
1738 379
2413 622
1976 1449
1271 1842
1288 1815
2449 1806
1393 1005
447 767
2432 235
1180 1146
202 1424
572 1241
2349 1992
212 1945
1590 173
2274 1704
1668 1797
2374 2294
299 441
1283 2235
373 1596
2266 918
609 1396
1749 780
925 1792
2057 2440
895 468
962 2189
1788 1550
523 1513
923 879
2202 1275
122 1545
1682 1598
228 1373
1382 993
2478 1311
2279 2459
1107 1772
1281 481
197 863
2064 856
1991 148
1860 1072
1895 2153
143 1546
1015 1658
199 2327
1873 323
333 477
899 80
1114 351
628 1956
2211 2035
1478 1373
360 2429
2357 166
2112 1837
1086 887
1116 136
1122 2089
315 1258
2141 521
2232 764
892 2091
2359 2467
2287 159
2054 2020
1139 1272
2170 691
2032 241
1351 1650
636 34
242 2120
1832 8
745 2304
1679 332
1631 1279
2214 54
718 2271
808 1557
1414 889
1290 2394
2476 2180
2108 992
2184 1985
1740 1753
51 1793
427 2473
409 2356
288 2347
214 402
767 838
1887 1468
1886 1557
1255 1676
139 805
66 191
1202 2093
863 1744
1320 78
2397 664
646 640
998 1747
1190 1091
2018 2475
1082 757
117 657
1207 817
2367 1907
1999 2485
608 1570
1678 245
1033 1298
756 780
250 453
2322 1488
1927 37
2458 1336
641 477
34 544
1029 881
230 1883
750 1471
730 471
1789 1594
253 1304
544 2210
173 835
737 1743
1148 978
2427 566
2444 1851
158 1369
2124 2476
1834 2422
1399 1607
867 1349
2229 1294
1268 1803
414 2031
816 1693
556 1514
1722 644
2332 606
1986 620
1620 592
437 1437
514 1192
209 495
1069 2117
1765 1050
2047 2186
1675 153
274 2063
978 1529
15 2480
1830 1067
1582 1852
1291 38
1422 1312
390 842
1187 637
10 328
31 1516
487 2207
1439 458
1022 2077
988 1046
1809 2454
482 531
1049 2379
301 1130
1990 267
1343 1696
2297 1347
1779 234
2143 1244
708 441
2160 1505
1126 158
1553 2204
771 999
1820 2082
2420 489
951 1809
357 1025
2385 1460
779 611
1135 271
1494 1462
1434 2271
81 573
522 380
2354 1262
787 558
490 671
2334 244
457 2233
1013 2128
1902 1944
1994 713
2265 853
983 93
1750 1267
1009 2277
76 1388
316 753
1661 2325
1547 905
148 2309
499 161
2127 1916
1358 777
777 1540
2151 2116
424 130
1936 2416
1905 739
1460 335
438 1269
416 282
877 904
2191 1040
1225 747
457 2084
219 916
2042 987
915 2050
1499 419
1602 2463
12 1817
54 535
2475 1713
1596 1639
33 301
2280 14
2022 1111
342 1535
1913 833
2053 928
1233 2468
1170 1308
1625 859
149 1099
1343 2407
666 455
1862 1665
1224 1175
540 1910
620 894
1407 1314
2418 2333
597 1107
1801 786
2289 2177
453 263
2445 1070
2104 1347
459 2430
1111 1615
776 1010
264 1289
1491 137
1739 2087
10 1473
2319 1384
182 783
1515 572
648 209
2393 229
504 2308
744 835
2132 857
314 590
209 1251
702 1432
1503 87
2085 98
1923 1463
2161 1418
1180 249
1763 152
888 2394
2012 807
2068 1145
1466 52
834 227
1189 1133
2319 1702
274 850
1984 1838
510 2058
2313 510
901 412
943 2029
615 1464
727 748
1071 45
902 2029
272 463
70 1469
282 676
799 1149
1227 995
371 1534
526 1359
1318 658
667 2047
1782 1545
1887 1433
673 2109
178 1271
1904 1813
1076 576
156 1262
1667 2281
2296 2159
966 2267
1699 1924
1311 1797
1042 1429
1055 881
2107 746
1179 1610
1473 538
1502 906
1231 330
762 167
2300 1366
1013 561
2280 1958
1144 2142
2203 1841
1766 2239
410 911
2148 634
1979 818
365 271
1872 1810
343 1010
2024 860
729 1518
2027 2415
317 523
1617 1492
2027 2052
1892 2222
1633 930
819 1894
2154 1473
1692 1900
995 2247
1155 597
1041 2323
797 684
2311 695
2351 2345
468 2388
735 1211
1129 630
1420 2215
1821 2370
157 570
823 1282
439 1170
1154 114
1691 2144
1712 894
70 722
1539 1614
891 1309
594 2062
2219 2091
536 1800
701 2185
2126 470
2474 1682
1666 2428
1816 121
1987 866
861 1138
2167 1932
1504 1121
955 238
2466 1785
110 338
631 639
1041 2400
240 431
862 69
1223 490
735 1745
1529 920
782 856
2003 102
1762 2256
437 1135
2007 541
670 1427
2215 1166
1655 1104
148 141
2407 1443
199 704
2462 1449
1074 2099
761 1532
1259 734
1538 1841
25 1001
218 2307
1094 2293
1310 1013
1972 1433
73 617
2381 2166
2168 523
1346 1376
1973 1061
2424 1621
591 1267
1482 2095
1831 1786
1708 1532
1212 810
2098 1165
353 1418
997 2132
1757 1962
1560 826
1249 2192
1283 2043
1982 1075
2465 850
2351 1505
1905 1210
1996 1919
1416 180
1850 1194
1864 2162
534 1860
1992 1242
2182 1653
400 2350
127 585
960 61
1829 82
1742 2362
1475 1297
300 758
1049 529
284 88
1680 2437
581 1754
743 1734
1664 900
507 85
1285 1740
984 46
1128 2040
1637 2273
760 1608
420 1935
1411 1301
695 393
825 907
1093 47
1252 646
1243 1357
1490 768
616 873
349 1474
1881 1267
647 98
2071 1558
1365 2062
616 769
951 1151
1539 1883
134 1943
1978 1997
1172 2022
1711 1239
2094 2124
407 225
391 145
734 723
2244 230
2457 478
1931 261
832 2122
29 1144
1788 1324
1322 250
1687 789
1832 54
1037 595
81 589
1167 1555
1176 1972
843 386
142 2336
2223 2269
1981 1659
1926 30
935 11
1452 97
1728 2075
1385 1322
633 264
1289 762
1580 2391
711 239
1964 1104
858 153
1869 1169
959 2000
542 1595
1761 1274
575 1876
199 1569
1152 2411
1918 1759
914 1985
489 2263
1690 2431
1889 1617
633 366
492 1814
677 2293
203 178
2416 1864
702 86
1483 457
1827 1764
1460 459
1174 1605
1320 792
1415 1141
1994 927
1052 571
192 652
285 2310
555 834
298 1124
294 1426
1823 843
1719 1896
2086 2387
1850 525
656 1870
2290 2150
289 1228
2080 627
205 1751
1386 1282
29 460
1033 1140
2457 1024
2113 2034
1651 1911
2313 2173
1027 708
763 2188
128 609
1794 573
1234 1214
786 1015
784 1177
645 1866
1955 1541
1378 1910
803 527
1012 381
322 396
1435 1811
432 1912
1645 780
