312
84 228
279 9
61 41
256 307
258 114
146 119
231 65
98 196
25 69
16 190
240 166
39 46
21 116
68 6
153 165
14 268
130 106
204 262
130 143
143 239
121 288
161 283
118 129
129 128
202 159
172 303
236 276
233 120
161 175
40 293
272 288
207 148
32 197
289 310
55 115
181 284
130 218
54 178
50 31
19 155
93 186
169 159
63 49
130 28
70 74
206 23
224 11
161 261
87 194
248 246
188 137
285 135
286 205
291 248
103 198
255 143
8 24
138 213
206 144
129 220
123 300
254 206
271 91
25 43
96 62
82 29
171 236
168 150
249 68
101 61
170 156
199 59
299 50
75 226
55 67
159 96
268 12
167 297
108 178
165 252
273 195
190 274
186 30
176 144
52 266
15 86
218 268
9 98
134 53
241 27
158 300
37 300
294 228
175 193
305 56
245 306
222 159
98 227
7 100
208 178
293 250
174 125
189 285
150 44
193 298
220 126
290 221
32 238
79 208
28 110
172 83
269 157
81 32
278 54
49 167
8 282
117 305
5 110
267 232
260 250
309 125
133 154
269 151
310 118
287 16
259 188
19 85
100 33
58 2
115 76
308 114
181 114
131 107
34 127
8 270
39 280
90 95
300 106
83 105
114 303
22 129
200 218
187 302
305 113
97 80
153 237
247 21
83 206
89 265
118 96
39 21
206 86
287 311
201 117
156 296
117 283
261 290
147 71
245 160
279 184
104 59
35 217
48 191
38 133
174 153
31 20
249 250
146 36
6 277
144 199
170 210
178 21
287 256
252 41
83 244
186 68
103 177
108 304
208 219
143 236
76 183
92 155
52 124
27 10
253 197
23 102
99 110
48 74
69 249
103 197
194 259
288 195
39 119
88 217
66 88
197 155
155 191
151 78
21 233
263 58
171 257
3 190
181 91
132 49
96 9
167 251
279 215
149 16
2 42
21 1
155 229
139 111
106 211
49 151
161 9
164 215
18 215
264 136
139 110
237 218
117 166
143 161
264 203
110 109
65 148
167 155
235 114
148 90
243 13
58 136
115 205
116 281
112 256
230 57
92 10
248 243
114 307
251 265
203 171
11 39
38 134
302 155
134 161
143 275
310 168
234 235
140 51
19 195
187 26
179 227
167 20
39 137
86 143
152 273
124 71
206 216
100 285
143 173
180 268
256 301
231 122
96 131
224 214
83 138
162 140
192 94
47 249
204 206
8 209
169 163
286 96
245 134
136 207
312 286
295 205
36 145
82 8
268 142
35 76
77 178
82 242
292 208
197 261
226 307
232 49
290 8
204 45
212 199
225 114
268 80
13 21
141 155
51 96
4 285
72 279
192 60
192 204
196 185
64 39
233 127
17 311
100 197
156 97
223 47
294 268
73 33
11 130
197 249
261 182
236 52
2 230
