2500
1316 1214
893 2407
806 1113
949 2284
1933 555
66 694
2426 1700
2050 1445
2297 203
2353 1900
1368 1037
1995 1913
462 2467
113 1917
932 735
1350 332
2244 718
1875 284
1505 1694
371 1709
2498 2462
192 728
2454 916
1587 1780
1050 1320
1671 1217
1832 887
1849 1986
171 1073
2117 527
1303 145
1097 2151
2385 2378
1575 216
2459 2199
357 855
1752 452
1269 2187
1592 104
1080 1374
109 1802
2197 1479
1201 540
2413 2230
590 273
166 2368
1019 1509
811 1163
2489 1514
1665 1397
2144 1449
557 1130
148 1564
588 1301
101 886
1135 1099
828 2180
95 2418
1627 1858
2372 469
1583 936
663 18
498 627
603 612
630 1641
558 2055
1626 2217
2146 1282
1605 1901
1020 2394
1014 955
2395 2427
938 2105
4 31
809 381
470 132
403 85
2018 742
2168 218
1582 1318
84 1468
1614 1824
1382 1435
380 1123
1547 1542
695 101
1196 1974
1920 746
73 1028
2037 2128
112 2328
1752 1651
499 1355
2146 1600
1046 1283
1205 1756
868 471
1040 1796
2172 2194
1052 2236
1939 2187
207 838
1809 1296
1950 2366
23 2311
2030 569
1083 2244
2489 509
1690 1643
1437 639
737 100
1093 2092
2291 750
2091 1517
1099 112
478 2179
907 819
1786 74
654 316
435 2150
715 1951
2002 673
1316 2206
2451 228
1428 266
1419 2426
566 545
331 1487
1055 578
2262 1360
693 981
841 383
793 1079
1751 1966
943 1109
1778 1384
2105 2402
1567 958
6 1986
2208 2445
1595 2427
910 2287
438 1524
1417 1362
1060 1623
296 1829
2134 1908
105 1483
762 14
1090 1910
2254 216
2414 1338
1010 2462
127 2494
2186 302
622 377
1234 1601
2349 1992
32 703
1056 580
291 1565
1553 1296
2177 2314
176 974
2123 2052
811 624
1653 2138
2162 2281
2131 1991
278 320
1893 1665
411 2356
59 695
2046 597
2292 2024
1078 2320
2195 1053
546 704
1804 858
1925 783
1172 1763
1960 1197
889 245
2196 1011
495 511
876 1246
1512 636
1431 167
221 573
647 439
2154 199
2134 1513
847 2215
984 264
2439 2440
1038 2263
1003 1868
2326 2409
1141 903
1288 561
1807 1904
556 354
1806 349
1934 1118
1943 721
2198 79
359 1720
489 933
1717 2336
286 1519
1170 1022
2246 1867
2031 312
1515 718
1032 1876
816 1773
7 2388
2248 1297
2248 2407
482 1383
940 1860
1918 358
1462 1866
2250 732
1206 1492
154 239
884 446
813 1101
1617 755
2336 34
803 1861
740 2448
2492 666
1843 947
2283 1825
1506 2481
11 780
1833 1530
211 27
65 1502
611 1993
2140 1757
954 1714
2483 2016
975 919
1422 1199
2112 1038
1401 570
229 1154
59 279
1334 1232
1652 163
1640 2339
1358 1688
106 1335
714 2455
1564 1063
604 869
1844 459
684 1405
2473 1439
127 725
1769 1979
2053 1799
150 33
321 297
2182 2135
1020 1780
24 1411
2163 1995
2200 1839
2017 1208
213 655
1414 405
150 1465
1306 2428
1690 1820
1622 2173
1198 1057
1919 2301
1861 12
240 272
543 2328
27 877
1696 117
1876 2325
305 2017
2100 1813
1383 189
564 310
807 2015
1533 2074
1245 1009
1921 80
1769 1504
946 855
1110 931
607 1788
168 224
1643 1372
135 101
291 2157
1945 1194
1649 1867
1747 176
627 1976
480 1596
1254 1430
119 282
1803 1438
1259 1258
1142 2047
246 2423
888 2281
2465 755
542 688
951 1171
276 1272
1179 2001
2482 1611
1615 1804
2256 1932
1310 2253
1674 924
1429 1649
1790 1852
1710 2366
1996 1017
407 777
843 2304
2275 1309
1494 1828
472 1893
1689 861
477 1261
853 121
1538 2109
2026 1557
1817 1501
1266 1586
1672 79
2136 1844
437 2084
202 69
2431 1879
741 139
1914 1973
2166 2441
1733 756
1685 1215
206 400
1542 820
1792 971
1244 2460
340 2341
674 643
289 203
1103 2241
2209 2370
2192 596
2458 2496
2123 1207
2062 594
180 2224
2203 572
804 1754
2335 25
1403 1045
325 2272
2035 434
743 913
1284 2469
1249 2135
1891 1436
771 110
713 1729
1798 676
1402 1744
29 774
2083 875
962 2069
726 2267
786 1675
660 1779
1308 2108
1810 1724
677 201
719 2164
94 1077
2318 1583
1865 2446
2418 2054
620 1107
524 925
1798 667
626 523
387 700
1760 624
782 1319
2127 1415
2057 1822
1599 343
2035 1938
2269 255
1427 97
1304 920
19 767
576 290
544 381
180 891
1180 332
1692 599
1 2106
921 1435
129 1155
810 2304
1168 2410
2499 1982
2475 1849
308 43
996 1529
2396 896
936 990
681 1878
2073 2282
992 676
2062 173
2337 417
535 461
261 1292
580 1404
298 1016
1036 2430
416 1702
1476 520
536 361
877 524
1537 1346
1672 1067
1084 1883
1502 2061
1709 817
1723 2158
517 830
1353 419
195 1578
1611 394
995 2167
1645 621
2369 1289
91 425
843 787
98 1677
1058 1120
2197 722
2439 1000
268 2011
773 2050
190 1730
662 1287
1497 2165
2235 1372
1953 440
1043 2183
2370 465
2070 1545
1612 1841
2067 1846
797 1485
399 419
301 1880
982 1929
2220 505
682 245
752 1963
983 396
1571 691
702 1748
1882 177
2344 2481
1134 1375
1160 2292
951 977
2490 300
1481 2325
1837 1667
21 198
801 2168
2393 1456
533 552
1889 1601
1302 679
1952 2390
153 1588
1067 2377
2456 1770
346 2326
1384 876
71 1425
3 1295
384 810
1895 89
610 1716
2189 131
758 2470
1350 1305
293 1081
2148 311
147 2212
2354 669
97 2293
493 1317
184 1221
16 165
1459 155
1078 767
1604 2274
1336 549
2310 1070
2129 234
1364 899
883 2005
1226 416
1329 1936
91 709
856 2159
995 2399
1118 278
1094 1165
82 1968
2432 342
586 1795
1164 1972
704 68
553 1309
1974 1714
2005 1920
1360 858
2386 1505
2236 115
1042 96
592 1055
2283 1783
2081 156
1817 1570
1764 1293
1066 973
866 1797
120 1818
494 2137
238 1058
1494 2411
2240 917
660 1365
2261 672
2239 673
421 1705
1148 409
1094 534
2361 1916
914 198
1830 1761
1815 219
2237 2190
546 184
1650 225
1941 565
1467 1346
1186 781
1489 1680
1172 451
2049 2003
2233 1283
1410 699
2379 1834
1420 281
920 708
1279 1063
2161 1273
856 71
867 2350
2037 2085
1831 1629
148 2299
372 1563
1179 1130
1890 979
382 1064
1216 889
275 1046
345 259
250 1344
84 481
598 1998
619 3
1286 738
284 887
1393 1926
2093 1266
403 1931
282 1083
2443 1104
475 801
871 2321
2317 313
1793 2364
498 1128
352 515
1393 929
2071 460
2445 985
2142 385
2432 248
2486 171
1138 1141
272 2414
92 1550
733 149
1625 687
985 2349
1168 400
2114 430
1725 1663
390 205
488 935
70 1544
123 491
969 1945
1640 1192
303 1534
1812 353
568 1878
1230 1943
850 2064
51 662
980 2093
2264 2096
1394 2084
2438 439
874 1864
185 942
943 867
1579 1466
753 1522
2170 389
1370 1998
1513 38
1110 1588
1808 2399
505 2047
999 1253
2180 1534
422 345
1678 172
334 1100
796 2039
1140 1145
445 241
452 1258
424 1211
1294 1818
165 1465
7 794
161 2348
752 631
2364 1054
181 1228
652 1131
373 1673
760 1325
2032 1488
15 514
246 1253
86 2238
830 1969
309 1227
904 1753
1042 668
2424 2012
2020 2357
2225 2280
115 1134
603 1019
467 1823
1988 1624
1127 1659
2477 1025
258 1213
2444 1436
2300 1689
682 1068
1897 1092
629 2335
1830 2256
1759 607
2157 1614
183 1981
1719 2444
1357 2386
34 1158
2466 1342
134 655
1443 1088
911 1996
387 2443
315 1044
2313 1421
930 461
1256 331
1520 322
743 734
2412 2165
969 1708
2484 2429
1507 2477
1707 1305
1955 1540
791 1555
1954 1999
2159 1845
554 1898
605 2421
2329 1286
1746 1682
41 1527
628 1076
1531 885
990 1243
451 1244
1848 2004
581 464
443 2408
937 337
870 2487
1013 389
1323 110
584 1240
1750 2126
354 1178
2428 1842
1012 1961
2052 934
1819 916
1881 1143
610 36
764 1622
1221 186
1133 2128
1924 1473
1581 386
1620 1260
2133 425
1641 329
1033 1307
187 359
845 1834
757 481
1370 1833
754 386
502 571
251 2461
1563 904
2182 1275
1424 1387
1616 1731
401 357
152 15
327 435
1976 2149
1128 772
1942 837
2270 238
1913 487
466 390
823 1527
2461 940
85 563
600 402
2493 1345
2300 1486
1983 1322
8 949
1726 2253
1937 2095
1949 522
182 532
2359 989
258 1470
1762 445
1788 1500
6 1552
678 692
140 1218
2307 1443
1532 123
450 125
1841 638
2452 2208
637 2059
1685 818
1739 536
1497 175
1989 462
1400 1994
1559 1609
1912 1758
1463 1184
1525 1293
1980 539
307 594
2327 668
484 972
1111 1934
1129 1713
1926 2139
1363 1935
2160 1457
646 2054
1082 1832
1923 632
2007 2217
2229 154
1460 1874
776 136
35 1851
1748 893
1016 1455
2191 1073
2431 133
338 1292
1660 1843
1126 1572
420 20
846 1481
1854 1540
1332 2388
1412 2398
535 90
423 1644
1873 1930
1381 5
508 334
1417 1750
2116 2460
1153 17
980 1896
913 2111
1558 310
634 1258
838 548
765 2262
2238 1371
620 2466
640 573
2389 1297
2381 392
2423 2156
2028 736
1217 214
558 2273
1823 1771
1508 2033
1415 1041
731 852
63 2314
976 1809
798 1954
106 529
66 559
233 1751
1646 1490
1431 28
1204 857
521 1195
648 547
1121 398
1795 598
2063 503
1445 294
1836 237
1448 49
339 1870
874 164
2066 1793
1896 2373
1618 1925
1177 1734
812 2293
2026 471
815 2101
1005 1985
2127 1162
239 1202
1319 2191
1884 393
1271 147
270 108
236 114
665 227
1463 703
2120 711
590 1189
945 1473
2179 1399
2334 674
363 2331
873 231
1574 1242
998 2305
214 1154
449 1387
552 2092
356 779
1219 1459
1584 901
625 630
518 1903
1743 1654
747 2199
2144 1114
744 1749
2022 1104
1210 792
1671 1498
306 705
1029 2412
1480 902
1546 875
1469 2471
5 842
260 55
1768 2073
1169 1149
896 1496
735 2094
2472 426
1706 2275
670 1928
609 1065
1595 2219
1048 555
2115 2061
2065 2447
1919 75
279 1026
344 978
2225 608
1621 1075
2147 1799
1654 2209
1603 248
1410 2113
202 1276
908 1484
1541 2296
860 723
2153 2040
1299 2051
1068 474
304 942
1591 1787
941 1911
642 368
1021 1514
1679 1541
2273 1633
1594 786
2324 987
470 2129
2280 993
1736 2151
442 1307
818 1420
1655 1438
271 2389
479 2442
2495 763
872 1158
1606 512
1135 696
611 1518
1667 448
637 596
2436 526
1096 1252
262 1401
1516 1691
1140 1355
2231 635
1127 382
567 1390
659 330
1218 1856
1698 2274
915 200
2467 2464
1482 1280
800 1508
2224 2282
1620 1533
1575 1687
427 1660
833 522
2279 371
1122 724
1271 2476
2194 2259
1378 305
1084 1320
1428 22
1872 2239
625 502
1862 700
1392 675
268 204
1550 1775
953 979
1146 1147
1983 1992
2500 1422
1314 1827
2068 1444
1531 1342
2459 374
1080 2420
1243 1792
2270 2377
408 1639
1488 1155
1814 57
1837 1573
2034 832
1971 1636
490 183
1842 1407
2172 372
1984 53
2382 19
2118 299
162 2411
2056 30
861 879
2316 141
2231 659
2255 388
1348 2132
113 641
1432 300
1886 143
1855 1987
955 479
2000 986
2173 137
1972 2079
2211 1589
410 947
2340 57
2212 720
1560 1742
142 748
298 1912
1457 1454
1911 1102
809 2415
1167 1190
882 1637
1049 2442
2229 562
2008 583
2397 1263
1339 1461
725 1181
705 1686
69 531
2322 1340
2347 122
1590 1894
2149 1479
1338 1399
1883 2078
412 2252
2103 1408
1673 1200
2053 237
132 1487
1112 1098
47 144
648 2036
292 335
2056 233
1978 1301
2446 609
363 296
468 30
1711 1433
1711 217
1278 1187
967 2138
1915 698
1109 1328
1478 2025
1300 792
871 139
326 709
549 322
619 1282
1326 271
2310 667
946 621
1183 1317
295 798
2488 2060
591 1071
44 1805
1012 287
1982 1500
1635 1479
312 937
473 28
790 785
377 102
779 2107
2130 449
348 1633
1352 1143
2171 698
223 1704
680 2376
1868 766
2384 618
1713 1098
2451 1112
273 2381
1918 1971
1362 1674
1368 1373
1526 881
639 1610
13 575
585 2055
1315 2083
1877 642
751 872
336 2340
772 2094
2277 1509
2243 475
514 1504
2115 761
157 775
1894 1961
797 1891
821 370
886 1923
1444 2308
31 444
1183 2415
2337 1623
1777 2232
777 45
806 1373
768 623
1328 88
1041 845
193 2041
159 2060
75 1555
1268 418
420 1580
1602 2072
606 358
1639 1597
275 1061
781 681
1306 1256
323 68
733 1074
1156 649
1930 1447
1343 1281
506 1071
241 1201
208 1437
1173 1825
633 965
1423 327
1451 1222
1050 2266
1477 1978
1816 2019
459 1194
51 2385
1855 1812
457 107
1851 2202
1451 254
1774 986
2474 1886
1682 1678
2211 1207
2362 1439
500 2030
1858 1347
1774 650
961 348
1007 517
1388 2163
1132 1182
835 443
2266 313
2076 844
1013 572
1045 1940
108 209
1630 827
1683 922
1136 2041
117 1666
865 1636
747 853
623 960
1015 1290
208 1642
2234 731
771 582
265 1452
1493 1430
135 256
1736 586
191 46
671 653
316 1847
50 36
634 385
1018 2463
318 1805
1074 679
65 2448
1394 960
1027 2375
1380 799
1418 350
2193 644
63 440
1132 1054
1125 1390
2476 507
1024 454
839 2276
2108 1144
1965 1707
1615 1358
2089 1728
441 1737
1181 436
2057 1148
182 2264
1693 2485
2480 1594
119 179
1727 194
974 1914
1652 2433
215 892
1220 2288
2306 1478
2029 1789
2216 2375
1344 77
1816 1225
450 2242
395 103
1869 885
1884 1726
1075 160
1264 1010
918 941
1406 2464
1031 2327
2210 40
1312 2487
391 26
1635 54
1948 185
1664 1658
2101 1626
1680 453
422 2420
1759 2200
1632 761
1002 1839
2387 2160
661 1150
1464 196
2102 1838
170 1676
1057 1791
314 1907
1899 1997
1413 684
267 652
1423 1810
952 1354
2380 1374
2 1835
410 2171
2338 529
1418 250
836 367
647 509
1335 1577
467 1131
1108 820
550 1662
2002 1129
1091 696
2051 388
1495 2011
356 209
1616 1331
1619 92
1114 2430
975 122
49 527
1941 686
164 1247
1577 716
1845 2007
1199 511
2250 1870
430 1630
1777 823
1161 2486
804 205
2299 1211
1450 2076
840 1846
805 207
2203 288
1029 2338
1185 179
1645 2028
404 1008
351 928
2295 739
401 814
1036 2014
1973 244
1767 628
2324 2309
303 1871
2185 1230
602 178
1569 544
1433 1236
569 1311
14 211
54 1857
2102 516
622 1730
1668 2125
1784 2294
2355 689
1174 1482
2223 790
285 1474
1343 968
2077 991
2222 907
1260 2038
1703 2177
376 2088
721 1871
2271 852
530 707
2435 978
234 13
347 1069
1760 1072
1991 758
276 340
1807 1556
1558 1426
1693 151
1596 1265
1747 849
1311 1053
1993 1294
724 2434
1675 537
78 1188
2265 1290
2219 1935
658 992
666 895
923 265
813 1648
2122 532
131 78
1539 2090
952 917
1960 316
37 107
9 93
1874 328
227 1506
794 45
236 2021
945 1688
1363 137
553 1270
1392 2044
429 729
2133 1162
973 711
2058 1299
2434 16
277 690
1178 1866
1093 1006
2111 2302
1188 1302
1499 1593
751 2233
380 118
865 2207
680 295
663 2363
615 226
2491 1327
1882 601
2213 1441
1937 116
1684 1708
950 2114
1782 329
862 1753
1906 2465
525 1651
1096 86
1495 1359
100 991
2416 200
2353 409
1977 702
379 734
1738 341
404 299
2478 883
1958 2474
2046 1965
493 242
909 2392
1251 2103
595 753
708 2387
890 374
2185 1797
1235 971
963 846
1959 1097
1681 1733
1931 1033
2308 2447
1035 243
111 1631
577 1987
1857 2249
1669 1706
1746 851
2166 1367
1349 1744
1741 888
1826 1133
39 2021
2479 589
1378 2082
1761 1659
601 462
1848 2245
1137 1219
2303 923
1257 489
1663 788
1638 1470
141 446
1720 837
2416 1644
2488 691
247 1953
2287 13
173 2404
864 190
742 1781
2320 2169
826 375
1332 592
2345 2216
1288 1536
25 1731
1696 2118
136 2453
1574 2382
455 1468
2086 1139
2119 964
1722 301
1446 2260
366 2255
1816 1157
754 787
242 1571
1396 240
762 2178
1159 2500
2043 1032
616 1963
222 491
1079 588
1247 1002
551 1125
1749 1061
281 40
884 560
2174 2268
456 1403
2176 1887
1171 497
1210 2278
1298 1333
1944 77
1496 306
906 90
2175 784
2214 2267
1875 2249
1525 252
2277 277
99 1059
263 47
1662 1087
2044 1608
421 432
658 1376
1380 1174
1559 263
104 1238
1121 1169
1340 759
48 2419
158 2441
2097 1507
1990 1787
1051 1879
944 912
2440 2315
582 2145
1308 2483
196 765
567 444
315 396
478 685
376 1773
1704 953
1957 631
827 710
1461 2315
2078 892
664 993
561 1446
805 1049
650 1756
53 1569
2374 1318
1366 736
638 2001
964 1212
1398 938
2433 497
1223 854
1966 906
402 2289
1402 2288
2169 1762
2456 1692
232 1193
584 82
2391 2350
533 1967
934 1958
2099 927
1214 1233
1103 1910
2205 167
2390 744
2004 1013
706 22
899 1369
720 2251
994 2117
683 658
1821 2095
1902 226
2162 1153
1397 142
125 1554
1997 1783
52 1011
1107 796
1186 1304
876 930
2170 2331
593 510
831 803
294 2152
800 1395
2437 1946
2379 1440
1808 2469
333 2332
1389 283
732 1432
60 1146
1224 1828
1314 1631
2332 504
197 814
1396 275
1522 1163
1806 1929
2306 1030
699 323
1228 717
697 2452
1695 353
2360 773
2232 62
2394 405
1523 161
1619 370
2220 194
423 1782
1829 244
1785 1872
2425 413
840 215
414 1742
1969 1353
1325 260
1734 2018
73 500
1717 1351
476 2290
251 1467
1245 1637
1699 1657
1697 1661
1081 976
2276 1562
1557 540
1771 1903
2214 651
1754 10
1377 1429
831 1628
1100 665
926 657
1485 1150
2482 2202
880 42
1123 677
2296 70
308 2371
89 1170
1657 1722
1684 2341
220 337
494 391
1480 2048
656 1789
1454 336
1413 169
48 2333
1371 2191
1185 483
1993 802
392 999
579 1007
547 1279
1683 1241
433 1538
35 1048
62 1177
1735 924
688 364
2121 1267
2190 1165
1391 1593
2473 364
737 2059
957 1765
193 314
2424 2246
2065 1716
8 2183
1989 2371
1613 2089
2067 1027
829 693
2027 1062
2354 1313
2301 775
1464 557
128 2201
1940 253
807 1086
485 1484
2082 1501
1313 103
2080 749
255 2242
394 2285
1024 2009
664 1333
1732 488
83 2099
577 2040
1357 1779
2455 2122
722 1607
2228 1565
2025 317
412 891
397 2243
1598 1695
633 1822
1952 1231
1264 187
442 1568
2000 1887
1004 2367
1202 61
2126 2090
324 1220
1416 1862
1694 1117
2401 616
2313 1108
717 379
474 1625
2303 1078
486 959
748 1892
1442 1187
1182 1852
836 568
367 768
2496 280
1561 1758
55 2258
168 1021
1528 1632
1280 701
2472 2189
1610 910
2119 1510
1902 87
1330 1916
745 1901
1235 2260
1267 849
1156 458
2352 1250
678 1814
58 1472
1265 463
1895 1341
1026 23
454 1745
957 1948
210 987
468 504
118 715
612 1721
793 727
1122 968
129 76
1520 1907
1069 342
174 539
2297 2176
319 2112
436 1604
1591 1556
1348 21
1697 712
1873 1546
1725 719
1579 769
1382 330
2450 1629
2023 2186
1767 46
1518 749
878 1979
1356 1794
428 2227
543 2403
2207 1367
1584 2391
1536 1776
1248 1687
2175 2322
565 393
597 157
1580 463
2125 2245
181 645
1408 167
1453 2038
1281 2077
1927 1196
1222 2468
857 326
1881 911
2140 1899
1836 525
338 2031
1796 1329
915 589
933 1102
2058 1206
1917 102
1419 932
757 2071
1405 587
583 1539
1865 1421
1553 1658
217 433
2421 1732
1740 1095
2400 302
615 408
1298 2330
1492 780
1124 501
2395 1404
2339 2235
1638 1238
570 293
2351 1587
2358 656
1 644
1890 2404
745 2484
1025 518
230 2453
1486 1768
783 931
1727 210
2417 1060
247 654
1863 1821
2120 2012
1766 508
2113 2152
1151 728
841 578
526 859
1009 1794
225 1549
828 2218
1159 1224
1275 2458
2363 2075
1483 1859
99 1184
1038 257
1701 2234
1957 740
712 822
485 1921
1285 2080
1406 1237
1152 362
2070 1240
1312 170
977 802
1984 595
2479 1126
2064 292
253 1609
576 2009
2396 218
1489 13
1975 1284
2201 997
1331 2372
972 825
2124 492
563 1813
96 1391
1819 2497
1573 788
774 2492
383 1517
269 575
1006 713
126 541
1612 545
815 685
1962 2376
219 2422
1065 2278
38 1928
1548 317
2252 149
1947 1863
873 56
1356 151
1106 1515
431 11
2221 2383
33 2392
420 375
1375 824
324 1582
869 74
1272 523
776 1970
1955 1242
580 1599
2291 1892
249 554
2437 1670
360 1434
741 683
1503 2478
864 2398
1664 1498
2319 1956
2014 2323
1994 2223
642 476
1105 1070
2045 418
192 2226
1815 2228
2321 2240
232 2022
2008 866
1365 1718
562 369
2436 280
1209 579
1735 1472
1164 429
2380 935
2029 1547
2156 2403
2490 1261
17 415
636 175
1252 919
2181 550
2247 2221
1888 10
617 417
1898 1395
206 2413
2020 2272
1136 1491
1476 1152
1933 178
1115 2087
197 1326
2383 2419
2378 1014
618 2254
1352 44
1729 1511
849 2032
1351 378
844 1270
1562 903
274 1549
1251 1888
2091 2312
1715 1263
2429 850
1598 1176
1116 1702
506 361
1705 204
982 1257
328 1909
1310 2316
1092 1764
824 1790
2397 1166
1885 1765
347 98
2344 2323
970 72
1781 2098
1827 670
333 1544
1082 1999
1968 2155
1105 2493
1377 2361
496 833
466 2475
264 1897
1085 368
881 1906
645 259
1964 1173
414 472
2269 530
2450 900
641 346
1905 360
1361 1967
1175 996
2139 2499
1031 2075
1755 643
1190 1977
1850 1426
1028 1076
1022 672
321 956
1425 1276
1621 922
235 1167
2359 1089
212 1719
848 1321
1198 2284
1701 1448
1656 918
212 880
448 571
2319 126
455 1160
2463 1147
438 2010
1908 1337
186 2352
1526 270
948 42
1452 1956
116 290
625 1030
1223 585
834 341
908 7
26 1772
2286 492
2132 1778
140 2373
2286 1824
726 1602
2087 1655
2457 2384
501 1268
1066 2131
1985 997
1236 914
1535 1434
166 1145
1062 1679
457 114
2369 1951
9 2494
832 365
158 950
2184 191
687 2449
2402 431
2226 1589
1193 1706
1516 121
1975 692
2365 2006
406 870
587 2110
1209 551
900 4
2405 1543
1389 257
156 515
2010 64
1524 738
1090 1376
477 50
1427 591
1203 2130
2342 41
1113 969
1543 593
1647 2204
2081 1475
2145 1755
152 2343
1064 39
1677 64
2069 1642
822 894
1856 1606
1512 83
2251 649
1811 1715
1691 81
2015 1386
1523 2210
124 407
1576 791
771 335
230 378
602 686
1407 1197
534 1385
2237 2263
1772 898
2491 1578
1477 2334
172 1618
716 499
18 1039
2290 228
2495 2027
528 269
2346 835
1597 926
319 2408
274 480
366 604
428 739
2406 2285
789 1212
283 954
307 2039
1718 1944
1568 1511
894 1035
1490 989
1324 2206
1023 1456
2333 2358
1343 2425
2 2213
657 1743
2422 984
829 2137
304 1608
2360 2196
1359 1900
1712 453
1215 2143
52 939
1927 1922
365 1561
496 320
826 605
2351 24
948 1321
2318 967
2356 1607
1831 95
1775 2184
231 1560
2006 144
2088 770
1959 879
88 927
512 730
2405 2121
286 1474
2497 1835
159 2365
397 912
29 32
1617 1364
1239 1567
669 1345
1800 966
1051 2205
2106 2016
434 2241
406 1545
1205 1458
661 1315
710 351
2265 1627
1233 213
1981 1409
2204 1634
188 318
2023 868
1471 486
1570 1116
437 671
1349 808
854 2401
548 143
1521 1688
1411 1144
1936 1385
43 895
574 1287
1811 842
1462 1576
928 201
556 2042
1043 1739
2068 2049
1091 962
1947 1826
1047 707
130 1840
1277 2449
2082 128
1869 1366
694 1322
1880 972
1124 2357
1581 1234
1738 613
1037 785
610 2097
1192 222
1724 819
2454 1847
531 1044
921 2155
1189 287
1017 1226
76 221
905 1988
1119 646
1334 1369
20 2368
2406 424
1624 2435
1400 988
2110 959
2116 645
581 256
138 1115
1734 61
1040 1191
1548 254
441 1786
1139 130
267 2279
778 2410
998 878
2227 1592
2074 1386
105 1572
1347 160
847 1458
2309 1905
2311 349
1398 1700
2259 1646
2153 473
1176 2329
1089 58
1566 2345
538 863
1475 966
1537 1409
859 2258
1095 1015
93 1295
1648 145
626 120
1802 2400
723 188
162 1388
1785 153
1850 1175
961 860
1106 262
2247 1551
311 1942
134 1269
2330 1208
1288 199
782 816
2104 1703
2013 1904
2148 1077
1499 1327
965 653
484 519
67 1613
892 2362
1529 1203
1034 285
1255 469
495 352
398 1741
1745 2333
778 1938
2302 1668
2043 2003
1149 1180
756 2294
432 297
109 1039
808 1791
2218 2178
1255 944
2230 1783
1698 1250
1166 1274
2174 1939
395 2096
67 1047
1530 1323
1336 1515
2289 1195
956 1059
224 1860
1241 2347
2045 2036
1681 456
1259 608
2100 746
1909 1120
253 344
2393 848
2346 2141
507 1087
146 1119
1111 260
413 81
482 599
2079 411
1008 881
1086 1528
862 1950
1416 1455
2192 1820
1980 1723
1161 2042
1231 1686
1949 2485
632 1300
2457 177
1278 1854
617 1229
763 1471
1766 2195
355 1864
613 1503
1889 195
1449 1337
2019 2143
1447 1227
795 1728
464 447
1088 350
1469 261
1442 1003
235 415
1056 1229
799 675
1763 1213
897 80
528 1018
1254 2158
2142 750
458 2098
2268 2013
325 1521
155 970
289 701
1859 2298
1964 249
87 1379
1801 69
560 817
825 138
706 1005
72 2066
1877 1491
1800 1990
769 1699
2188 1412
689 537
1450 2367
1853 1381
2438 905
2086 12
1853 1922
2154 2034
2470 2312
2072 1885
2257 1740
901 1034
1248 538
369 513
427 925
111 447
863 981
1669 1721
1944 909
1285 1262
483 2048
1151 465
1023 1602
309 2107
487 1341
2355 1204
2212 559
1840 1101
1647 574
2193 1330
2063 2343
760 146
1776 1001
963 189
1838 1453
2257 1303
789 1946
958 1142
564 1510
994 834
1191 759
2188 513
133 1661
566 252
1493 1585
929 697
1239 1273
2161 1915
812 629
1962 2147
939 2167
362 1554
124 490
2215 2468
510 1072
1628 426
2150 542
519 1586
1324 1274
2024 1440
730 1460
2417 1262
2498 784
229 1634
1424 1924
2317 1600
1532 1585
766 635
1737 1552
37 223
1801 1441
600 1085
1803 714
516 355
1052 1519
1001 1666
288 220
1004 1605
1770 399
882 1277
2298 1379
174 1220
2348 1216
2271 1566
2198 503
795 94
2261 1710
1535 460
2480 614
1361 520
1137 1932
343 1138
1291 1656
821 614
1757 1414
1246 1603
2124 898
2409 384
1157 169
1676 2307
1225 1000
988 2305
2141 1200
1289 851
1590 764
