2500
1833 1229
109 1844
1862 1980
716 766
322 2246
2360 1305
513 1317
2226 2059
1532 2180
2400 1945
993 2179
1363 91
1680 1849
1279 921
2373 2108
2162 501
556 764
1544 1512
1659 809
1287 1012
243 1081
1677 1826
1039 2409
2306 72
219 1411
1273 839
328 1845
156 1483
2261 856
2156 960
223 1460
2059 1077
873 1538
41 727
673 2312
70 1219
1450 445
2429 1353
2083 2097
431 1813
1919 2310
698 563
2186 666
1481 2486
1341 1129
469 1467
1125 485
519 1548
1786 1280
1941 371
1868 1400
2024 315
780 647
1978 1822
1197 1526
1103 385
1448 1224
1956 922
1222 1442
1653 762
1438 1112
1435 1631
889 107
1357 259
480 1129
415 1114
2273 396
1953 944
1505 1376
1259 2485
173 1584
1922 1369
2163 2174
1404 1774
1578 916
2264 370
1453 1232
1997 192
1094 1979
308 441
414 2129
1717 2396
418 2206
1441 905
235 1009
2202 93
130 1474
1660 983
2301 1541
1344 125
793 1062
2255 1564
142 1335
498 309
1722 1437
2079 65
1316 2257
441 1405
2023 84
1005 1984
2130 878
1408 2467
1139 2104
696 381
2229 1808
467 15
881 1168
707 1909
2376 1072
622 1114
129 1028
2344 272
493 1263
2388 105
1987 2352
2000 477
846 1993
1641 273
1031 1449
2456 1170
2248 2018
1790 76
677 339
593 572
1203 1579
1489 1063
755 1264
1209 1949
301 1253
1156 1172
98 2337
970 2178
276 2270
2336 2273
784 595
185 1981
1289 1058
2480 218
2160 1260
1427 11
2395 302
2259 1044
229 1047
1857 2220
1342 1024
1286 24
2218 2233
640 1716
1984 37
524 1671
369 974
787 204
798 1480
1011 1638
1417 11
505 1501
850 1434
1179 1329
2219 2122
1507 2168
2380 1614
1567 1025
1161 1573
211 173
351 1243
615 2025
2067 1078
1072 977
1891 2182
1720 2184
2223 958
2017 2281
2240 436
1266 1676
2233 2395
209 2064
290 2228
1285 2249
2498 2295
1705 2232
871 159
1248 1462
1794 1956
2129 2443
15 1199
1029 797
569 1354
2500 1634
1414 420
1553 1558
362 2149
1822 394
941 1156
562 330
1311 2235
576 971
1283 1414
1540 806
168 712
1694 1243
1975 2021
831 127
390 1664
996 2203
305 2054
1438 1783
2493 144
2481 967
450 2167
687 376
2037 443
2153 579
636 1613
2152 1995
1656 2045
378 1760
298 1569
404 1139
2105 2116
392 1524
1117 198
450 782
1294 1255
673 2277
2332 1470
1836 2066
1955 1522
1649 1563
375 672
535 660
789 2205
535 2325
281 2357
692 651
740 759
799 1037
2049 2088
1030 1995
2111 1055
2417 2165
340 2359
20 1390
2195 1728
1710 2162
374 639
1334 2287
1540 1950
1464 1565
935 75
1108 965
1167 392
2431 1706
1898 340
1338 1616
2436 2134
1145 247
287 2003
1685 121
1788 274
1388 422
1542 127
1619 1026
1736 2324
482 1415
277 980
1668 1174
487 711
419 1589
787 1513
1627 999
2242 887
751 726
1865 2315
2263 541
327 1086
2060 857
2053 1274
217 1610
568 831
311 2382
25 1966
281 332
943 1887
1100 2323
2046 998
851 972
1930 2402
2127 940
1722 96
1420 1218
239 1829
209 855
1776 1524
241 1893
2097 626
2278 187
1058 1976
2062 2320
202 930
750 2259
355 2068
1592 1231
507 1361
2399 1272
2115 975
1001 2207
1338 905
2026 2476
2289 1513
183 2153
1053 1486
2039 227
2047 2258
2485 665
588 488
101 1999
434 1605
1677 2107
1840 320
12 2114
602 684
1378 1166
2446 404
2276 1186
126 2347
2405 1020
1398 2228
950 1748
1480 512
148 2004
835 1652
231 915
1924 615
1842 2043
437 424
1873 1166
26 1825
2216 1577
1741 966
471 529
1362 1654
2076 19
222 1889
1202 1817
1618 2334
2051 1490
276 98
527 2349
781 1187
485 648
674 416
1203 342
2084 1504
1882 111
1746 1387
531 157
141 1915
1241 1726
1075 2102
1901 1271
2361 2028
1863 975
2215 1333
1092 1306
988 1086
680 1943
594 1562
2446 2217
2076 2500
1853 1123
1104 2398
2425 2120
1458 2015
2316 913
194 2291
1324 2011
628 717
1192 2498
113 1817
201 531
1720 864
414 175
696 443
2460 1796
1212 297
987 1666
1312 119
2250 1681
255 1023
395 861
525 176
1004 1136
1211 245
1751 702
265 597
2374 82
2110 534
99 31
2018 935
509 2428
1831 1128
1454 1448
1508 2339
603 643
2224 1004
1364 984
1495 1944
1744 980
548 1696
1904 368
1096 71
1536 869
1303 2461
147 412
43 48
210 429
1351 694
1852 836
1399 313
278 449
1481 1802
614 324
1355 775
2128 39
1403 451
430 377
1532 62
1569 1609
515 1477
839 879
356 317
2190 153
1847 1375
2372 2230
666 1372
2222 279
1932 2188
1326 1050
1277 783
1409 1810
2203 757
2322 2415
843 1617
1411 1875
1931 1712
1693 982
434 360
1028 2007
483 1539
699 1914
616 1701
84 1351
2440 347
619 233
164 1151
1596 604
1346 849
724 32
423 754
2283 1048
777 2154
21 693
2010 1526
1879 708
1509 1831
1588 2034
284 878
1016 890
706 46
986 1795
1816 45
2410 1416
883 393
680 334
1558 1113
1464 780
852 2285
529 924
1146 2363
361 1169
1180 1957
1331 653
959 2338
1794 2101
1620 2031
2245 2313
1461 870
1996 1228
2238 2121
19 1087
126 589
604 669
926 809
1151 447
881 1910
681 1626
1878 1750
1911 800
898 1363
258 1581
1971 884
1352 1088
1485 2266
2264 2461
2418 1334
1506 753
1922 1505
1834 270
1474 1272
1669 1457
660 217
1937 751
1781 526
2006 1254
1843 1792
79 1083
470 1498
322 478
930 2065
45 1960
1551 1240
2187 1786
1116 2383
143 631
1775 1347
1501 794
2448 2159
1506 1081
224 271
218 1679
73 389
149 1640
573 670
389 1228
1047 1135
1748 2110
56 474
462 350
1126 1946
214 1302
2232 1973
1599 1386
1412 44
224 1160
1383 351
1324 1298
1518 375
823 953
504 1268
645 1145
1189 672
1127 138
695 273
2449 2027
2001 846
677 891
1846 1595
1018 918
1484 150
490 891
1192 1566
1244 2188
580 1611
34 1697
993 1905
1793 352
152 2182
912 1553
1002 1048
945 705
573 527
2078 818
1713 1933
410 2262
321 804
1788 735
2373 398
1322 690
1567 1692
2080 2256
49 830
463 1734
1576 1737
1382 1063
1091 413
514 10
1755 932
121 599
500 661
1291 642
1706 60
1493 1400
54 1041
1094 829
1990 1690
2370 1315
2336 1128
154 2170
150 64
52 1964
2318 1269
1565 1394
652 2274
1091 1293
2262 1267
714 196
309 1804
1655 538
778 1413
2412 931
1702 939
1235 2256
1381 344
195 2208
1451 1320
2119 191
318 1663
1350 756
1584 1473
695 1818
387 2286
1809 2148
1002 1150
1307 2083
824 58
1811 1134
226 1239
1673 1920
721 401
611 399
2343 2347
690 1033
2102 805
28 153
171 1405
718 1355
242 746
1088 991
1603 1631
189 928
2332 1447
2050 1994
1212 36
22 2032
1908 808
180 1735
1204 2013
1617 982
1543 1636
1587 1854
2451 103
1259 1313
310 1645
2180 2109
567 1070
167 1323
2385 1150
1143 409
920 458
2495 939
2210 79
2264 2157
426 405
716 1253
1492 2098
956 2432
973 1772
682 2431
1806 260
2078 1440
374 1646
2191 1292
1108 2408
1200 1971
1260 1478
1177 1854
1749 1827
367 941
786 2468
550 1483
2213 871
1148 907
1582 1761
1452 832
2238 667
1733 2085
1246 1097
706 2206
524 2427
95 506
1488 2355
2137 1993
2375 1801
1560 1271
1972 117
310 2338
228 2176
886 454
2073 889
578 1521
480 2211
2264 1704
119 1275
39 330
1415 745
1516 2379
1133 659
778 2494
1045 402
2135 2406
2099 268
1785 2409
743 1998
1500 1828
344 2433
1296 2058
800 1497
781 2484
1515 1226
917 819
1819 557
1311 603
934 16
1190 2017
162 2251
1073 151
1470 1912
1808 341
1131 382
828 1009
1665 837
2391 206
514 2306
1696 1332
2492 208
2308 1619
1456 2052
326 911
407 674
1911 1262
2330 1113
2120 1346
1686 1688
2095 1436
1593 575
843 503
866 1182
491 1041
1340 2422
1711 2494
1059 2265
178 1479
1 2176
799 256
2205 1403
1256 171
870 576
312 1576
808 1876
1933 81
1787 593
190 2154
804 2455
1762 271
1035 1937
172 2253
2499 2016
2157 605
155 1777
358 1963
1749 728
1679 523
962 2293
86 595
2427 193
69 1700
1739 223
1426 546
1396 1606
1237 141
2464 1821
834 2349
1629 1373
1049 1215
161 2477
2354 554
2331 1037
525 679
860 2473
2169 354
2325 685
2077 314
2403 1184
1574 592
1610 1585
1176 2364
1406 1073
35 2491
590 511
442 823
280 766
38 2037
1903 1917
532 1851
1463 2225
2453 40
1359 38
1805 205
1320 1164
2062 671
888 2478
2048 2333
476 337
83 201
1772 2408
624 2411
147 513
979 183
1807 2387
1708 1007
1281 102
1528 1550
670 1764
1451 21
1056 1475
1390 1035
1877 2469
784 1224
1469 811
518 402
1330 557
782 1806
140 874
1687 1472
587 1999
820 2173
1057 136
2244 2345
74 2199
28 1421
1835 288
304 1835
1021 93
406 1261
474 1767
1864 308
385 2483
1781 2392
1353 1853
840 1283
1387 1857
2371 2473
453 807
812 1174
821 1534
1522 1633
1718 926
625 1329
2284 1196
703 1650
47 40
151 725
1980 1948
1284 2290
1433 908
2351 2084
1178 1727
386 1982
1768 1717
505 1645
327 863
737 955
1168 581
383 1621
2241 1690
343 1210
815 1957
287 1733
1870 2423
1815 196
165 1935
469 1159
944 1595
996 405
1709 1061
1703 1237
971 2090
2344 1615
999 1587
929 1065
758 1365
337 902
1053 1372
2430 653
1607 1841
1222 1385
530 757
212 462
2231 1724
1918 2167
1437 487
793 1634
1891 470
2145 1554
1371 2488
1161 894
1870 285
1753 561
533 288
24 1126
1902 1785
221 47
2412 435
2198 2140
116 190
2267 2243
584 2079
427 2144
1038 114
859 2227
1111 1630
384 574
605 1605
1196 542
2009 2403
2243 1292
1188 957
1220 622
2275 2158
850 2100
395 1571
1534 1647
2293 388
723 2346
1698 663
2019 261
215 1247
886 1581
1707 1452
712 2475
227 2057
942 1193
872 526
621 1288
117 2166
383 1989
1975 1181
85 1388
2175 1735
1987 984
331 890
1695 2386
736 2087
1348 291
1972 1085
2365 733
2122 1105
412 1926
1273 2479
285 2489
2023 1684
1598 373
1289 87
997 1060
1327 1498
1141 1879
134 1345
2366 633
1032 2146
1392 1305
2189 1366
2276 2148
1083 2220
238 511
2033 1132
749 678
646 2101
789 2414
2303 1328
290 267
813 2046
2356 906
785 2335
1288 545
2158 2382
386 2319
2075 683
575 2250
1142 735
274 738
2444 61
2489 952
1907 1713
216 914
1149 97
2117 2287
1580 2142
2166 2221
1106 1570
1276 267
213 80
502 381
163 1219
252 358
459 722
1499 1407
107 144
1109 1855
2492 1044
1227 2326
649 627
2133 577
1119 399
1208 2452
1751 1909
163 277
503 394
2050 2052
240 73
2337 2307
2131 2495
1076 1040
854 521
1970 182
2047 2437
477 1697
1738 336
1716 1006
718 1729
1661 2479
2126 1888
1270 2013
2391 788
1427 791
820 460
1638 998
1519 17
2369 1777
2467 2478
2231 180
985 432
490 1494
954 1878
349 2029
2105 1590
391 1315
1461 2163
1250 2449
408 112
2138 2193
46 729
1457 12
2165 885
335 747
66 992
1000 2422
2150 1575
2297 1648
655 769
1342 1503
1793 1213
18 574
2345 297
2150 649
484 893
2229 728
478 2237
1639 370
635 1517
468 1140
468 1520
894 1602
50 294
2465 396
2251 720
423 479
2436 2442
1425 1597
1284 451
1173 352
986 2265
2371 2406
2496 1181
1833 639
2144 2358
671 1281
1280 1494
2296 1389
177 1954
2440 221
1680 1213
2397 1380
685 1900
1613 1711
2225 430
174 229
1420 2016
2002 899
184 140
2267 689
1976 2237
1603 489
1656 350
1204 521
1294 629
969 1546
948 2009
697 547
1184 2447
2255 2451
1802 197
919 186
1242 1436
2295 319
1065 51
382 90
92 1864
1624 1779
599 700
2183 1582
2266 1080
1538 1120
825 1475
765 1586
925 1962
279 2000
1199 2030
897 1402
393 1517
2132 1493
2457 156
232 275
842 978
2242 481
2390 1708
2482 1401
761 331
236 502
1662 2421
1723 2384
1622 608
177 2191
2008 303
963 1067
113 68
2307 1354
246 1798
686 2159
228 1322
2196 896
124 774
1736 727
2315 1471
822 2112
1118 2497
1418 729
769 1022
250 1799
2199 883
1455 367
1872 323
739 1904
1801 1651
118 2218
1586 947
1536 1185
473 420
379 2239
2040 1630
347 2434
2480 2124
2329 357
594 1755
1968 401
2021 318
1886 1285
1268 359
1824 1689
2172 1994
1055 306
1307 1916
411 2227
827 496
1954 133
497 1988
282 730
2314 951
459 754
1125 1601
1034 353
205 1754
155 903
634 2
539 1221
269 2108
600 2169
931 770
2304 1473
486 2416
1364 1419
1977 657
719 1429
257 500
1731 162
240 1200
2348 120
1765 1303
562 109
1190 1621
1300 662
1827 2377
104 1918
313 1188
1648 1594
1033 1959
378 2394
2145 598
771 90
1566 2407
2087 776
609 1699
32 1601
748 840
2246 1238
1003 1921
709 2061
2368 29
1503 425
2240 734
2136 1051
1423 2424
2175 1409
226 1340
1550 1800
475 400
1071 1655
2264 911
541 749
2212 763
1930 1789
699 1052
1368 2472
1869 2247
1892 145
260 246
130 1925
2048 1059
2346 1529
99 332
1079 491
730 62
1928 1367
1062 2435
1873 1783
537 1874
408 1998
263 179
1160 747
2411 338
9 821
1885 1592
2264 1881
1232 2253
1430 2420
2068 1671
1640 437
1834 1865
2020 67
193 1572
2172 216
1859 1179
1252 2279
1060 61
2143 1147
1497 1815
2396 2333
1326 1952
1796 854
786 796
2313 2444
2452 1122
2470 2020
1383 907
618 303
2322 2299
1100 231
517 925
860 1725
1397 1882
1105 2073
159 233
2410 2230
1226 64
761 1771
1297 1275
2353 2224
566 1017
36 1356
2413 325
1314 929
1408 1913
1732 2189
110 142
2091 1290
736 264
1647 71
1692 336
565 909
1418 1672
225 2463
262 1007
1568 528
108 326
1502 985
1533 717
2170 1694
917 1154
995 59
508 110
2053 2239
1110 128
1001 305
1668 1516
1347 512
1325 1675
1867 1608
721 516
632 169
493 2419
1535 1860
824 1830
1466 96
2035 1061
251 647
1676 1792
1080 775
900 1101
498 2499
257 1642
893 592
1446 1267
1248 457
103 620
333 1279
880 966
187 1564
2491 598
1070 1424
643 1902
299 2208
858 181
1361 579
833 1726
1531 1571
2012 2302
810 1809
1444 610
2488 710
1211 2207
1402 1296
320 588
2398 1046
1940 1609
444 1075
1130 2151
57 452
1015 1678
234 777
1025 1775
1514 1636
1000 637
2339 983
1234 422
1117 1479
2070 1031
496 2350
259 1545
1476 172
369 2298
1663 1840
585 1468
170 795
2141 251
192 1557
1523 1895
792 1159
652 973
170 89
1884 397
1121 1246
833 1012
2269 590
1110 1917
1583 63
328 5
1396 1805
1356 834
1327 1153
694 366
2002 1747
2056 104
1238 2370
1939 565
613 853
1049 132
1431 566
182 44
637 1589
2109 547
1991 86
864 291
467 361
1715 553
1850 1966
2471 2430
1598 1089
484 1689
2264 1245
948 537
1575 1938
68 1039
13 261
783 581
447 2459
1304 2341
848 492
293 642
1082 1931
284 2056
2482 684
372 2294
1217 658
1791 2116
2181 1384
440 1541
1560 1914
544 1103
1766 798
741 1054
1910 9
1478 744
1945 2155
1134 938
816 1460
2178 549
1393 630
2194 519
2280 1555
2209 1926
1124 50
862 1339
2437 869
1310 250
819 1093
1593 1819
2025 2399
844 520
1803 1514
2063 146
1807 384
1800 2234
667 415
497 2252
298 6
2269 166
709 791
1054 1986
2303 1162
1424 125
752 1021
1574 2388
1422 838
2248 1158
2096 734
1982 2080
354 1314
2183 1217
1709 2156
801 2458
1454 1466
2044 899
1561 1143
1269 1520
1816 1421
681 951
857 1045
2486 668
102 692
1628 2272
1036 2034
1683 1764
2029 1886
2008 2196
2003 1715
1782 2401
2235 1658
2138 406
755 1559
1936 2490
1704 242
435 1097
1262 762
1614 1591
380 2438
1530 2334
1985 2314
1101 675
2160 1309
2236 1829
633 1823
2374 1935
620 1496
509 1016
433 832
2308 1014
862 1839
580 2164
72 55
1548 563
2214 1374
856 2070
132 1728
1137 855
66 1652
936 1723
2264 2426
1525 2209
2187 67
1600 2161
2275 1444
1249 409
946 312
577 2372
2195 158
697 1205
2380 1142
461 847
1951 2328
945 111
2417 472
623 292
779 1504
417 2177
561 737
1316 1757
507 293
1968 1547
1508 1352
1277 1823
2318 560
1413 175
1950 827
359 51
1487 275
848 585
2457 2407
403 2031
2393 2263
438 2418
1144 2035
612 530
1079 1983
1669 2369
321 1856
348 353
619 1417
1236 933
1821 1343
989 453
222 901
972 517
137 752
1330 2356
838 1769
829 1165
220 1476
1845 837
802 315
2401 763
1171 1641
1357 1964
989 1826
410 618
1147 2171
1750 2323
302 1214
263 2387
1122 2099
376 659
1839 464
722 1549
1943 772
76 2279
69 533
1242 910
35 202
2019 1842
596 1771
428 2260
558 115
2060 877
1310 2439
1637 1441
933 207
852 2069
2465 23
1978 2192
691 1730
1737 1557
2219 1779
16 1961
247 2476
1773 540
731 1183
688 448
586 1897
2033 1133
968 188
135 207
584 1244
299 457
1811 2381
2005 372
1934 249
522 2355
2342 2260
617 665
1467 189
1814 1435
912 2390
995 1765
1850 2464
1302 1068
1732 131
572 283
1423 2086
1455 1684
1458 339
1486 1861
1087 2040
1758 1076
964 2139
1445 346
2299 1929
2245 796
2064 160
387 1883
733 289
1085 25
641 1502
758 92
534 654
1674 2443
1510 2213
2252 301
53 204
1529 802
713 1752
1862 1778
1491 1365
1477 2152
1251 403
554 1866
1137 1440
853 1906
85 2147
390 2469
1662 732
522 1973
1034 2254
65 1138
1249 2014
1036 1180
934 1767
377 449
1453 731
1714 515
1349 801
1667 2285
1495 1703
2366 438
922 59
1556 1069
863 1208
953 612
1622 349
1906 1210
2226 1225
1799 1006
115 2367
199 578
2155 388
26 1889
5 1928
952 492
1996 2305
662 977
732 2141
1064 295
2202 701
3 805
1419 898
810 1358
895 1616
773 489
877 268
520 118
2093 1175
994 124
42 286
1019 1123
571 2331
89 892
1468 1523
1398 426
2487 1869
1298 1270
363 1626
1986 1258
756 120
446 2281
244 123
78 2321
1556 95
254 651
2004 2200
1719 1803
1893 704
253 2057
100 1098
919 1496
230 785
1743 1337
976 940
1066 88
1899 455
888 262
1194 123
2126 676
1488 128
884 923
2221 398
816 29
1258 792
2435 1209
2024 2361
1333 1175
703 458
1844 30
1064 265
1140 428
640 1967
2393 636
648 2364
1672 1738
743 2071
613 2321
475 958
1358 1860
621 245
1425 37
292 6
628 913
1992 1368
997 10
1295 1625
1109 1760
874 1552
701 2074
2210 2460
691 77
1345 1380
1790 2474
1095 1157
1492 1841
58 2376
256 1052
851 169
946 880
538 2091
1376 698
978 1530
1155 1489
148 1371
1832 1231
2462 418
1531 668
1644 488
711 1331
1359 867
1229 1102
1102 753
1651 1734
2392 1107
1490 1386
725 686
1938 1901
1507 2434
903 235
1153 876
750 1194
1197 1300
363 979
1287 1245
994 333
1043 2042
1264 400
243 1214
914 166
1691 2185
1463 1484
1894 1369
2441 203
1225 184
1983 1429
2217 1008
421 702
646 908
1370 203
1958 844
2283 1898
1442 174
767 1812
1861 1032
1154 1604
237 1090
1812 1742
122 589
1313 1745
626 471
2123 266
602 1836
136 1469
976 828
700 1013
1465 1759
97 2363
1851 1875
2186 2365
27 1934
2006 774
1407 465
788 906
2466 2090
1528 1135
1163 486
1282 1312
1635 2264
1784 1410
1321 2039
679 2311
1544 2490
1106 2234
8 1573
1459 1193
2115 582
597 329
1620 658
1525 307
879 2223
1632 1633
1837 91
710 239
2472 1825
431 1880
1955 206
220 1858
1239 1691
2111 2030
1577 2404
1183 436
629 1701
1215 2340
1628 2274
2082 569
42 2214
1343 1191
133 1618
532 1499
661 1510
452 1256
822 1913
1597 1830
1511 1551
705 143
325 1384
2379 1152
2125 543
1207 334
2113 790
1230 614
715 650
990 2092
1132 161
1301 48
1961 1171
176 56
560 1670
2340 1991
1406 765
1509 1428
248 1416
1127 253
18 744
2384 272
900 2113
1141 1883
1447 1335
1389 1236
2378 456
2085 1952
2439 957
1381 2082
2288 868
617 1700
1798 938
2261 2104
1250 1759
1218 2456
2071 2312
1687 1186
380 1308
1867 54
1010 1872
341 2362
1095 1678
129 131
2204 1155
1394 1778
1960 1837
2342 632
1884 2309
1757 1915
391 1030
1897 967
1227 1205
1896 373
1838 812
1612 1206
2114 116
2254 244
152 794
397 17
1784 719
606 1599
2421 2466
927 1962
2086 2094
866 915
909 867
2005 1970
1650 1848
2119 2471
1871 1223
1888 2132
1201 616
1753 1688
1299 1252
249 1165
13 1863
1223 2077
1949 2319
106 465
1015 1308
814 258
770 329
1967 551
678 2385
365 2066
657 1555
1431 1666
1624 2140
1568 2394
1848 623
1880 1428
559 1643
364 2447
1787 1746
2335 2352
1093 1730
768 2216
539 1685
1623 208
1008 2389
2036 225
1649 134
1763 442
1348 1116
1542 368
8 323
1810 510
4 2470
185 1545
1299 1988
779 608
1903 1027
160 2096
2212 1111
2386 1017
2098 1881
949 2089
1099 1412
264 1233
1752 495
2268 1432
739 1379
1660 2462
1868 1029
1657 1644
2022 2426
1445 2258
1921 1631
1090 1745
545 2249
876 1240
1392 307
987 149
317 607
1919 1040
1013 859
2139 2289
1683 1695
1768 2311
1824 432
114 1718
518 2201
2484 609
1074 1336
440 2378
826 654
641 1858
324 1912
1482 1082
495 2106
2413 283
1332 1367
1173 1323
464 1485
1257 1020
1456 1251
1741 230
2414 920
1450 1278
1942 7
1740 738
2014 1187
1170 342
1136 1010
2305 1051
1163 1727
830 713
868 970
1562 1686
1027 200
1780 2022
2088 2381
2092 1379
94 1770
439 1319
1172 2130
875 1773
2042 771
1216 767
1295 1430
1487 88
55 841
1328 494
295 1820
803 814
1847 1942
1797 582
2200 1871
494 2
708 2402
74 2294
1050 473
627 23
656 280
664 1724
2304 157
528 570
682 425
630 137
591 2121
2454 1439
145 2215
1301 947
106 635
75 1099
1391 1286
806 961
1124 1066
2007 200
2343 188
2428 638
1646 601
2327 1089
1169 1607
2326 1011
2420 600
1885 1149
2184 1981
536 2041
1325 631
549 2282
241 826
2330 1740
1758 1707
558 2264
1612 504
1572 745
1941 1667
356 2103
949 1594
2173 1795
2278 2453
2100 63
1176 1895
1892 2300
552 634
87 238
748 1974
1890 688
1344 1596
499 583
1261 1939
1278 1600
466 1963
362 2081
219 1682
2128 2012
33 168
1337 645
2397 1297
1908 1654
669 2425
2194 27
122 990
1843 607
1985 1399
1731 2146
213 2493
2310 2222
510 1144
2297 2058
1813 1627
411 2043
759 2423
366 296
81 1527
552 2320
1167 1235
587 80
1177 1084
918 1887
1925 1754
1138 1859
1953 1265
2300 916
1535 937
1997 2459
2286 943
1115 316
407 1084
1856 2136
2201 1462
2168 1482
1899 2118
1130 1074
861 841
2324 1712
936 1549
1500 1023
1673 2474
693 211
319 1924
306 2454
2036 1309
379 1729
2362 1629
198 1319
2268 421
1554 146
815 1293
2177 210
2134 564
817 768
1916 1814
956 346
1615 499
1233 2448
1382 1148
1776 1043
1570 30
139 269
2353 416
1265 2277
764 2271
2027 1699
675 1078
2015 1702
1539 446
2041 52
1291 1024
2468 904
2075 1446
882 928
1042 873
1905 1511
2302 164
845 2106
82 57
959 1661
817 724
2093 237
961 1681
1602 624
2135 70
2197 1742
282 663
1104 2171
1990 927
2298 14
100 885
1247 214
1433 1929
818 1756
2072 845
1818 294
1067 444
1274 542
466 571
343 424
2236 1923
1675 1693
186 2131
1797 865
34 1241
1206 1874
1927 2290
2377 2400
546 1643
194 2038
2292 1604
1207 1465
1664 882
2164 433
1341 296
448 921
760 960
371 2193
2241 2292
1580 1118
1158 2348
858 2481
1940 311
544 1946
988 101
2383 550
1721 896
1537 479
1014 965
1068 191
2419 2375
1877 835
254 1763
2125 687
981 2011
2081 1923
1590 1336
2151 2450
2442 2415
991 2496
1195 1350
2264 1069
112 460
1635 1791
3 992
610 1579
212 1282
2179 1518
1591 1378
1202 1443
2174 1969
2094 1339
1263 1846
704 583
892 742
248 1766
2181 1658
1774 1936
1907 2095
1743 1317
536 1026
31 2445
553 1832
2284 2316
360 158
2010 1739
365 236
2192 1927
1515 723
1393 1747
2416 2257
875 2296
1552 1157
165 1096
772 2197
83 1583
1762 1578
1491 955
1947 540
33 2477
2123 413
1443 954
1391 1512
338 1782
676 1659
2065 714
1625 2309
1152 1944
1639 1533
2063 154
1642 1849
2117 2270
556 454
1077 2001
2475 559
1003 300
2044 139
1547 2445
1521 1838
1056 179
270 2429
950 1725
902 2038
1257 1290
472 1318
501 181
1977 836
2271 1022
2049 2450
1979 1198
1896 1744
1071 1965
1385 1611
2463 969
2351 135
1561 1698
1360 266
849 555
726 482
964 895
811 683
1182 22
94 742
2432 644
2359 232
2127 1146
1546 1112
567 1
60 1828
2204 199
20 1563
1057 625
1266 178
1449 355
300 1366
2142 1537
1092 357
2045 2067
551 981
429 1191
1426 364
1119 1422
53 568
78 968
427 2354
2483 1608
304 1098
1019 2455
1038 481
1932 1969
2438 2329
289 2161
1670 2328
1439 2051
2055 1306
2137 2244
1304 77
286 740
606 2112
7 2288
2072 1401
1992 2061
1958 316
508 942
2149 720
1623 1632
1221 417
807 1951
2026 897
1220 523
564 2055
439 1606
195 1120
2028 105
825 1876
2264 2074
1890 650
1959 1404
813 1719
1042 715
197 2350
278 2032
1559 1588
1349 1920
1820 1107
2211 1360
2054 314
1432 255
2147 887
1046 655
234 1653
2405 483
1780 1674
1472 461
543 773
1370 41
1585 1761
2458 842
1789 1721
2247 455
795 865
2280 962
664 2264
910 1665
1900 746
872 548
1756 937
707 456
2264 2389
760 1769
2069 43
2317 49
790 847
1852 2198
2424 1018
1519 1318
932 2124
963 2497
2358 644
1321 1162
2368 1377
2301 2433
1543 516
2487 2317
923 1866
2118 2404
689 1216
803 1276
1234 2341
1230 345
14 797
1527 463
601 591
1189 1395
1410 570
2367 2441
1195 506
1362 2357
1198 167
1375 1855
2360 1894
901 2133
656 1947
1254 1115
596 2282
1770 1459
1374 1373
1397 138
638 445
1804 1657
1255 1948
1989 586
4 1164
924 1131
1185 1714
1434 1005
2143 2327
2103 215
1682 348
335 2291
252 419
2089 108
345 1705
2190 1965
776 974
611 1178
