2500
549 1214
71 2407
1494 1113
950 2284
1507 555
78 694
10 1700
2041 1445
2457 203
2353 192
1368 957
2331 1913
1192 2467
1787 1917
932 1934
484 332
2244 1649
1875 1582
815 1694
1556 1709
2498 1697
1410 728
1367 916
368 1780
1576 1320
1644 1217
1336 887
1849 1308
171 1367
2117 1836
1303 961
1097 1618
1620 2378
1284 216
2459 1504
1367 855
1752 1866
434 2187
1592 204
1080 2398
109 600
2197 1612
1156 540
2413 2216
1433 273
870 2368
1351 1509
2209 1163
1367 1514
1665 1033
2262 1449
1926 1130
842 1564
588 2074
1367 886
1135 1842
828 2355
95 1066
1367 1858
2372 312
1583 609
663 2464
498 1631
603 2009
630 775
558 1367
1626 1475
2146 2327
1548 1901
2154 2394
433 955
755 2427
1094 2105
1367 31
809 992
91 132
403 1916
2361 742
2168 191
1513 1318
2079 1468
379 1824
1382 2257
380 921
1547 2417
695 1119
1196 12
819 746
73 256
2037 1768
112 748
1536 1651
2279 1355
1852 1600
1367 1283
692 1756
868 2182
2032 1796
1897 2194
1052 1124
1939 1162
1601 838
2314 1296
1950 1820
1103 2311
1425 569
1083 1586
2489 1741
1690 852
417 639
1422 100
793 2092
2291 654
2091 1550
1099 2326
814 2179
907 2359
1786 855
654 1361
435 146
79 1951
2002 1708
1316 130
1190 228
1585 266
471 2426
566 17
331 140
1862 578
2262 1453
341 981
1367 383
793 595
1751 909
1731 1109
1778 1367
1062 2402
1367 958
1687 1986
2208 804
1595 1115
903 2287
438 2443
1417 1036
1030 1623
535 1829
2134 1955
105 2197
1367 14
1090 1224
2254 1367
2414 1194
1250 2462
1050 2494
1976 302
622 1574
1234 2103
2349 1371
1794 703
1080 580
291 1590
1553 932
2177 1603
176 2322
2123 2042
811 883
1653 780
2162 1933
2131 1188
278 2487
1893 542
411 785
59 1991
2046 1773
1367 2024
1943 2320
2195 2399
546 1025
2112 858
2006 783
2402 1763
1960 450
2435 245
2196 1367
1595 511
876 143
277 636
1431 1266
1759 573
647 326
2154 671
1234 1513
847 1788
984 628
465 2440
1038 739
1003 1963
2326 942
532 903
1951 561
1807 2050
356 354
1806 1830
1934 232
1754 721
2198 1910
359 801
1648 933
1717 783
286 524
1108 1022
966 1867
2031 1313
1367 718
1032 856
641 1773
1086 2388
2029 1297
2248 2163
1591 1383
940 1360
706 358
1462 621
2250 2160
1206 324
1159 239
822 446
813 24
1617 1637
2336 1584
1367 1861
740 2203
2492 1600
1375 947
1222 1825
2162 2481
2077 780
1833 2036
1138 27
65 1571
611 1106
2140 788
2107 1714
2483 1229
1 919
1422 1958
2112 1367
363 570
229 273
898 279
1282 1232
2072 163
2341 2339
1358 1367
1323 1335
714 1153
2241 1063
2291 869
1844 1164
684 2007
2473 299
127 2114
2368 1979
1367 1799
2045 33
1531 297
1997 2135
1020 1859
24 866
369 1995
1729 1839
38 1208
1367 655
1414 1568
150 997
1839 2428
159 1820
1622 1252
773 1057
1959 2301
1199 12
240 1390
2176 2328
212 877
741 117
1876 989
2115 2017
98 1813
1856 189
564 1440
807 352
520 2074
1260 1009
1174 80
1769 816
946 1643
1110 743
607 1713
1424 224
1643 869
1526 101
190 2157
977 1194
1649 396
1747 1538
627 506
480 371
2268 1430
119 161
1407 1438
1921 1258
1367 2047
2342 2423
387 2281
1483 755
542 134
2132 1171
2403 1272
687 2001
1367 1611
1177 1804
2256 1932
758 2253
1674 736
1429 1367
1790 1367
2451 2366
1367 1017
270 777
269 2304
1206 1309
1494 1597
472 2126
1689 136
1497 1261
853 198
753 2109
2026 1751
27 1501
1266 1473
1961 79
2136 764
2337 2084
202 1367
2431 142
1210 139
1914 1216
680 2441
639 756
1685 1750
1804 400
1542 2025
1792 1367
1244 2051
340 1367
674 1837
289 338
1103 712
2209 1345
1297 596
2458 808
472 1207
2062 1823
180 1843
2203 1367
1348 1754
2335 1367
1403 1746
325 995
1127 434
1891 913
1781 2469
1249 525
1891 1937
2374 110
713 380
1798 221
1402 545
29 2153
1901 875
1920 2069
513 2267
786 1860
1465 1779
1895 2108
1936 1724
677 1665
1200 2164
508 1077
2318 1457
1865 1471
2418 2105
2245 1107
1031 925
2183 667
626 424
387 1367
933 624
782 523
2127 1747
1367 1822
1378 343
2035 1542
2269 2349
1427 1826
952 920
261 767
1405 290
385 381
944 891
1180 1150
342 599
1292 2106
880 1435
129 2486
810 296
786 2410
1367 1982
2475 1652
1204 43
996 1884
2396 568
936 1167
681 99
1367 2282
2348 676
124 173
2039 417
535 953
261 442
1367 1404
1727 1016
1367 2430
724 1702
1476 2304
536 403
2367 524
1537 188
1672 1543
998 1883
1502 1630
1876 817
1016 2158
2469 830
1722 419
195 975
2097 394
1512 2167
1645 1203
2019 1289
91 813
843 1635
98 504
1058 536
2024 722
2439 1962
1068 2011
1931 2050
190 1367
662 265
370 2165
332 1372
1580 440
737 2183
2370 627
2070 633
1612 1367
2067 2360
1886 1485
399 1928
301 689
982 537
2220 1516
682 2155
139 1963
983 2017
800 691
2002 1748
1882 1489
2344 2496
1134 2208
2482 2292
951 1367
604 300
46 2325
1837 1808
947 198
801 1356
2393 1367
533 2101
927 1601
1302 2194
1952 1286
153 623
1067 875
2456 2205
346 63
1384 2448
71 361
3 2272
384 437
1569 89
610 176
2189 2035
758 562
1350 707
2000 1081
1441 311
147 1367
2354 1255
97 908
493 705
790 1221
1728 165
1790 155
1078 794
1604 733
1336 922
1324 1070
2129 1367
1141 899
1896 2005
357 416
1367 1936
1372 709
498 2159
995 1888
1118 644
795 1165
1367 1968
2432 451
586 1142
1164 2134
704 467
553 182
1974 936
676 1920
1360 820
2108 1505
2236 447
777 96
358 1055
2283 1367
1290 156
1817 674
1764 2472
1423 973
1367 1797
2031 1818
1534 2137
238 2468
2243 2411
228 917
660 2122
2261 1537
1055 673
1107 1705
1148 539
1094 2248
1367 1916
914 211
1830 734
1815 333
2237 798
2020 184
1650 2319
1941 1082
864 1346
1186 1614
765 1680
1172 113
2049 23
2233 1244
1367 699
657 1834
2140 281
1546 708
1279 1986
459 1273
856 421
867 1621
1281 2085
1812 1629
148 1430
372 1367
1179 57
1319 979
382 1524
1695 889
1367 1046
965 259
250 1875
84 9
598 1393
619 540
2193 738
284 1306
314 1926
2093 1780
2339 1931
282 1567
300 1104
475 1605
448 2321
2351 313
217 2364
1915 1128
352 2093
1393 1044
2071 2336
2445 1391
2142 1367
1398 248
2486 2481
246 1141
272 2392
2412 1550
733 1342
93 687
985 678
1168 2214
1317 430
1725 499
1890 205
899 935
70 2227
2148 491
1833 1945
1640 1367
1123 1534
1530 353
893 1878
1879 1943
430 2064
51 2087
980 133
2264 1813
1394 2185
704 439
1367 1864
185 1623
943 407
1421 1466
753 1851
2170 824
1577 1998
1562 38
1925 1588
1775 2399
505 1838
1673 1253
2180 1949
2297 345
1181 172
1131 1100
180 2039
1743 1145
949 241
452 1069
1779 1211
1294 2064
2236 1465
7 850
1593 2348
752 1459
1166 1054
2306 1228
652 2252
373 491
760 1431
2133 1488
469 514
246 339
1831 2238
660 1969
309 1367
904 1213
1042 2246
2424 832
2020 1296
2225 772
115 1298
2076 1019
467 144
1988 1442
1988 1659
1636 1025
258 1844
1118 1436
2300 374
309 1068
1897 1367
629 1350
1026 2256
1759 2261
160 1614
183 1573
90 2444
862 2386
34 2388
2466 1791
134 454
1443 1472
2335 1996
980 2443
315 1089
2313 1376
1906 461
1256 684
1091 322
743 1793
2412 1446
2345 1708
1367 2429
2166 2477
148 1305
1955 327
1745 1555
292 1999
449 1845
1666 1898
1439 2421
249 1286
781 1682
41 877
1334 1076
1531 1101
990 1039
451 323
68 2004
581 1242
443 2478
937 1238
870 1973
1367 389
1323 355
584 619
1300 2126
946 1178
2225 1842
1012 2137
2052 2376
1819 688
1881 1634
1367 36
764 453
1470 186
1579 2128
1924 2218
967 386
1620 1624
348 425
1641 999
669 1307
187 1146
845 1193
2199 481
1370 857
754 37
2352 571
251 527
1563 1984
2182 378
2259 1387
1280 1731
479 357
1116 15
327 2407
1976 982
244 772
865 837
2270 193
1776 487
759 390
962 1527
2461 283
85 1456
1426 402
2285 1345
1622 1486
1983 177
1236 949
1726 973
2120 2095
2287 522
320 532
2359 1477
2088 1470
1559 445
1788 226
6 1999
1416 692
1995 1218
2307 1090
19 123
450 103
1841 336
2452 1599
351 2059
752 818
1739 811
1497 200
1989 1367
28 1994
1435 1609
1912 1989
1956 1184
1111 1293
1980 1367
1822 594
1549 668
484 1061
1111 1104
2172 1713
931 2139
1363 941
1765 1457
66 2054
116 1832
2283 632
127 2217
990 154
1367 1874
776 2289
1686 1851
547 893
2296 1455
1367 1073
1314 133
32 1292
2224 1843
1126 203
420 1070
756 1481
796 1540
1332 867
1412 1256
810 90
423 411
1367 1930
1367 5
1152 334
631 1750
770 2460
1399 17
39 1896
1486 2111
1102 310
634 36
1908 548
765 626
1800 1371
620 930
640 1806
2389 1594
1818 392
301 2156
1756 736
763 214
1367 2273
1823 1714
1715 2033
1415 1557
731 2379
853 2314
1871 1809
121 1954
106 2329
66 2034
233 1121
2059 1490
2030 28
1204 1735
521 1359
648 168
1315 398
1795 1367
2063 97
305 294
904 237
1385 49
339 1316
874 1386
209 1793
1328 2373
2328 1925
1177 500
1861 2293
2427 471
815 286
1005 914
1353 1162
1128 1202
1319 1329
151 393
1271 457
270 548
236 988
462 227
1463 1189
2120 768
590 1529
1277 1473
1863 1399
2334 554
363 2434
873 2422
1574 2096
1035 2305
2217 1154
449 2416
552 2424
356 1001
1404 1459
1584 2171
625 118
468 1903
1743 1312
2089 2199
2144 1607
744 21
2022 1151
1210 1649
1671 458
306 1165
1029 728
1463 902
1546 1054
1502 2471
1608 842
1367 55
608 2073
1169 2461
896 882
735 2391
2094 426
1669 2275
670 2001
609 1367
1500 2219
1048 1777
1616 2061
2065 365
1919 564
2378 1026
1968 978
2428 608
1621 1099
2147 1957
1654 667
1603 2084
1410 1575
1367 1276
2028 1484
1541 1241
2157 723
648 2040
561 2051
1969 474
1389 942
1168 1787
941 511
1367 368
1021 710
1679 1261
1367 1633
1594 1337
2324 1681
470 147
2280 346
1987 2151
442 1276
87 1420
1655 2023
271 1067
1367 2442
559 763
2423 1158
2177 512
552 696
1653 1518
1667 1760
637 238
2436 1555
1096 1592
555 1401
1516 413
1140 845
1367 635
1127 1178
746 1390
659 1443
1406 1856
1020 2274
1367 200
1667 2464
1482 1632
242 1508
2224 1330
1097 1533
1575 2250
1289 1660
833 1367
2410 371
2445 724
1363 2476
174 2259
2149 305
1084 241
1428 2111
1096 2239
2429 502
1598 700
1392 1367
268 306
1692 1775
953 117
1146 2138
1903 1992
2500 1112
1314 1219
918 1444
558 1342
229 374
1645 2420
1243 1981
594 2377
408 715
436 1155
1814 1752
938 1573
279 832
1971 2057
490 2458
108 1407
2172 2015
443 53
2364 19
2118 2102
162 1367
624 30
861 761
2316 1367
2231 1629
2255 215
1348 2425
113 518
1432 2220
1886 1293
1855 318
1996 479
2000 1367
2173 2027
1972 1454
47 1589
410 851
1660 57
2212 754
1560 1885
142 2449
298 1367
976 1454
1911 302
1057 2415
2309 1190
2292 1637
1049 425
2229 132
2008 376
2397 2123
1339 1202
725 566
705 747
2370 531
169 1340
2018 122
1761 1894
2149 1367
1338 722
231 2078
1753 2252
714 1408
1673 767
2053 1367
1227 1487
1112 1596
47 1243
1367 2036
1508 335
2056 635
1395 1301
2446 1642
1922 296
468 1511
1711 2069
2401 217
1278 732
1408 2138
1915 2321
276 1328
1367 2025
1367 792
871 2260
326 1403
549 906
1444 1282
1326 1564
2310 2065
1527 621
2500 1317
1487 798
2192 2060
2488 1071
44 585
55 287
16 1500
1772 1479
312 2121
473 503
919 785
377 40
779 1048
2130 2110
348 375
2340 1143
928 698
223 2278
680 440
1868 699
2384 245
1058 1098
2451 1578
1461 2381
1918 501
1362 1541
483 1373
259 881
3 1610
1367 575
52 2055
663 2083
1877 1367
579 872
1427 2340
2270 2094
2277 1998
2243 1709
1185 1504
2115 603
157 1726
251 1961
797 787
1627 370
1392 1923
2119 2308
2125 444
1183 1490
2337 1098
1777 390
974 45
806 581
768 219
570 88
1041 2315
193 779
159 828
75 1367
1268 1821
978 1580
1602 1610
606 1656
1639 8
1367 1061
781 896
1306 2446
1510 68
834 1074
423 649
262 1447
1343 1100
506 1460
1211 1201
1699 1437
1173 1795
1301 965
1423 860
2355 1222
1050 414
94 1978
1367 2019
459 1528
760 2385
1898 1812
457 5
1662 2202
1451 2228
1495 986
2474 1047
1022 1678
2211 33
383 1439
1367 2030
2430 1347
1774 173
961 1367
698 517
145 2163
2363 1182
835 1907
2266 1980
2076 1902
1036 572
1045 1265
108 1432
349 827
1683 123
1180 2041
109 1666
1065 1636
747 616
623 419
1436 1290
208 1269
2234 996
1367 582
1006 1452
1493 2470
135 1063
1736 444
236 46
671 482
1880 1847
50 1367
1485 385
2354 2463
1710 1805
1640 679
622 2448
179 960
2382 2375
2437 799
280 350
2441 644
63 1646
1132 1079
1125 550
1374 507
1024 553
839 1195
2433 1144
1179 1707
1615 2118
1271 1728
1811 1737
1181 1738
2057 1628
182 749
1484 2485
2480 290
1218 179
1727 580
974 1918
1652 2081
215 2082
1220 2479
672 1478
1368 1789
2216 1869
1344 2174
2462 1225
2483 2242
395 2249
1748 885
1884 2011
1075 2131
2139 1010
918 835
1406 576
95 2327
2210 2381
809 2487
391 2495
1635 2215
1948 940
1664 569
2101 1789
1948 453
422 512
844 2200
2200 761
1002 1966
1027 2160
661 2052
1464 1476
1397 1838
170 848
2442 1791
1985 1907
44 1997
1413 757
267 2151
1215 1810
58 1354
480 1374
2 1254
970 2171
432 529
1418 2159
836 330
971 509
534 1577
2276 1131
1517 820
550 255
1367 1129
1091 1171
1797 388
1495 1785
1148 209
1616 1807
2047 92
1114 833
975 1539
428 527
11 686
164 2485
303 716
2038 2007
1199 543
926 1870
1663 1630
1909 823
1161 646
804 1367
2299 294
1450 2005
344 1846
613 207
629 288
1940 2338
1185 354
2280 2028
404 1827
1060 928
2295 485
401 634
1036 2128
1973 1893
1270 628
784 2309
303 1704
505 1230
2492 178
939 544
1433 935
948 1311
2390 211
54 1782
2102 1034
887 1730
2145 2125
1784 1042
1367 689
1174 1332
1700 790
285 1684
1367 968
2077 879
2222 1157
1260 1338
1703 1990
1707 2088
119 1871
489 852
1977 707
2435 1367
234 1367
1367 1069
1760 2053
1991 1307
276 1225
252 1556
1558 2178
1693 514
1596 1040
335 849
605 1053
1993 2447
2266 2434
1675 1558
78 415
2265 1927
2255 1935
1285 992
666 1367
1499 265
1129 1648
2122 1868
131 1935
1539 1367
952 2311
1883 316
1762 107
2299 93
1367 328
2273 1506
794 917
2421 2021
945 1367
2090 137
2387 1270
194 2044
2358 729
2133 560
487 711
1283 1299
2143 16
2206 690
612 1866
1093 1834
1881 2302
1188 2013
1499 220
751 462
1482 118
865 1309
30 295
1950 2363
1358 226
2491 538
1769 601
1320 1441
1937 1992
1684 1367
1009 2114
1725 329
2043 1753
693 2465
525 1641
587 86
2300 1359
1008 991
2416 2490
85 409
84 702
1018 734
1738 881
25 299
2460 883
1958 1367
412 1965
230 242
909 2301
1172 2103
595 1318
1187 2387
890 1894
2185 1679
1809 971
1544 846
1959 1938
2003 1733
1982 1033
1965 2447
1259 243
111 1953
416 1987
1857 382
1669 1326
1746 742
2166 1367
2463 1744
1145 888
649 1133
39 1604
22 589
1378 750
1761 1095
1144 462
1848 308
1367 1219
1698 923
114 489
1663 572
1638 2251
141 1367
1720 1535
2439 1644
2488 2308
282 1953
2385 13
2459 2404
864 994
463 1781
1778 2169
826 1367
929 592
2345 1951
1288 1941
25 668
1696 2232
136 1865
2498 2382
455 2239
1450 1139
1721 964
1722 1367
717 2260
366 968
1816 398
691 787
2494 1571
1396 2237
762 122
1159 183
2043 15
616 723
222 1247
1079 254
1247 1113
551 2374
1749 1367
1693 40
884 1077
1615 2268
456 18
2176 807
1158 497
304 2278
1367 1333
766 77
1496 2372
906 493
2175 1331
2214 1367
2170 2249
1525 1848
2290 277
1367 1059
263 384
1662 214
470 1608
421 1613
658 315
1380 2068
1559 507
104 984
1121 272
1367 759
248 2419
158 577
821 1507
1990 1733
364 1879
944 1611
410 2315
571 2145
1308 963
196 120
567 1437
1815 396
478 655
376 1394
1704 1409
1388 631
1367 710
1461 2144
43 892
2497 993
1367 1446
805 2040
650 647
1415 1569
2374 476
1366 2100
638 1832
1052 1212
100 938
2433 2062
1223 1501
1966 2211
593 2289
2357 2288
838 1762
478 1692
1540 1193
287 82
1382 2350
873 1967
934 2406
2099 2173
1367 1233
596 1910
2205 1367
2390 575
1197 1013
1742 22
1625 1369
720 189
994 1267
683 1367
1821 110
1902 1262
551 1153
1397 473
125 1805
1264 1783
2386 1011
34 796
2371 1304
1136 930
744 2331
1867 510
257 803
910 2152
800 1373
2437 1468
2379 488
1808 1155
333 1509
72 283
732 199
60 1639
1560 1828
840 1631
2332 778
7 814
638 275
1522 1911
1182 1929
2306 2186
981 323
1668 717
697 916
1695 1817
582 773
2232 2395
1810 405
1514 161
1619 1367
894 194
59 1782
137 244
1135 1872
945 413
840 812
2383 1742
590 1353
1325 1923
1367 2018
519 500
2343 1351
476 2078
2037 1467
1245 1802
1699 2067
1697 1819
1739 976
2276 735
1557 353
1771 438
884 651
586 10
1377 1367
831 888
745 665
926 1978
1367 1150
2482 167
880 313
1123 152
2296 1367
308 185
2477 1170
1657 1846
1367 2341
1120 337
494 1355
1480 2071
656 1803
1771 336
54 169
48 1478
386 2191
1245 483
958 802
1552 999
2408 1007
547 1377
986 1241
1357 1538
35 2086
62 1367
546 924
688 1230
2121 74
2190 274
1400 1593
2233 364
737 2393
1161 1765
250 314
2026 2246
2061 1716
8 391
1367 2371
1947 2089
1064 1027
510 693
2027 1786
2356 1313
1196 775
1015 557
1664 2201
1940 1122
681 1086
485 567
2082 1583
1864 103
2080 82
255 2288
2454 2285
979 2009
664 1617
2334 488
83 2099
577 2396
1357 1654
2455 517
679 1607
2092 1565
235 317
412 1217
397 474
1598 1480
633 711
2281 1231
1264 913
2184 1568
2316 1887
1004 2054
1626 61
1401 2090
324 1046
392 1862
2070 1117
2401 2130
1228 1108
401 379
1589 1625
2303 1367
1257 959
748 951
1387 1187
659 1852
1367 568
367 2008
2496 1449
920 1758
874 2258
168 2413
1462 1632
1280 1005
2472 1273
769 910
2119 991
295 87
1330 298
745 1412
1235 526
1267 1367
1156 1169
1367 1250
678 1525
2238 1472
1265 2365
1895 2394
964 23
454 394
957 1678
1043 987
2004 504
126 715
612 1736
271 727
1122 1874
2466 76
1520 1019
2362 342
155 539
2297 1310
319 2474
436 1367
1591 1919
826 21
1370 712
1873 1240
789 719
1579 1870
1983 330
2450 2432
1367 2186
1767 2274
502 749
878 1659
1356 2444
428 557
543 2467
2207 50
2 2391
1536 1076
331 1687
2189 2322
565 319
597 1855
1877 463
695 2245
181 1367
1110 167
599 2038
1281 325
1927 2210
871 2468
857 2405
455 911
1740 1899
1836 445
338 1914
2044 1329
915 1367
2293 1102
2058 1073
1570 102
1419 1380
757 861
1405 263
583 1367
900 1421
611 1658
1703 433
388 1732
1857 1095
2400 288
615 321
1298 2164
1492 2324
1124 2219
2395 1633
803 2235
2312 1238
1149 293
227 1587
2358 395
1 2098
1890 1619
475 2484
2010 518
239 2453
1402 1768
1720 931
2373 210
218 1060
247 1518
1863 959
1087 2012
456 508
2113 1774
1151 1367
841 367
526 1059
1744 1794
225 617
1367 2218
1545 1224
1275 1954
1766 2075
1483 1233
99 1858
1924 257
1701 240
1957 849
6 822
2016 1921
1285 1051
431 1237
1547 362
650 1240
1312 129
977 1333
1984 225
2479 2323
1469 292
253 2284
576 2286
81 218
1489 618
1367 1284
170 997
1331 2440
972 2307
2124 1705
563 1917
1367 1391
400 2497
1263 788
774 1367
2493 1517
269 1367
1006 2332
1764 541
2129 545
2021 685
602 2376
219 1154
1065 615
2240 1928
1548 1572
1521 149
1947 264
45 56
1533 151
1106 1367
2012 11
2221 682
1519 2392
2207 375
1375 1287
1367 1582
1367 74
2338 523
1175 1970
350 1242
1367 1599
574 1892
1045 554
2263 1670
601 1434
741 31
207 2478
661 2398
516 1498
2319 377
2014 20
2056 2223
642 481
1105 630
2058 418
192 1367
156 2228
1130 2240
232 1724
1140 866
1365 1696
562 14
1882 280
1587 579
1735 583
597 429
2380 1503
2029 1075
92 2403
2490 1235
643 415
1960 175
1252 267
2181 1672
2247 1413
1888 49
617 1134
1737 1395
206 389
2389 2272
1136 1367
1845 1152
1933 340
1115 956
197 1367
2383 694
2380 1014
618 2317
1352 573
1729 1251
1799 2032
2418 378
844 165
1562 494
154 1549
1251 531
418 2312
2229 1263
731 850
1419 1176
1116 76
1362 361
1974 204
1367 1257
2196 1909
1310 297
1092 943
824 2465
2453 1166
1885 1183
347 592
426 2323
2384 72
662 2098
1827 1367
490 1544
1082 83
460 2155
1214 2493
1017 2361
496 915
466 2230
264 823
1085 1647
1367 1906
645 1716
1964 1367
414 1835
2135 530
2438 900
641 1458
65 360
1361 598
1175 329
2234 2499
1031 905
1304 643
1849 1977
885 1426
1028 2022
1825 672
321 1209
1425 462
806 922
2066 1167
1205 1089
2409 1719
762 1321
1198 399
863 1448
1656 2310
212 818
448 138
1979 126
80 1160
1913 1147
1000 2010
1908 2175
1367 2352
1526 1565
1657 42
2350 1956
116 2325
62 1030
703 585
2235 341
908 1349
26 2124
1418 492
2132 2165
140 2091
2286 677
726 1367
2087 2254
2457 847
501 529
1066 278
1985 2258
1236 556
1535 1173
166 2075
1062 310
2303 114
2369 1367
9 1711
187 365
88 950
409 191
636 2449
1972 431
2226 360
61 1706
1085 121
1975 1396
477 2006
406 106
587 2397
1209 496
830 4
402 1543
1389 205
1651 515
2491 64
1524 1417
565 1376
477 141
2366 591
1203 858
2342 1609
1002 969
1905 593
1647 528
2081 1677
2431 1755
152 111
1064 805
1677 1763
405 1642
1689 894
153 1606
1512 1014
2251 2168
2063 1715
1691 1384
2015 802
1523 578
1294 407
509 791
771 533
230 362
602 740
2167 1197
534 1767
2187 2263
1772 125
2253 1578
1477 158
1053 1618
1554 499
18 2320
2290 1588
2495 172
528 1367
2346 2083
1597 2420
51 2408
274 224
337 604
2265 739
2406 328
789 1671
1685 954
307 195
1718 1429
1498 1511
422 1035
2436 989
359 2206
658 1456
2333 1946
1367 2425
1854 2213
657 289
2422 2221
829 719
304 2271
2360 729
2277 1900
1712 2269
1215 1675
52 1143
2294 1922
2049 1561
2369 320
1003 605
2351 2275
948 2223
2048 967
2356 1367
1831 439
128 2184
231 2141
1952 144
1561 770
492 879
441 927
1532 730
2405 1303
2377 1474
1081 1835
1226 2365
1367 912
1792 32
1347 1364
912 1567
669 683
1889 966
1051 1083
406 2016
2480 2241
435 1545
1205 1004
104 1315
1249 351
1132 1627
831 213
1981 2150
2204 530
1829 318
2023 1367
2476 486
1570 1847
437 112
1349 2158
854 281
1133 143
1428 1688
1411 1056
1445 1385
2014 895
1658 1287
1811 1114
1007 1576
721 201
556 2414
1043 1732
2068 2046
607 962
1147 1826
1047 1367
1872 1840
1277 1367
1691 128
1869 1367
2213 1322
1880 1367
1757 2357
1581 701
2201 613
1037 307
1367 2097
1192 162
1680 819
2454 171
1032 1044
921 620
1189 1268
1367 1226
891 221
905 591
1755 646
1334 2346
20 1037
1231 424
1624 1302
1400 2330
2110 210
2116 1367
799 256
138 2400
1734 1505
1040 216
2195 254
441 1207
716 130
1455 2279
778 1029
998 1364
2227 1581
656 1386
2190 1572
1344 160
738 1458
1322 1905
924 349
1398 1448
1272 1646
2153 1447
1994 2329
1383 58
1566 1367
538 1367
1475 1520
664 1409
859 1892
2106 1015
1369 1295
1942 145
993 120
1802 1723
1311 188
2244 1388
1785 2344
1850 1093
1325 860
859 262
53 1551
1367 1942
35 1269
2330 1367
872 199
1420 816
2104 1828
1024 1904
2148 1295
247 1327
925 653
1367 519
366 1613
1367 2362
1529 196
1034 234
954 469
495 1049
135 1741
1745 1367
1278 1938
1021 1668
1139 2003
1149 934
1028 2294
432 1023
1682 1039
808 2452
1912 2178
1255 181
2230 1191
1698 774
907 1274
2174 955
150 2096
67 792
1530 1074
1041 1515
1452 1195
956 2080
2347 1860
1367 2347
2045 2116
1681 1824
1259 393
2100 1246
1655 1120
1367 344
886 848
960 2141
26 1087
1945 1119
878 260
2456 81
482 1566
2079 102
1008 1367
1971 1528
862 1335
1416 64
2192 713
2353 1723
495 2042
825 1686
1949 2247
1367 1300
1887 177
725 1854
2419 1229
1212 1471
1766 837
355 2142
1796 1503
1889 285
317 1337
1367 2143
1367 1227
795 131
464 497
1088 1522
1469 1464
1442 1878
235 452
1056 2242
2152 675
1801 1213
897 1694
381 1018
1254 937
1367 750
458 1719
42 2013
166 1521
343 970
157 701
1859 1072
466 249
720 1379
429 69
560 184
825 1488
706 1717
77 2066
213 1491
1800 2318
769 1341
2188 817
1367 537
1414 2367
2313 1381
2438 268
2086 1702
1853 1367
461 2034
2470 782
2072 854
464 1740
901 178
1248 2179
369 1186
427 86
2473 447
863 1299
1491 1721
1944 334
67 1262
223 2048
1749 465
1023 1381
697 2107
1814 1341
2355 2450
1904 559
632 1101
202 574
2193 1367
2455 2343
1367 146
1776 901
963 1493
666 1453
2257 206
1126 1946
1367 1142
105 1510
1718 834
1191 1367
372 513
75 1661
718 252
1899 1585
929 1798
1239 846
2161 2415
812 2147
1962 2156
939 1274
1248 1554
124 2161
2215 1690
1367 1072
1628 41
2150 751
1367 1586
1324 1606
115 1440
1367 1460
2417 1365
1170 784
345 1634
1424 522
2317 923
1532 1352
766 1367
48 1552
37 1223
1801 987
600 2267
1803 1088
516 726
208 1519
1001 201
2282 220
588 1605
1770 2127
882 1506
2298 1367
174 197
1327 1216
2271 1346
1367 503
709 94
293 1710
29 460
1932 614
1321 520
1137 776
1930 1138
1291 258
821 404
1757 1853
1246 1221
1275 898
2409 2169
1157 322
1676 1084
1661 1000
988 2298
1201 1200
1964 851
1590 1163
