2500
2099 978
2237 801
2295 1569
2498 1368
957 2316
2313 292
2425 24
2275 2407
947 2007
652 2117
534 1325
2214 1005
1896 136
1585 350
1199 769
233 481
47 2095
2244 197
2446 1547
244 2248
2373 1777
138 356
967 1627
1678 820
1294 1418
2065 802
1776 2249
697 1353
691 678
169 540
1776 935
1252 1261
1840 75
1011 503
1996 2207
1342 2184
2115 1283
2098 1776
353 791
1860 1932
1776 850
1941 933
1890 598
2244 284
1831 934
2054 1246
2436 1499
1895 2070
766 2283
406 2408
740 2027
174 1244
372 388
1529 425
1092 2164
1288 893
1333 1832
1480 545
44 1788
1298 14
46 1776
1127 415
437 953
1541 1742
666 2146
2110 2372
2486 522
576 90
1127 2218
1165 74
1793 1689
369 1538
1120 858
326 1890
2141 1346
161 1776
168 296
258 1146
1520 588
1751 2048
305 205
1389 1932
2008 635
748 1129
2465 455
932 1660
703 239
1538 1595
432 186
195 555
562 1369
124 839
1730 339
219 843
474 12
1526 2006
794 2059
138 884
1263 842
2243 216
502 232
651 607
528 1512
1689 1914
951 2313
547 1384
1416 2090
2066 241
1438 151
955 1243
2373 1286
94 1479
676 903
63 377
2306 197
1546 1835
20 1628
579 2279
402 1228
1206 2194
22 1662
1466 2080
2400 97
825 1219
842 757
1589 1280
1001 1706
1765 156
906 279
493 1239
721 2249
1564 194
1635 1341
701 1114
1233 1494
1041 297
1056 623
2092 1882
2036 1631
727 76
1812 1378
555 2443
2351 1086
1147 2205
1155 1326
1848 56
1391 868
1590 1493
424 666
1138 374
2139 1175
132 785
304 282
110 1450
267 2213
1690 1519
1350 1184
2067 85
254 1278
1732 1459
80 395
1798 1776
1308 1920
1554 767
1084 2051
1366 1283
2168 850
2363 215
314 375
871 2128
443 2041
25 767
458 1210
2462 413
1552 918
1010 223
920 2061
10 2078
102 884
720 1241
126 2356
1905 1302
1776 1003
808 23
1290 2207
2181 1405
157 865
2397 49
426 523
686 2029
1207 1363
1316 1262
1794 2121
636 813
1890 79
713 841
663 1240
1915 775
1816 1894
1216 321
2009 2449
311 1255
1622 868
1101 2491
1866 1672
1290 80
712 462
376 283
2118 2397
1129 2445
1763 1521
1680 1983
1642 1946
1997 1312
1831 353
1237 2025
1389 2399
629 1621
1834 1483
1849 863
863 2225
233 1019
1543 339
756 950
2318 2292
2398 856
437 1020
235 1061
1776 1959
843 1952
2358 1426
1111 234
1429 954
2477 678
1970 280
1327 125
463 1604
191 943
1148 1421
1954 2396
2014 718
1963 1326
2285 1744
238 1788
617 674
740 1776
128 1303
757 1776
2032 2056
725 1497
2052 591
203 2285
1453 1819
2064 234
2273 28
1776 1950
1756 1309
1915 273
696 1323
1532 248
1242 1149
1558 1878
2187 2409
371 2241
1195 1379
2055 1683
1164 165
639 1123
2229 1786
1674 1413
1509 2343
1326 405
1681 1006
143 2105
682 1319
1 875
975 397
2178 1800
1571 1292
329 394
1199 1219
148 1264
2268 384
258 1221
1610 2123
1310 1903
2360 99
783 695
2344 1907
1324 1814
741 1284
439 217
2193 1356
2125 192
895 134
1971 2277
2385 2046
1588 44
990 349
1806 2262
1562 1361
2403 35
373 1262
2065 49
1253 1393
757 2057
1504 1713
1887 984
317 483
681 1321
1872 1979
2193 2102
952 1787
699 616
97 947
2222 2428
2030 1819
1078 306
1926 345
627 1588
1297 1134
2066 2309
1668 1917
1170 2486
1776 1275
663 770
1670 114
431 56
2074 668
2188 1819
2192 701
691 1815
2272 463
1125 1830
1468 2086
2341 2333
2025 1135
2279 634
1929 717
2215 1418
1740 1365
2058 1249
2421 1776
2173 502
128 1821
1127 970
1543 1433
603 1832
220 1679
1310 475
352 1992
320 1577
2414 628
2369 1068
1355 1923
234 2498
2478 985
618 1771
1798 2023
1559 1604
3 255
1399 360
1790 1215
1838 1205
2228 1216
187 774
2493 1776
663 2282
367 2350
778 603
286 2073
1197 1289
794 2001
1008 877
1280 2178
1143 1017
92 1132
1380 2245
2089 874
665 2062
1636 1529
1656 1406
1007 572
596 1882
1601 1978
1185 1993
2168 1598
450 407
838 457
336 1784
2279 2334
1364 25
2204 218
406 870
2208 577
2216 366
1602 1498
1837 2475
62 2099
463 1700
1639 1258
1140 1983
1776 1220
1265 853
5 2386
1613 762
2176 1880
594 571
1868 1826
1916 2314
1885 717
2119 1903
270 1951
2164 944
41 905
413 1121
1805 473
775 472
1083 839
298 142
2010 1252
1759 1969
108 1731
1423 670
1762 1224
756 1873
290 1552
511 1380
2401 1524
413 460
41 995
1127 2479
2268 510
1401 603
1776 1890
1315 949
226 795
1890 1924
1798 469
1114 19
2094 1734
2134 1691
757 1912
1000 2028
1691 2145
515 1408
45 595
32 1502
1831 2076
126 1175
617 889
537 1963
817 1220
176 911
453 2068
665 1328
1249 1831
2158 1
594 1363
919 2130
2426 1509
1585 1287
1283 2402
843 1250
567 1244
431 1925
1377 846
1512 2410
662 935
1953 383
2190 204
72 2365
529 209
1942 1635
1781 1006
288 143
1674 1556
1533 461
1489 1125
685 95
275 1225
1413 640
650 848
2017 2495
1908 2197
2480 654
1796 97
2500 1985
1438 1258
1130 101
1776 202
1266 455
1203 978
1803 1251
1795 2440
1801 1216
709 2374
1513 1258
1248 1199
1861 2383
1383 1050
1887 1776
2088 2474
2373 1176
1776 502
1448 1823
1549 1923
326 865
2447 1323
21 1776
1411 2223
2242 2174
2096 1365
163 2445
991 1191
1009 944
1005 1192
334 2419
440 831
1582 2485
2230 1515
576 2038
316 1949
837 2166
582 354
1311 1518
565 25
2470 1028
765 2287
1240 2418
1923 1956
738 1669
2488 1259
325 1886
576 679
1272 122
370 1635
82 1469
1993 1102
1780 2196
282 850
2390 1142
839 699
120 1242
2399 1980
842 1574
910 1515
1216 1279
948 952
837 1776
2394 1619
1508 29
2251 1565
1057 894
1378 1088
853 2302
35 976
597 1750
260 1425
1113 1818
692 1900
1177 1646
1291 1776
2212 1967
1059 907
516 1077
1733 1160
54 383
2381 1491
2242 1437
1720 1755
1776 103
25 338
614 1659
1503 2081
1365 340
96 249
521 1739
1437 2101
877 2224
466 1040
417 1720
1393 129
1805 1940
264 490
2490 890
1289 2438
1567 217
482 1766
329 631
1404 840
1421 712
1909 161
2416 264
464 2186
1003 1173
1166 1120
1818 1555
2315 2487
1693 2218
191 2338
1967 2284
2356 47
2358 1055
824 655
562 1068
126 1994
1965 118
2071 1300
1128 1423
1792 2379
2303 984
1522 1716
987 429
2035 1978
58 1803
160 1863
1776 370
2050 268
1025 902
25 1841
1764 831
785 939
1240 1168
536 2038
1724 2452
2022 182
624 2490
2271 1067
2006 87
1115 1348
2357 1455
136 2261
1718 619
2482 1449
591 829
1297 117
1812 571
364 1507
1837 1978
1776 2440
1003 1830
1743 25
505 769
820 1859
1969 2481
2263 435
1987 1667
1458 1937
1922 1472
1853 2225
2455 478
2005 1702
1199 1702
707 562
1153 1217
1658 1262
1270 20
952 533
1463 1675
941 1154
549 932
66 1820
584 870
1600 48
1213 1887
2239 1776
635 1605
1059 1039
986 1422
828 2404
1944 1264
718 1776
1489 1081
647 728
1371 1399
836 2315
405 1457
747 772
2260 760
594 1776
1080 2390
1736 1978
701 1878
1245 2418
1193 59
464 1929
664 1092
1572 268
1955 1431
170 1776
502 1672
2312 1711
2452 1511
527 1528
859 1772
332 1590
325 1466
2162 1835
128 1383
1894 893
2375 525
277 866
1091 629
1543 777
1433 1307
299 2321
1451 951
1756 2160
1256 809
2177 169
558 1793
133 2291
587 712
1691 1436
1791 983
1846 1824
76 2427
2397 193
878 1363
97 1159
736 45
835 165
1227 1585
1310 1137
1268 1579
1596 2071
2478 1592
1670 1705
317 1572
1715 1389
864 1451
1776 1254
927 2315
1239 492
2183 1170
1466 1330
1927 1992
971 297
1246 2399
633 1279
1422 2186
749 236
1456 1583
2246 1970
1349 1095
923 393
24 291
2112 1732
977 2147
1798 1132
2028 5
547 2352
2358 1040
63 668
13 769
2069 1685
381 1450
1514 127
580 1383
705 370
298 623
1661 1364
298 2377
1145 1364
1242 84
1441 1407
1879 2415
1296 1383
1961 1817
1548 996
2287 826
1811 1630
1630 1545
812 2187
387 532
1415 1458
2455 181
8 1705
1124 2329
2150 650
835 554
1058 1548
2296 1257
222 2377
1511 2450
654 123
722 1248
495 1801
1767 1019
1807 2404
251 1289
1752 2418
297 1530
1218 1288
145 36
1408 852
1879 1022
580 1689
731 706
2498 1119
363 135
1758 847
415 258
366 1313
935 1833
1692 1614
1481 2299
1277 922
2087 520
1955 467
1738 1040
1674 2454
26 989
2074 2259
2349 1933
1339 407
1442 1600
1963 1972
720 2489
180 2099
2268 1136
1285 951
2342 1348
2296 552
1487 343
279 97
910 988
2059 1698
1163 1710
18 422
1301 1191
2047 527
1770 968
1485 1983
1604 425
2286 1397
1128 1543
1644 448
143 598
1202 337
135 438
2030 1857
200 2380
2061 368
288 1766
1776 1997
46 1389
1930 112
2315 318
872 182
550 165
1043 1776
1644 167
333 740
2287 202
318 1247
873 1719
2169 266
2471 833
1834 969
947 104
1776 1486
1581 1635
1776 415
1716 1182
189 63
1098 1753
1670 454
1776 1244
2206 1367
2430 591
2100 1003
1751 826
2207 1483
1986 361
1642 374
310 28
144 832
1406 266
240 714
1891 191
2208 1874
1498 1003
362 1505
2241 1250
2355 154
1072 1500
1218 875
363 857
2006 228
809 703
846 2132
357 355
94 594
197 1379
137 1446
1960 1575
1188 2111
1099 294
553 2435
288 100
1627 1832
1537 122
1867 39
2481 859
966 1988
931 2052
242 908
537 1776
1859 664
1011 358
341 2328
570 751
1776 1674
87 2464
1825 470
1955 1647
1995 1189
1620 506
737 665
778 762
1453 1974
1852 1425
2048 71
574 2015
1776 179
52 578
1176 61
1057 2145
1040 1411
80 2051
519 2481
881 847
2450 535
1584 45
94 75
302 185
2276 1290
1831 33
9 1778
471 2423
1774 1063
1683 1349
1950 2234
1283 1320
2032 2429
86 470
809 1480
520 1042
1228 2358
366 2336
1199 1585
1977 372
1659 2235
1239 1432
1024 1776
843 1399
2424 1540
1097 1776
806 895
2402 323
1922 746
1215 2451
2059 1817
2492 535
1250 381
1036 1776
243 1174
715 561
1915 1898
2360 1711
2140 442
1662 1404
1386 576
271 176
711 2403
804 1394
1370 307
190 547
1177 2467
566 581
1135 1267
1614 1978
612 1106
1691 914
1776 227
1165 314
899 2364
1434 2417
2123 2166
1572 1003
2429 1605
41 347
201 775
1653 2061
1432 367
2246 214
1309 21
710 1453
2422 103
2444 865
2371 2346
2311 2418
898 404
2290 2471
1428 1349
1064 2018
2236 1782
647 1236
1952 45
822 2136
2439 982
1230 1125
669 656
2109 455
1543 1420
641 986
1240 1808
916 1104
740 807
1776 700
530 1776
1667 2207
2065 709
249 792
1776 1542
1433 692
1477 897
217 1759
1620 686
1911 1824
865 2458
1153 1763
379 1238
653 1187
1927 370
103 2290
912 2061
109 2326
1776 1128
1317 2494
1362 2212
1200 68
295 46
958 1586
1890 1234
1830 958
205 1409
1281 2315
1169 1947
1969 562
1845 1686
2124 1179
984 1384
1884 485
794 94
227 1085
2098 1219
1375 2174
1809 2120
2267 1227
1337 174
2387 1569
1663 189
2364 2150
2157 731
216 2294
1079 66
2022 1187
491 2199
1632 1813
589 1046
1524 694
1105 288
1609 1443
923 973
415 2260
1657 1425
2429 1930
2150 1766
712 1021
888 294
1776 603
1791 1356
2238 1852
689 132
1330 1107
2064 66
726 1919
1149 2431
1920 324
2265 372
603 1533
2327 1068
413 2073
331 1079
530 2072
850 531
449 1541
1435 458
525 422
1413 400
674 1227
320 304
2152 803
317 301
1302 155
2374 708
1354 2152
1972 1652
2150 2426
1965 544
459 283
2499 1087
76 1146
1563 1880
1869 293
2217 1349
1063 1897
795 661
2195 1780
1640 1912
465 1514
1776 266
2484 1167
474 1808
319 2418
776 130
289 1357
150 2376
1471 841
1004 1015
177 1588
761 67
93 1572
2372 1381
2227 717
2337 2416
1776 343
2043 1050
740 1448
274 1549
2233 1003
2382 1775
1439 1454
351 2157
2257 2385
24 1776
2387 1583
1828 1293
292 2024
503 143
636 415
830 1310
35 2017
631 1949
1776 244
780 1947
657 440
2048 1654
1110 364
1712 896
972 1121
2323 1776
291 904
1208 721
28 1565
892 291
726 1624
895 1478
865 1662
446 152
749 407
171 429
1811 683
1978 1275
1897 2004
1420 2459
1399 928
2019 1984
1128 1190
1088 1606
174 1361
2413 1776
2372 1808
1021 1570
2157 715
1094 1077
2061 231
1425 1959
1429 1118
574 1273
1978 2028
874 1776
1322 1175
1380 1555
739 933
1387 1537
2426 401
1194 1518
1817 1229
2138 835
989 164
11 2329
210 57
1281 2330
1936 2191
2498 2229
2319 874
1321 2170
228 982
1776 580
1409 1476
2282 1560
1146 315
1752 159
1705 1518
2212 601
419 603
2440 1445
550 751
143 2044
1335 158
1656 2357
1282 1098
279 1284
756 1915
1109 1838
646 1333
216 938
1920 2356
44 1776
1776 1273
1444 645
1441 2316
57 56
216 1741
116 153
290 1033
2127 761
2033 2448
1785 1016
1687 1660
976 370
1991 2445
206 885
1865 1542
1995 625
1646 1310
44 1327
1723 16
2262 960
1539 2252
1584 1760
1525 2440
767 1238
759 111
2443 966
1843 67
604 1655
780 2023
1644 917
170 2116
997 1376
1410 2027
2294 88
321 1862
1901 396
279 2379
855 446
2097 1194
17 1291
658 2408
1399 1763
239 2021
2275 1989
577 1531
1165 782
1090 1496
1134 1906
2159 974
1482 1676
2463 2389
1721 1926
961 1222
729 744
2122 2479
2003 164
1824 329
224 1519
2213 1498
1163 1888
1122 303
916 2391
1597 1492
2488 260
2406 974
129 177
844 1135
1258 738
1266 34
1196 2349
2153 2094
1811 1868
2176 1093
1498 649
1992 2180
1745 1021
409 572
94 2424
1129 1776
1121 1139
1863 2167
1727 1310
749 1776
1950 1960
1776 973
910 1240
955 67
1572 2309
1929 1318
2189 1463
2004 287
191 2208
2379 684
464 1747
1690 1187
2247 233
1712 1798
873 576
651 1346
143 805
2023 779
2211 1779
1362 1776
821 387
1716 1899
743 1776
1037 1368
763 1573
1933 1269
566 276
2455 184
2489 2456
850 952
597 59
2470 901
2086 1844
1703 2362
1713 1204
2219 1179
141 1254
2418 1149
1486 768
1597 557
1572 1209
845 1612
1695 1935
784 555
1508 1512
2325 1017
578 1611
1391 1014
845 1953
1818 488
2154 464
275 1439
2340 658
1161 999
253 2026
690 850
1491 913
2108 1641
1827 1243
1534 946
1323 1789
248 500
252 1747
2262 1542
743 1945
1462 2135
2039 400
2366 1346
2139 789
1555 524
1463 1618
515 1114
1723 1992
2423 812
1921 1680
674 730
1619 976
1588 1553
411 60
1776 703
2048 256
940 1431
2153 533
1919 1500
1440 1349
2390 2152
1985 1869
2156 895
472 512
428 2016
749 1344
2418 1114
1865 1340
266 2418
1892 843
2241 602
1473 860
1828 1355
956 29
1776 712
317 198
1199 2210
991 486
1312 408
1723 1424
2103 319
820 2116
738 1324
559 354
416 1425
285 55
1004 964
2316 1190
1371 1933
1127 140
2283 606
2099 414
28 1759
2384 1802
1741 2040
415 626
1409 162
484 2313
513 452
2006 1114
615 1671
504 524
1480 221
1368 1907
1660 1170
526 1572
1078 1664
265 2377
583 204
2356 161
2220 1291
154 1153
891 1469
47 307
1776 532
1332 2052
698 387
1748 713
2129 1101
1494 792
2301 1732
234 973
517 798
1550 1831
1776 1579
1743 404
206 794
563 1234
1938 2181
1582 2011
1999 1006
1111 421
753 515
173 1891
170 1087
1448 915
2124 1043
2040 2411
635 2062
1278 1965
463 1776
929 786
56 2339
1652 1034
1567 1695
223 1180
1096 1654
1112 1126
1572 139
1183 363
1802 2367
644 1670
429 985
1784 1579
2116 1469
227 70
366 85
1389 1140
983 1108
53 2139
1319 1314
1324 1198
335 733
622 1322
642 1561
725 2024
218 723
2304 1776
325 2367
1997 277
2361 108
620 1298
1776 1418
1494 1172
2188 1112
626 1261
1476 632
1356 1315
292 774
2096 1869
1086 2168
1045 2071
2148 960
164 1659
279 2087
1470 201
60 404
1223 992
136 1580
246 1494
936 2212
1041 2033
2048 1954
27 751
645 1794
384 1388
2093 1901
942 2346
667 993
735 976
1973 1289
1315 1776
2435 325
484 1103
1649 569
1969 1494
1903 168
150 2301
933 1735
1809 1385
1750 1964
1318 1351
1412 127
1667 921
329 194
178 2422
1716 1550
1461 763
1990 1634
562 1776
688 1129
324 137
632 2175
1274 2459
6 420
2087 2283
1244 1123
749 1944
578 1976
228 1993
1105 1035
1674 1075
2275 1417
473 1344
1689 1353
1403 44
1066 1184
166 862
1933 1447
1947 149
78 1390
2204 476
1901 2016
468 1884
1487 628
1406 1176
790 1248
1664 1567
2064 121
1890 2025
1004 1542
288 913
1914 2200
37 601
901 2058
44 2058
538 1517
1668 2094
1861 378
1969 225
1029 58
2182 1969
1201 1655
1437 1488
113 1089
524 856
754 1043
2281 795
2496 23
138 734
456 1865
1762 1776
2254 2035
2142 2088
2098 798
1645 963
91 2096
1975 45
919 1341
1231 1129
424 447
308 1499
2476 1463
2493 729
590 29
1752 420
344 1658
1829 1770
327 1604
1767 1607
552 636
1171 46
2137 1664
1767 271
2412 835
975 2371
300 854
1810 28
81 1204
1227 1342
2463 1781
1971 294
1000 1523
1884 1876
1499 816
671 921
1847 1648
225 230
2497 209
1725 1733
1097 81
1238 1776
2418 424
113 2415
1086 1599
63 1717
1578 1488
536 2068
1748 1690
609 501
427 390
734 1568
1615 2447
817 1070
40 197
1082 1204
1044 270
610 89
1340 2109
747 1831
2447 1419
1379 1186
2257 2443
1776 1338
1797 2368
2172 1167
1395 724
500 2150
1827 1329
962 519
1391 1882
959 963
58 1776
2104 726
312 1509
271 430
343 2201
1776 299
398 2380
1992 9
384 229
1877 1424
451 237
1655 1352
192 164
1310 2280
531 808
1496 2083
1524 1619
1020 2070
1158 2455
196 1627
2440 127
1762 945
1482 240
1501 1036
1955 279
1934 227
59 691
869 1560
2469 2490
2088 113
2214 1288
1414 1216
237 1662
883 1088
497 256
1534 1638
128 788
787 2139
403 2413
1031 1212
1460 1941
648 1770
2304 50
2132 1588
1130 1630
2034 504
1757 441
175 1787
480 291
269 922
1850 2296
647 2098
2253 917
718 2305
1481 681
611 1943
1574 1232
360 586
935 1010
1387 217
2453 619
2358 1731
603 2497
452 1634
824 489
1776 895
2147 1411
174 240
259 463
2225 1003
1271 1473
270 1241
2289 657
1143 449
181 1067
450 732
1046 1566
1643 1006
387 2388
1638 803
2410 2078
233 2441
793 929
384 2293
1071 2099
2308 2136
1038 901
1346 2493
1939 1317
1776 1874
1668 1133
616 1402
605 681
566 2353
2126 1422
2231 888
77 223
640 1288
880 718
1646 1776
849 763
1323 917
330 2197
1188 1767
2429 2075
659 328
1379 2256
941 2421
2312 1310
1617 1273
1049 493
1472 443
742 1854
1167 168
366 2052
1628 489
2210 2161
2318 527
1399 2258
445 1275
1720 1706
2125 2266
1174 837
51 193
2009 1528
850 1872
35 429
973 1634
2300 2323
1776 1869
15 1656
1162 161
795 85
1959 2285
1847 1169
1258 2191
1506 2210
148 212
797 1499
1861 2114
39 533
2179 464
2348 798
1430 1932
589 1122
2249 1461
1245 1276
720 1542
44 366
1007 180
2328 343
1502 517
2479 1913
103 1770
564 368
1065 1307
2105 2194
1287 907
157 1397
444 1386
2036 770
2316 1298
1908 1704
1373 139
660 113
506 385
499 1299
2079 1634
2062 1374
2367 2077
2098 1754
1635 822
800 341
1603 1057
1996 392
1626 46
1890 1516
272 978
1776 680
1707 599
1386 2143
2237 999
1388 487
942 2446
1149 669
1662 1012
2468 210
879 1147
1188 2198
2328 1696
361 2070
541 260
584 410
780 1295
600 269
1359 1468
916 1572
261 1968
965 1402
1150 683
2131 2035
434 566
47 59
1452 901
2199 2209
745 866
1728 682
673 1484
874 2329
69 2166
952 1282
1595 2385
145 1800
1407 1051
1726 266
433 1871
1569 1926
2099 645
2318 1260
645 155
1561 1387
1956 2020
2494 430
1920 172
2178 1026
1484 1983
2163 956
1152 1751
1041 1688
1117 1671
1659 1787
811 341
1775 1880
1275 97
1251 1665
1854 38
1667 514
25 441
1548 2228
2018 2317
1799 2141
2297 1843
1543 1372
1635 2450
1176 723
834 2168
1382 1311
659 824
1659 438
384 1590
1390 592
1998 1563
2232 793
1773 168
180 1835
244 2211
998 1122
2025 4
2486 842
1966 769
524 593
298 269
2372 314
886 1719
231 157
2082 449
569 2298
496 1400
748 1671
1776 2257
2031 1553
416 2185
1406 704
1275 1749
850 2165
148 2081
78 157
1551 254
1495 1399
372 1783
1843 1465
752 1929
449 1006
1401 2149
141 1002
924 2141
1920 118
568 329
2171 1932
630 2390
1384 818
1475 666
1099 1776
695 2203
134 1953
2323 1214
1205 2084
98 1432
449 1585
1406 583
194 2332
1910 1362
1982 1078
2193 146
2471 271
2216 1928
227 1591
2140 1025
2324 1289
613 1614
1076 646
83 410
759 1773
426 870
1123 1655
2483 451
952 1057
1083 380
389 1977
2288 1305
1156 253
1610 2222
2012 1776
291 1090
2175 1623
680 1536
501 882
1709 223
1380 2429
1646 2324
1260 1347
1415 2370
826 1306
1406 1018
1800 1887
1642 350
1271 2090
2275 1965
1616 391
2221 1659
1982 2395
1587 1171
909 965
261 1294
1427 1868
1360 637
1025 1508
1765 2304
1880 256
1041 235
1073 374
264 2304
810 404
2092 2018
1416 311
1498 1432
1109 1054
61 1235
2244 560
1630 1432
951 952
1929 1421
1053 843
281 795
1355 1875
2218 2004
7 1634
2240 1355
463 1552
62 1976
693 1121
643 1584
262 729
680 105
1266 1746
138 231
11 1855
1184 166
755 2116
1839 1041
2250 1734
433 550
1699 810
2447 2387
1341 1557
1116 729
879 573
1396 2154
181 619
268 990
1258 438
1697 902
2333 2261
719 1938
2108 910
1707 638
531 1304
2013 1897
132 2298
1679 1619
1836 939
1294 1314
1752 1842
2489 2037
617 2434
1459 1360
676 1880
2260 1060
1144 1297
1825 2418
2084 1386
542 1646
1468 343
780 1271
1776 942
1931 799
2011 294
1499 1212
1782 63
1023 1838
1487 599
1151 1358
1701 687
2264 239
1990 160
1995 1714
870 1776
845 925
2049 750
263 2346
1953 364
143 2482
44 1262
985 2091
227 527
2413 2106
436 2459
1780 266
1273 851
2457 2142
959 298
2240 324
2187 242
1776 1077
1534 876
1583 423
731 1903
1811 2107
35 1600
980 855
1331 2362
2470 1650
1776 440
158 496
384 1788
207 2056
961 75
1769 1996
1149 477
403 38
1062 452
334 494
202 1463
1189 2053
183 2358
2433 2370
1508 2472
1505 2186
2365 2405
2309 724
2155 1097
1572 786
199 1572
1604 566
1122 2144
1881 1307
1163 1776
1009 95
1761 88
2444 496
477 2151
775 1776
1424 1226
854 757
1189 1219
1027 1052
103 1673
1041 1941
624 2444
1776 1283
675 1161
828 2387
929 1345
366 1161
994 2373
2313 1349
40 1893
2315 1434
764 1013
527 457
521 2144
859 823
1594 134
922 887
910 418
136 2257
153 920
1941 1542
1700 629
509 2429
1938 1831
821 540
847 2040
1752 1722
1719 1118
1776 1748
2048 1437
1903 1336
832 1234
1571 2152
1459 143
1074 854
1776 2099
880 2002
2085 491
76 659
2182 1904
477 2117
64 498
2113 904
2067 1181
2377 1870
1940 107
827 816
24 1415
1464 1888
2429 1275
228 1813
208 1121
984 557
2257 2040
534 1219
1131 1231
2418 298
781 1551
245 407
2387 2228
1389 539
1495 42
280 1129
2307 553
580 1121
1720 89
2387 1776
826 2288
1191 2060
1486 681
1423 479
537 109
1100 881
1915 507
1224 2069
443 532
1334 2239
1797 137
1191 993
2208 654
1677 1619
2260 556
1004 1499
916 197
1439 748
1762 1733
430 785
1169 608
1978 3
250 1013
2156 65
778 1120
2429 1398
1202 900
871 414
2187 2218
1032 1288
1902 1445
115 842
1367 1663
1112 1889
750 73
1189 2331
2335 1413
1886 1510
279 2071
1426 1633
1705 1674
2356 422
1466 1819
1340 1684
654 1608
449 1157
1067 1385
1858 2471
350 1981
804 285
399 1689
773 1937
2 534
346 1967
1134 1969
1773 1299
46 325
1741 1916
1357 1534
2429 1040
182 106
1512 1720
702 1102
589 581
2239 980
1911 1959
983 853
31 1050
1210 1776
403 1948
1943 2240
1903 609
619 1061
322 1156
173 2045
1883 1771
2065 650
1239 365
1151 616
1987 1343
133 2470
1237 979
2264 814
1350 2313
2135 1129
1202 45
359 240
1052 2399
700 508
1952 370
1637 2391
2263 1831
551 1926
1443 973
1776 588
1931 2444
1901 2390
382 2273
910 2334
1064 188
2115 1048
1977 1030
48 2378
535 1729
2290 585
420 1211
1792 2460
475 185
2359 697
213 1425
2203 473
867 1891
433 1121
1432 1500
686 1720
2261 861
370 660
2274 907
1443 877
175 1768
1249 992
2347 47
2197 1258
1705 1884
1687 2432
1776 2207
2290 750
2491 2035
143 378
764 2153
2202 2473
672 2406
1856 2105
1712 543
233 2473
819 735
2000 66
2173 1348
127 2310
1533 618
304 285
2466 2153
127 1544
386 1356
1327 2278
2442 703
68 1802
391 1053
2274 2365
147 218
63 537
357 317
2152 431
768 815
1629 1489
2461 1327
1703 200
2372 1047
1962 2022
483 687
1583 2063
1018 390
598 873
603 342
771 1247
1834 1666
2373 1958
81 621
1178 126
1776 955
1986 1418
354 266
1651 1551
87 1215
1989 1064
1500 926
43 2243
995 2225
2133 1062
483 1156
985 758
66 839
2345 251
548 1608
1851 1811
686 796
257 393
1984 1129
2042 1599
826 2406
2387 632
1764 879
973 1539
1694 255
2254 215
493 776
1069 1791
1804 1718
546 832
491 1300
2242 937
1513 1957
820 29
1441 1737
681 2269
2008 335
64 339
1258 997
211 1981
2420 474
825 2255
2270 983
28 348
247 1064
1535 1159
1997 538
518 308
792 186
1864 1048
973 309
56 1776
1392 992
599 1467
2309 1191
930 1619
1399 131
612 1763
981 2493
1775 1490
1918 1298
412 217
1141 191
827 1576
2258 30
1527 1697
677 2087
1708 2422
1479 2320
1625 2460
1474 1582
750 2437
817 1686
1785 2166
2322 1130
1682 2082
494 1362
2393 1662
200 681
1822 1246
1763 1477
165 372
2392 1346
119 1750
699 575
313 1314
2354 1177
1700 1593
1146 278
750 459
716 1385
1776 2315
618 2226
