2488
1732 1809
344 824
2487 705
647 157
2016 1006
1043 1862
2261 2288
303 21
581 2317
1479 942
2474 577
419 1105
1251 1338
1087 424
1348 2456
1999 736
827 173
708 909
528 2160
1088 965
697 1293
30 1725
923 1993
522 2018
840 1360
2220 1577
1876 144
1135 1864
527 569
1570 1065
771 2287
1312 2023
1782 867
1691 2176
319 612
1269 38
1328 1155
134 557
529 1101
2050 74
1319 2453
2302 2032
205 1164
919 154
1825 681
81 1037
2123 1308
397 1394
1065 568
1971 233
943 421
1409 2451
819 1005
1155 1360
1014 1485
2282 2004
1417 949
1202 1651
205 1003
1579 1919
84 25
2292 1289
1953 1610
15 1674
889 255
746 697
1628 122
192 394
2476 2160
29 1800
1595 108
685 135
1915 1741
1562 96
962 793
2394 1804
428 1815
586 1162
633 2341
458 2207
1360 2334
2064 500
509 1202
950 14
1177 1668
452 271
1320 1437
1149 683
2415 1016
2205 1360
2336 2301
1233 1360
696 2181
1667 1278
1832 1360
412 279
1514 811
2147 508
1160 1270
363 101
274 213
1980 1173
1932 2020
282 1966
884 171
725 467
1673 1952
1530 646
2115 1535
137 1865
895 2113
921 1705
1960 1360
1527 1814
2284 1475
518 503
1331 561
560 1360
128 465
286 682
1360 1171
628 448
350 839
1583 889
1360 2085
2380 862
1263 400
1794 1028
164 300
1762 990
1138 556
1470 417
1693 18
2019 794
2082 1509
1598 1927
2264 1342
1589 498
1030 527
140 2181
582 2128
2087 1305
1593 1839
1982 2336
1021 1928
1319 1360
2256 1658
934 410
1453 1360
1360 2191
1697 2350
1495 2177
2312 510
1617 38
2084 316
941 664
1360 639
123 1296
1360 2188
633 1450
2172 1509
609 315
2419 552
540 1981
827 2143
2163 501
595 2189
386 1901
1287 260
2394 1607
400 1378
819 885
376 1383
453 662
2281 1984
2310 1623
2336 2106
1964 2355
2470 1442
1549 2039
953 1670
581 1859
1221 51
1360 96
1334 1360
148 1360
1840 906
1869 2483
1163 418
1734 1819
1360 604
1187 751
1445 2200
598 282
1869 137
2448 848
1779 2395
360 321
2202 2465
1713 770
124 1372
1930 1724
1857 2265
673 1860
497 311
957 1083
1641 1283
243 1356
1620 1360
9 434
2185 101
536 32
460 2005
151 1729
1269 79
2202 1360
77 1771
1696 599
2326 291
2302 1360
909 2438
1905 742
89 555
883 1593
1936 475
1360 1031
844 1985
1239 1582
973 1808
1360 1680
450 1325
1655 852
538 2173
1713 1150
1721 1360
385 1916
2458 2464
1427 1959
837 1360
1359 1154
2155 928
1906 2462
558 714
1360 2322
537 1269
1343 314
260 318
2443 1529
1604 1920
721 2111
2261 75
65 126
661 1748
118 2332
1882 1620
216 163
483 909
1833 1937
1285 319
2409 964
1290 2259
120 624
686 436
649 220
2487 1065
1079 972
2209 1209
1651 1175
885 894
756 106
1360 1103
2087 1435
331 2356
1812 1294
1056 1360
1360 1226
232 1535
1125 955
280 2388
126 292
2273 1881
1450 1158
896 35
1833 351
1205 1684
660 1852
744 1465
1789 1643
842 2137
662 1360
1204 539
1360 2063
1360 2470
1433 566
1133 2387
2328 974
344 662
2419 1360
1307 1885
721 1781
730 2045
217 2332
116 546
417 1844
1098 1896
2309 2354
235 98
1360 32
1284 1168
1009 1109
1874 1037
2051 1793
2103 1360
517 580
2167 814
2196 180
1740 2028
2276 2227
212 1927
1704 1360
889 1360
717 1396
767 534
2466 791
158 1568
1309 320
177 241
33 959
1923 54
1133 1031
2373 1023
1298 751
457 317
1360 194
133 497
32 550
2047 698
888 2176
2221 1360
2059 2462
1871 896
934 389
1264 2460
2194 1176
313 2027
2401 2350
1408 769
2454 783
1101 1245
1113 2284
356 1607
823 1737
1767 1395
580 1773
161 2292
1428 630
2141 1681
7 19
1494 1166
375 1199
3 2412
1943 626
62 142
2319 942
324 1518
2436 1360
1360 252
1236 2358
1360 266
2046 489
1849 951
2045 1360
332 1167
1358 800
1924 975
1854 2101
643 657
637 394
228 890
1726 1360
125 1109
2083 2174
332 1772
1445 1123
2475 1565
1577 1619
1745 2450
2013 773
831 222
639 1857
1353 1381
185 766
1953 1742
107 1446
250 414
955 841
903 1679
549 620
291 1055
1111 524
2428 1739
66 85
185 1948
1962 2064
1360 2180
2042 1406
1686 473
1372 1360
810 2373
721 1851
2445 256
512 225
671 2197
1865 1447
396 211
1360 884
2477 2349
1232 1350
801 1958
1929 1364
2393 1069
1224 709
1166 1159
548 162
1360 1427
1009 66
1607 2091
922 2253
1430 1721
1963 2486
2193 408
1896 2429
563 1613
1422 1017
1819 2340
2171 681
590 786
2393 144
1965 1935
1975 1147
1192 1060
1050 636
951 954
699 1360
517 2226
1058 463
2228 652
600 1066
1552 106
1830 1856
1978 1466
37 1017
1190 1443
556 1360
740 706
1360 1066
2137 1148
830 1608
1272 1282
2379 2265
315 2074
1301 1638
2404 964
147 348
1391 88
155 2179
2480 1086
1822 1151
1360 1593
1480 773
1474 1360
1068 1168
113 399
742 2418
1360 1386
310 564
978 169
1360 825
1072 2350
121 1190
236 1957
2081 975
464 1114
953 638
2412 1187
1284 781
1228 40
1216 268
256 556
1015 1821
1442 1955
1679 1969
2086 1987
186 1634
1440 2014
770 1018
1087 2183
338 1740
131 1360
1046 358
1360 1930
1485 1360
2041 1333
28 1949
1836 302
1956 46
2087 1202
1302 40
1801 1534
1360 1113
73 1360
1718 1262
648 1413
2129 669
1360 697
347 81
1042 86
1049 1906
621 1173
1572 1562
912 2349
845 1360
1984 1360
1545 640
1193 175
545 1702
1554 1187
868 1935
947 2239
1717 1930
1054 2383
1691 2056
1594 1147
1754 133
1360 1431
1589 324
1360 1934
563 1416
1339 1548
676 2072
749 2463
767 1360
1538 1191
1101 981
230 354
530 545
985 1704
2045 2141
2340 53
2207 672
593 899
1740 1201
1073 1360
499 1819
2056 1526
563 93
1241 588
393 1241
814 1889
2316 1723
163 1888
652 1836
897 2369
365 1386
761 1700
467 1376
1125 425
2446 1502
843 2396
1980 627
1497 733
455 2270
492 1818
391 1632
2443 1524
1900 697
469 1898
203 1079
1545 977
2368 2367
1749 1360
1774 1398
1848 2342
2077 1420
1360 1698
103 1032
2111 1671
2154 1571
1233 559
793 1360
1130 2026
2244 1904
1270 1842
1606 538
94 1215
1085 991
133 2015
1360 1348
1820 2007
546 2009
1710 2101
1081 2362
795 1682
1535 525
324 1678
184 974
503 2231
1737 1324
968 1559
1360 1273
1268 2192
1360 581
1721 632
823 1360
827 1095
1614 1004
1267 76
93 2054
32 411
1345 877
2035 2382
1080 2129
2094 1592
914 1934
1972 420
1544 1018
2178 700
1655 1939
1261 1360
2151 439
1192 1360
1045 561
2246 1364
1048 74
1360 704
443 1187
645 1967
484 301
935 645
969 1066
1299 724
2280 921
1165 461
1360 1516
260 118
483 2336
692 157
162 837
2437 1009
1279 955
1910 1272
63 1808
2072 1360
1531 41
329 437
837 2457
1362 1018
1339 1540
2362 1741
237 1360
1759 2393
2039 706
2193 2167
197 2205
378 650
743 2108
1230 2345
725 1360
1770 1826
2303 1429
333 2328
863 995
779 2373
2161 881
2015 2354
164 1360
2374 1580
2487 1360
799 416
472 161
1592 68
1214 917
1082 2192
1642 1663
1968 1035
1184 1840
1360 706
418 1707
743 1789
1590 964
1046 1782
1478 2434
727 1360
1726 1602
196 1946
1516 281
2060 2084
2231 476
73 2212
858 1257
914 1730
2069 2468
2304 388
2460 1461
2312 475
203 396
1330 141
1360 508
1960 1976
939 2067
1323 1611
69 1360
2025 807
52 2349
1462 581
2337 872
1249 558
1749 1243
182 1295
1280 2419
497 1578
2407 1125
1380 1360
1360 787
95 1850
799 2375
1352 2249
1033 2356
743 1890
979 1140
768 1489
1244 1360
1200 2076
2349 854
1785 1596
203 2240
1295 1253
71 857
1099 382
305 2013
872 918
1360 670
1276 1565
187 1242
1104 939
1242 2202
640 1659
2343 899
2043 989
1329 1462
2265 5
1360 1178
1791 2136
2347 444
1117 117
2110 1236
2202 1639
1360 642
1774 1689
218 505
2216 1013
1716 312
201 394
2323 1011
62 1017
2441 381
2 799
981 1360
1854 78
1360 406
167 1186
1843 1012
1819 190
231 2395
650 343
1646 1360
596 2340
718 2268
1254 2238
2305 1048
1714 806
2114 442
1745 2131
2280 1355
2117 1256
1328 349
409 2000
2023 101
188 805
1693 1187
162 1394
189 1659
77 1510
737 49
723 192
1939 2076
639 446
1606 2139
796 1791
1371 320
1360 232
1651 1248
1133 869
429 1805
139 1374
1965 1074
1933 554
585 1492
2122 1295
1054 1012
953 404
243 1360
451 11
2455 197
904 894
1817 1333
1937 712
489 1116
734 1653
1709 2075
469 525
1941 132
254 2031
2154 1360
256 1803
1861 67
640 2389
589 1972
2162 367
994 1108
1877 2479
1594 43
268 1643
2032 1052
1622 1731
1909 1274
1526 1211
1294 1363
1113 737
243 2156
2124 520
2325 238
1131 2237
1404 1625
579 980
894 1847
1345 2370
38 1130
1747 1235
1889 873
1333 1360
2343 1711
1184 340
572 2315
1680 221
2471 2399
145 312
352 2228
574 1693
1360 1460
230 195
2374 1188
905 85
2247 502
1258 1380
2444 1468
506 1138
952 69
1785 1870
2205 2162
463 2328
1512 1814
1413 663
2253 1957
495 1560
837 1837
46 2155
1102 858
2104 954
833 1725
2235 1178
2146 1637
2066 909
1354 755
1886 1909
2034 2445
1670 1457
2141 582
522 569
2311 435
1576 827
554 297
298 1037
1467 1879
1423 1360
567 551
8 80
703 1388
1620 2195
1360 1891
2100 143
1579 1897
2436 1340
821 2430
1247 485
1202 1448
1032 989
1681 487
1224 752
1101 202
467 1385
67 1427
497 562
469 887
181 2411
511 931
1361 291
2092 253
2223 613
1587 301
1575 513
2328 1512
563 140
210 1031
1556 1523
2058 329
710 2236
16 120
2269 1927
1400 252
533 1317
2081 61
1360 586
325 40
710 119
48 848
1360 1546
36 1739
2012 2351
1102 835
1667 2266
1360 395
2225 1865
272 608
21 2053
427 293
1239 2197
575 126
2116 816
2050 1360
2048 781
565 1950
2454 2431
1675 1360
668 1360
1425 56
1191 488
1372 1420
1056 336
1853 1720
1172 1032
2274 2264
394 1429
2405 759
1374 1726
1127 155
2233 871
1360 1662
80 2431
1404 1922
1670 1557
1063 1712
223 313
585 2
1815 490
1245 168
1321 1222
1660 1927
1382 2373
2109 1217
2017 1265
1191 1641
119 186
1627 1707
1222 1174
1559 734
426 1512
1105 714
645 2251
1389 480
213 1600
2032 1778
2390 1867
908 1390
2248 1483
2421 2362
1563 2386
1005 1019
2103 847
525 1999
792 128
1121 198
511 1926
1693 357
1315 148
827 2139
202 1194
1502 2349
2038 770
2035 2416
84 1078
1360 672
1092 997
77 813
97 615
248 1703
968 1899
502 1178
478 2344
2156 1142
353 1897
1356 930
655 1715
1528 558
2475 140
1255 1018
1360 2344
2430 1632
945 1534
2294 1360
666 1844
2402 162
532 2216
104 1633
996 960
143 1106
1469 1684
2438 2229
1084 735
2474 2095
685 1105
988 1871
452 294
1096 2032
68 199
804 1404
1897 1662
2045 2055
164 1799
2176 1806
683 1360
693 2357
514 2109
2097 127
2224 1176
642 1923
2282 213
576 1184
1920 1062
1120 1360
1635 321
2461 461
1198 1775
246 2170
2126 1360
1486 1403
1282 786
83 929
571 314
2440 1550
1546 150
140 269
692 1322
82 485
252 1628
298 432
1532 1927
2397 2413
957 1990
1860 1360
50 1542
1858 1033
2019 2396
1586 2148
379 47
797 2432
643 656
2119 1360
274 1787
2121 1293
1375 677
1218 1675
2445 1377
114 283
1360 222
1652 1890
513 1784
1360 2171
254 310
2393 295
179 1201
2213 1829
2427 1105
1056 1182
964 1360
604 1294
400 1288
468 1703
1180 873
1980 1798
1360 1630
539 265
1148 1370
1938 920
2459 1137
346 2146
823 1310
545 2257
2250 1026
839 183
1427 866
906 31
1159 1039
302 2109
1656 2145
1421 2206
263 131
238 1346
986 545
264 1599
2287 501
784 1819
1360 1444
1594 748
1559 785
1017 1908
2009 491
1282 1360
1041 375
967 1667
1250 909
896 1134
1694 802
2145 1296
1816 495
486 304
1525 1832
720 1562
2286 1787
335 1656
561 1441
956 1285
75 1536
1774 1868
683 2307
382 2420
2098 1511
2088 2285
2036 540
1690 100
1688 1872
173 2166
1697 1997
2417 2487
920 2203
1138 2469
1360 2044
2472 1360
2071 2453
1620 312
1360 167
1253 233
2158 1154
1326 2450
655 2105
106 1360
611 81
1360 2324
1920 2264
128 788
2117 550
763 1040
1692 1865
790 907
1360 649
1061 1968
796 108
1089 638
1086 1822
722 1413
2393 2360
1932 2416
1865 87
1729 1929
340 1119
1047 811
2219 685
2107 2462
1650 150
1360 1842
1756 40
2384 482
2193 2468
1040 1887
2432 283
1144 568
1193 1360
155 1560
368 7
1640 1603
1808 1360
1700 2132
1433 649
2319 238
246 1031
891 1360
2270 1820
1419 1628
1013 1503
191 2308
1071 675
2232 1803
715 537
1594 200
1323 2159
367 1504
560 99
214 1962
1207 1000
1823 327
466 778
2210 1741
2400 1233
1360 484
480 232
602 1923
1247 636
731 1832
996 1277
975 2399
186 1401
1117 874
957 2085
186 1684
476 1601
1360 315
2013 1561
1544 1360
877 1360
1985 1721
523 316
1385 371
1115 1021
992 638
967 2010
1467 1914
2291 1210
2164 634
725 1387
153 1166
745 2342
1226 1425
1242 553
598 1668
951 1360
747 966
1314 760
1360 1232
860 1974
1399 802
1360 418
1605 2320
1744 1317
954 1989
1264 42
2035 1178
2049 2293
1823 741
513 1360
45 1290
747 2126
1618 1056
1225 392
1119 1644
2249 1677
727 1838
1189 2195
1303 1146
1813 1421
543 1360
163 1360
501 1521
1360 1545
55 734
1741 1251
2168 1345
2254 2029
1154 1586
204 438
112 454
266 1353
1930 1765
73 373
1196 351
1891 1292
1365 1431
2238 1942
667 1224
900 717
1701 2473
89 605
2289 134
769 1704
1107 2300
726 1360
1530 2094
143 1625
60 2292
2374 1291
833 1360
1827 1008
1372 1368
2073 791
339 1516
513 2329
624 2165
215 1700
2101 2070
463 1927
1188 1649
1418 178
1360 655
1485 817
633 924
1373 1360
2137 2209
200 1476
604 2262
664 1790
637 141
2157 161
1487 1556
113 941
759 1452
2013 127
1585 2170
1229 24
730 674
2085 938
757 238
1974 278
380 2252
435 348
87 1477
1284 2104
2451 2082
1360 174
2450 1055
1302 1136
2448 877
2184 218
1485 1865
1999 762
1234 301
999 1124
1360 1042
909 1360
831 396
618 1319
1402 1816
1482 1708
1360 664
470 2392
1247 1560
1185 617
1 1224
547 1548
111 661
346 479
2037 1662
2182 1982
1070 1384
1059 1563
2436 1929
1360 899
1774 2049
1360 426
1491 970
707 1535
1863 306
999 79
1311 2164
1778 809
1008 1846
1223 467
1680 2102
361 1281
2243 1042
1751 1502
1160 1878
261 925
915 1394
774 315
2285 1360
2023 229
1195 1430
2450 494
1958 1360
763 839
1868 1851
1822 571
2306 483
744 702
1897 2396
1925 951
1950 520
1706 888
1360 2023
4 332
1382 1091
1269 2408
1058 1755
249 133
1360 907
1356 1392
1360 1774
465 1320
2006 2024
2135 2044
2369 2474
2437 1360
1776 2454
2297 2192
455 716
1217 1192
1501 1009
2132 413
862 877
426 1855
1360 259
194 384
2160 1591
2150 253
2022 1334
2395 2178
2214 2215
39 1338
2421 654
1664 1461
1838 2227
242 219
1500 2243
1349 2403
785 2199
531 337
430 1701
541 2272
1563 1190
744 777
764 395
334 800
1105 1579
849 44
14 772
1369 176
1088 1852
24 501
2275 1032
1850 1360
527 238
586 2245
1845 884
936 1134
1360 634
547 1584
1821 1355
1913 1360
643 105
1609 2478
1300 1054
1675 1128
1723 2419
1520 1313
2090 973
753 457
1591 1855
668 1028
1013 471
1531 1961
211 1624
44 1360
1594 26
698 155
2023 2256
274 1360
1573 1450
41 573
390 1548
1360 1208
2250 2220
1688 2254
2394 2315
1560 1323
169 959
441 1521
2263 50
193 190
1891 1051
228 393
886 949
346 803
1360 1404
67 1793
1317 2294
1360 2107
1360 1666
902 2416
1316 382
69 583
375 226
1717 2078
230 2205
629 357
1728 541
2094 1640
1270 2268
1820 1763
651 1512
734 34
79 1304
680 818
545 1363
1777 1739
2399 852
1522 1760
1651 1341
1668 2113
2216 1360
344 1327
1045 1318
433 1059
1674 1076
454 567
1431 2006
1775 1789
41 2318
534 1384
1360 2291
1957 2011
289 1184
2410 1498
1290 1619
2127 1630
360 555
1701 2450
1864 177
1930 2187
907 326
1006 581
1360 1202
1993 2205
2140 1498
1102 364
872 1360
1186 407
89 1091
90 1477
886 2120
406 2423
508 1375
2221 1415
1266 561
228 2254
1606 1695
1214 2425
1360 622
733 2319
204 2258
1930 2174
1865 308
748 626
616 1028
2366 1426
1934 1712
778 2395
2402 2295
1360 2414
974 619
155 1263
10 2433
1272 1496
1244 878
1493 1229
297 431
1894 1880
1057 183
86 234
1360 1087
1889 1069
689 1613
2139 1399
2197 1980
1865 759
1263 856
1749 635
1675 398
2136 1360
833 601
445 1360
1360 2099
1593 451
1704 1025
1122 1922
200 1866
243 1281
1941 961
244 1871
445 1645
1141 733
259 2222
1170 222
2271 2191
270 1973
638 1360
2394 377
2391 1100
808 269
1956 1486
2339 827
1877 1360
1380 1904
2178 1360
913 1318
1931 1163
834 382
2414 1240
1360 1833
2093 1779
693 679
772 374
713 3
59 2063
415 1903
1458 2262
645 1913
2152 290
136 2157
1764 1029
820 1028
2284 498
1507 1965
2098 1451
1633 235
2186 650
1360 1941
310 1360
1683 733
2430 204
1853 1954
717 315
310 207
1892 745
1153 803
1360 595
1169 1625
403 316
2036 1722
2388 1215
2296 959
81 2214
2000 152
109 777
317 1599
2419 2449
1442 807
1731 1432
2125 1769
641 1974
168 156
1043 1360
2329 129
1170 760
2080 1672
1360 2393
1958 1511
2213 2392
70 2082
932 833
1152 1344
41 929
1397 879
997 1489
604 739
749 1612
2134 2261
376 1819
1524 329
1547 313
874 2197
2399 348
397 72
729 2118
1360 420
580 1355
1784 1104
265 1347
285 876
1543 823
1187 2385
2195 688
382 97
291 2283
1029 2451
1360 650
750 2187
2242 2244
1360 1844
1824 1400
376 1657
173 1558
149 1485
1360 60
1767 1878
1379 198
812 120
919 586
186 1360
1307 2103
14 780
1830 639
1629 2305
959 653
376 275
323 1810
1335 2201
991 581
2116 1620
259 2021
287 346
480 1873
983 1229
2118 174
1019 2213
1082 1661
2311 2314
578 1360
1615 2487
344 701
2444 951
2223 2045
527 208
477 1065
1704 2439
1236 544
2104 504
1833 2433
2403 285
1360 2463
1436 1122
996 751
747 1145
2158 40
1830 440
1774 382
219 1203
1440 1947
1326 1064
1871 1360
2335 52
832 1278
445 2153
2198 509
725 2384
278 967
587 454
348 1948
455 630
413 1548
1854 2365
1555 845
987 254
2313 9
865 2285
2459 692
2424 2139
1691 2488
1495 1046
1360 1005
1435 592
1768 954
41 516
476 279
1469 882
2200 1018
1519 714
115 2170
1369 343
2014 877
1228 1360
703 320
670 1605
826 1360
614 1145
2254 1903
346 279
2130 909
772 2463
338 1360
274 58
1038 1685
46 684
424 1946
1360 1693
1867 1568
2225 2203
693 2331
1811 985
1587 1001
216 9
1675 607
1602 829
1360 541
2217 281
2209 2260
806 2382
27 320
370 79
299 1491
2218 2151
520 2273
501 1360
2003 1526
1803 982
2277 140
1179 1066
1360 540
934 1746
484 444
1923 1983
1482 1484
1994 1042
1464 99
2342 1146
929 306
245 1357
1744 475
1379 1304
1625 2139
2368 567
1050 916
1977 2146
811 421
2285 1088
357 242
1456 1158
1297 527
1891 2304
893 1360
2388 1780
1360 2459
1893 1248
262 1261
1701 695
1360 2197
1880 909
1230 2438
1235 2021
2442 2139
1545 2376
1360 863
2418 1360
520 1360
1808 1080
712 998
2275 649
1247 1360
458 1412
1727 1945
1641 1360
691 825
2295 535
1674 155
2205 2220
1784 1011
20 2265
967 1360
644 686
192 1214
1171 1700
517 1517
2155 2480
1110 2310
2074 1034
1360 1568
765 1741
1915 2358
2334 1677
1953 1703
633 591
1738 2192
2089 1798
1471 1091
2338 953
1360 1299
309 671
1360 1
1611 369
355 64
800 1320
1769 513
916 330
1360 4
270 1353
1941 1414
1053 338
2245 1679
1995 1614
2299 1017
927 2437
1835 1467
1360 2254
1360 1007
1602 2057
1312 925
940 60
1360 2363
380 1680
941 2321
1336 855
1004 1360
223 1112
1895 239
64 1682
1685 2341
2041 694
642 2310
614 2372
2053 699
2149 1743
695 1499
2378 2190
976 2310
633 267
1031 782
2184 901
1224 1473
2040 2011
690 288
1488 929
1597 1183
2451 1245
2436 531
1360 1819
789 564
1616 429
1941 474
800 1348
1360 2123
159 372
2062 1176
373 2452
2430 698
1826 138
1642 1774
360 1161
2112 1661
1380 881
2256 1896
1360 2094
2397 1125
342 197
1360 2194
340 152
158 6
1545 2279
1526 172
1325 1021
1231 1816
610 2395
1237 156
462 1539
725 110
1267 893
975 1072
811 1819
1800 2057
2270 499
1944 274
359 1118
363 2422
515 1308
1337 102
405 477
1552 892
57 1190
2358 638
1965 1360
1195 623
402 1374
2037 1071
926 717
754 1086
322 716
2096 1031
691 1921
1360 1864
456 951
2052 485
1220 452
1772 2484
2137 1548
578 1002
1192 1044
288 737
971 1247
1720 1870
755 156
2453 2065
1760 547
1360 1100
2381 543
682 1212
2475 1636
1033 218
1495 1227
1951 1327
2192 1360
1360 2169
1360 1489
608 1360
1516 2255
1854 846
1908 1460
1063 597
1921 573
478 285
1452 2426
1397 561
798 1024
2463 299
1236 1909
317 1699
1221 1320
1018 2042
291 2447
1283 146
2138 1155
1360 2330
2438 1306
1685 1393
1459 345
958 798
630 738
1387 2204
1834 1181
449 385
109 2436
1251 2485
839 1360
2033 468
864 1360
1735 338
14 17
251 2478
2133 950
2433 1783
290 1360
584 2256
91 2284
75 2384
1020 2248
1327 1446
1802 2189
1998 893
991 1797
1391 950
512 62
2398 2275
526 312
871 1438
1360 1132
1770 1222
1826 507
975 293
1581 41
2064 1224
947 2032
1371 1360
1050 1566
1454 788
1975 1111
1254 1920
620 1841
65 2359
355 406
519 1968
684 1733
1956 2327
727 1673
202 245
218 401
454 805
79 2201
871 1066
1483 186
1949 22
206 1244
496 2084
1762 1379
1118 1501
1360 346
1404 1259
1752 2371
1360 1556
2374 1691
1807 2439
1978 160
1367 1987
2449 250
1643 1360
663 2030
1360 1776
238 1360
1351 2486
889 447
1539 708
1222 726
276 538
36 1360
1432 310
911 1262
1472 1360
1638 1700
1791 170
2302 1215
1022 216
1360 611
872 791
953 603
1360 1668
767 284
1090 2311
1148 1207
822 2006
935 490
406 452
1564 903
1411 2336
2440 268
1366 1668
12 722
732 1308
2427 1574
2050 1482
2086 975
886 1024
758 178
1420 2267
1690 766
1017 265
1027 1955
1945 164
1500 511
46 1360
955 403
1633 1904
2234 1556
693 1360
1360 1631
1645 1490
1506 431
911 1360
858 2
523 1084
815 1426
2474 285
723 1902
1626 106
38 1970
1351 2176
719 1945
202 2406
693 2365
2411 165
1418 648
1463 836
1515 326
1360 2046
446 1796
942 92
1360 1508
1567 2021
823 2435
313 1907
910 120
1077 1452
1265 1246
372 1360
1594 1360
1687 2254
279 937
653 1984
1067 1933
2149 1224
1360 2477
272 853
2216 1424
1156 2169
2348 654
387 1031
223 387
1498 1055
1129 1509
606 2198
2061 1790
2485 383
34 1271
1605 180
1732 2005
984 1955
2346 2005
1360 886
789 711
1676 573
1360 2009
315 2092
1786 347
1795 483
274 464
900 1265
1864 1537
1461 551
1407 2172
77 1360
759 2411
362 1088
1920 1360
652 542
2371 800
1360 561
224 556
1275 237
1392 13
2183 1834
1597 2067
642 2364
258 372
1286 486
1132 2190
2220 1732
889 459
2156 1895
1360 2075
1075 444
1360 1033
1481 161
649 2114
2002 1472
1823 1146
368 1373
942 1933
1146 1594
2399 1360
236 1113
588 963
1228 1295
1439 2379
1668 665
875 746
2123 1884
2244 1805
381 238
1389 2079
1448 1911
625 13
468 67
1360 1214
166 1905
1054 1593
130 5
580 57
501 1986
1238 1440
1883 2166
1252 1360
1831 1816
1360 1991
1524 751
264 742
1360 2351
2192 1841
557 2119
1766 1126
1674 2352
1410 1193
599 1143
71 2272
802 1748
980 1360
190 1219
1520 1032
493 163
1093 236
2278 1641
2245 2230
1505 34
1405 664
1830 1449
1296 2361
1218 1010
838 1084
2170 1648
617 655
25 1360
1511 1325
1166 2225
1285 944
687 1360
273 1245
445 658
1607 791
519 1360
1478 1360
1102 859
783 328
870 109
240 1854
1551 2398
1360 1337
2268 1036
1569 710
2355 1228
2366 1193
2440 205
620 1094
1360 968
1445 2298
1285 1360
1107 740
747 1434
235 2151
567 1360
260 1427
1435 2241
292 594
2393 631
1360 836
1621 893
680 1920
1139 2344
2027 1541
1974 861
1672 1282
2463 1788
2031 2142
2123 126
1993 1988
796 521
556 659
299 304
1360 1750
1360 580
296 652
678 198
2216 385
2062 1588
320 2008
1360 403
1344 655
1382 560
278 160
1105 2290
2144 2184
2142 643
483 1901
1360 682
1360 888
776 2225
2015 728
516 2458
1810 1894
2284 1336
1643 389
1459 1360
1213 497
1197 2139
178 687
49 23
335 1875
661 1992
1741 1608
2382 908
1357 2333
628 725
837 851
1513 837
1363 423
1912 787
933 751
1455 2307
948 307
880 1934
2357 1260
1921 2308
1100 1097
1372 1669
1360 828
422 1265
2206 1138
450 1792
2211 1360
1762 1360
2062 366
118 1979
1612 1656
189 1553
1392 2175
247 1529
898 288
1021 1533
4 227
1736 1314
1753 167
473 194
1758 2292
812 1667
2068 2244
340 909
389 2208
988 2353
1757 194
1360 633
461 1360
1360 28
686 1715
570 1360
1054 341
884 2015
1206 948
253 945
1560 1609
2214 1818
1508 1055
624 375
313 277
1423 1647
773 1348
1915 209
1665 2091
228 257
2481 2180
2205 1782
1126 1654
2415 1928
1008 1360
1542 2282
695 2467
481 75
1467 1360
1828 1374
370 1918
1242 993
1921 47
1332 2273
436 1761
850 2346
946 928
775 668
1940 1563
1839 1654
1917 1454
1360 140
1360 979
1131 2175
1937 1696
1118 1719
1853 1891
1474 1157
283 1360
495 2482
392 1069
750 1996
1102 2449
2377 1782
2001 113
1206 2274
994 1368
