2500
1019 2279
2085 210
2066 1573
84 1695
1638 2017
918 727
1955 356
772 192
2177 691
1229 1315
20 1096
1421 2124
1125 1627
1219 1521
315 2317
1921 725
1376 185
1021 506
2217 2177
2220 1726
656 1834
2187 1520
1958 1374
1007 828
36 1891
1434 361
2292 71
1214 1732
1389 2103
1010 718
63 626
2494 1004
542 1569
1598 2062
147 333
1278 2462
2203 2391
261 1905
2403 478
1384 1844
2046 175
593 613
2427 1374
2077 882
177 2255
17 1545
281 1759
109 612
1122 769
1047 140
1430 1181
93 1465
12 1205
665 1003
310 1279
2385 26
1212 1103
466 2088
1504 2430
1117 517
1356 2224
2008 2325
814 256
2488 655
1743 862
825 2414
301 1835
189 500
2282 794
750 870
2045 571
27 383
1678 1394
2086 1038
615 1670
1306 471
1784 1788
2428 1437
1148 551
919 2280
340 528
2435 39
1857 1121
2206 1848
2235 1796
1052 386
1725 885
119 140
1440 213
1707 1420
661 1354
1200 1373
2352 900
1546 1230
2065 319
578 2434
1315 527
942 1512
1583 1724
663 1256
1423 1722
1176 1923
274 1777
1968 1963
2185 478
2295 1703
927 440
1060 2233
253 3
1616 914
636 345
1950 2481
1288 652
507 1821
1842 1899
2159 2429
1384 1106
1974 1518
2387 1152
743 856
1224 1210
552 1911
786 1049
1084 2191
2087 1718
2227 2290
413 758
1720 315
2335 1395
1372 1316
1911 1104
1338 280
985 686
1157 493
846 425
710 1355
746 1457
2442 1790
1675 128
376 247
218 1968
1373 556
2393 1145
838 1730
1367 2366
1409 1042
1966 519
300 661
1913 173
2348 35
1493 692
245 441
578 1584
382 1113
1724 14
813 298
134 1191
1932 854
560 1856
729 2452
2188 510
1029 2064
1728 86
862 470
207 1402
1417 422
877 1401
2325 2361
315 1652
1048 671
184 2433
730 517
1174 397
2073 803
2328 2046
1842 1653
43 1537
424 1582
771 1638
97 732
1990 1521
1918 614
2399 2247
1550 1250
945 2104
467 712
1436 894
281 1630
593 1907
712 1949
2486 22
1759 2168
2010 1853
1733 2075
2052 777
2182 1194
1430 2001
1570 117
2284 1206
672 1883
2023 1996
2081 1967
292 1315
362 1030
2065 407
1485 282
1156 1223
1354 1621
212 284
1999 1172
828 1013
2170 2251
124 2445
1550 2145
1058 1584
1163 1793
1193 1878
183 2358
796 1973
2071 1613
2289 1228
946 1396
829 590
525 1075
640 1351
700 107
788 1043
1219 2024
1849 1357
1195 2128
2420 1278
1939 461
2371 974
1314 320
1410 1758
77 2165
2224 1385
2249 727
292 409
860 1587
2211 268
1116 698
2194 331
2001 789
254 1659
623 1254
1680 2466
1141 1979
1470 1471
1209 58
1063 1854
979 1676
1618 543
111 1521
1355 1322
1078 299
985 81
909 707
574 307
1187 2043
1314 2200
1693 232
73 845
2254 147
2272 1120
105 2398
735 204
1454 1815
986 871
1458 2481
1787 897
766 1889
1226 1101
67 240
768 117
702 1583
2394 1049
1118 1922
704 1978
456 1762
1076 1593
2169 614
1351 1273
166 465
65 2147
501 2073
1263 184
111 1959
1914 1586
1651 657
2283 2472
783 1378
260 1594
1946 1248
1603 1855
999 66
1220 218
521 757
669 801
646 1452
478 2488
2432 1022
625 184
1203 2036
1249 57
1934 760
1998 2294
1762 1973
815 1474
501 373
589 461
107 1504
862 330
652 1630
485 250
2363 1803
1835 406
640 399
1492 822
773 332
1287 584
966 1747
2387 1443
202 157
1631 1473
2359 1305
112 612
1662 227
886 997
1327 1931
1781 29
1596 1916
157 1508
2194 447
1074 959
1209 415
1323 1647
1017 1849
186 1094
921 341
2294 242
2462 2181
1943 2013
2393 1818
72 2247
71 770
164 727
1601 889
602 2279
2354 1857
384 85
1062 557
2440 1316
1726 2371
1663 228
18 1902
2432 48
1542 600
1849 1351
1719 2273
268 1224
128 927
686 767
233 984
215 2481
1249 691
1097 104
2025 2294
154 321
208 1887
1894 1986
1106 578
1157 1050
1998 604
1969 563
274 2493
1624 257
680 377
504 2152
532 264
1010 1286
556 909
2500 2291
1011 2060
2247 2221
2299 1426
303 734
2264 2116
154 2147
1273 1419
994 1582
1133 416
714 272
629 1624
1255 771
2333 1687
113 1738
2383 1995
469 122
670 1957
480 924
1835 200
2333 1322
1923 724
279 1135
692 2270
574 1441
1613 1022
1569 328
1416 2361
1416 326
2356 1244
2408 1233
2009 2105
258 1859
109 132
1314 1642
1369 663
1109 117
2326 685
2471 2095
1875 1387
554 1735
1902 1675
167 1977
1225 630
2206 1120
665 1144
1227 1393
281 587
2157 1031
2134 117
722 1536
2247 1351
2032 1820
417 398
2179 776
1521 1248
1692 1592
1854 2051
941 800
2012 2339
2273 1193
1455 2309
1258 2016
1396 734
983 2387
764 373
2298 1574
2323 342
1953 955
1806 1204
2001 129
641 1970
1231 362
1833 1799
1236 1689
64 768
1711 1216
1734 1597
865 455
1159 94
437 2128
2403 845
15 2099
1365 1530
2387 268
810 1702
1032 1915
2228 1058
2375 1847
1986 242
141 1765
2173 1649
778 1814
2213 2072
1334 1318
294 1351
577 1217
1073 2379
526 2266
17 267
956 2218
2307 2181
249 1333
2204 93
753 785
30 696
2232 2486
1856 1489
994 1329
1508 1735
1075 2444
700 966
1540 1736
1972 1980
570 1300
1057 1654
169 1954
1751 1698
1891 1742
978 1189
1672 1249
2109 686
245 746
1763 759
28 1975
726 2190
2071 13
351 945
1071 1865
676 937
841 493
1931 1213
47 59
1671 1385
1300 441
594 1315
1904 2042
170 2233
434 263
1373 2094
420 1297
358 812
1296 2480
1665 1750
2324 339
1845 2205
2296 2047
2201 1817
850 353
593 928
586 650
1674 1730
1349 659
1356 2446
1972 308
872 368
630 2185
2086 2252
1361 944
1540 2236
1239 302
408 10
1136 1724
953 1597
1795 848
1863 1019
54 1782
2210 2498
74 1367
2110 139
1184 2482
851 2366
2355 1163
847 553
773 582
2223 1432
1621 2371
2067 1534
683 1859
567 1324
1912 564
1505 445
313 686
422 2072
951 1191
1116 2078
1659 594
2267 1839
2142 344
190 2109
850 305
602 525
1870 1263
1257 2131
2332 162
2166 1890
105 1305
499 1643
1518 1051
105 2089
892 852
227 2116
1155 2
1154 1381
1808 41
1501 753
1609 942
844 1958
205 557
1727 2146
884 2230
92 1997
1739 548
1887 1973
2321 901
88 116
1967 362
24 234
1118 379
1695 1824
1670 21
1735 38
1405 2182
490 2002
1451 1993
1091 590
496 1215
1056 1890
1747 1454
599 1193
308 2436
1832 99
1525 1150
2306 933
2260 2302
2172 184
637 1203
1059 1377
2448 472
2080 1974
1505 1001
2303 1288
1026 302
1096 2460
1079 1525
1121 70
994 128
2078 1466
2060 2034
1252 971
2289 2413
669 1776
885 2040
207 597
69 2394
1209 1232
2148 2434
1846 2005
2414 931
812 2299
407 1383
33 1652
267 1607
2056 1976
1481 1468
1486 982
492 306
810 1709
897 243
758 2042
1540 1215
2069 993
2380 264
357 550
2182 665
1877 726
587 879
1644 909
1275 287
466 1429
1503 2026
281 883
539 1294
1530 2477
939 1166
675 899
2118 1041
758 2127
907 239
1901 931
1792 1890
695 1859
1307 2133
1618 962
1567 1669
2353 695
1310 768
797 2044
1806 1958
1375 230
580 1408
1283 1986
1080 742
1401 641
1465 969
2012 1772
1521 2157
2453 2136
848 1067
1448 98
834 1722
2109 549
1616 2345
1803 288
2085 540
328 1128
2476 395
833 669
1240 2476
910 1830
634 1285
2397 165
1791 2487
2327 1471
1961 2357
791 1682
1854 670
949 816
78 1688
2282 855
28 1952
2288 557
2395 37
1282 1338
2396 2173
209 397
327 2144
1577 992
735 662
486 1061
956 900
1693 2469
869 257
393 1496
1936 878
1670 1715
1564 1754
93 2379
2175 1611
412 349
191 693
606 811
673 637
1380 2393
240 3
900 454
1673 235
1461 598
882 24
1274 1625
2322 1622
1727 449
446 115
2451 2334
2243 1943
1248 1542
2284 855
1291 1632
2452 863
1129 1539
1827 83
474 663
277 174
2304 2392
1370 2204
390 1942
1046 636
1606 1186
56 1165
1415 615
1845 1838
1714 1207
920 1232
366 1164
1857 2166
35 93
20 745
1296 1846
648 151
259 69
339 637
1092 1713
381 1209
1881 256
446 665
796 2312
906 596
1596 1264
1101 132
232 653
1686 1278
460 2297
201 1603
1764 420
1404 2400
2471 479
1377 912
1165 1936
231 315
956 1173
1472 30
1468 1914
1968 109
1723 1295
1954 501
1565 1280
1851 152
294 544
1107 211
2316 885
754 1791
2411 2476
250 294
459 708
1633 1407
2251 1798
1450 340
2145 1818
733 1421
2317 23
113 1617
2072 1850
489 2251
2204 364
2410 1347
1092 1038
1274 293
1060 2072
1519 1149
245 1643
484 1928
460 1605
495 2207
1153 1140
2400 1118
53 588
1556 303
2087 1166
862 879
1589 1238
2062 873
943 235
1919 101
748 2248
2471 2279
738 930
2178 1680
1315 717
1391 1891
2455 694
188 2270
105 2370
368 1479
1558 1662
1658 1346
383 1439
1615 1724
2258 2291
234 1607
1155 2343
125 176
42 1453
1208 653
1900 1866
2364 1404
4 709
1573 2149
1925 2097
145 1630
1911 2269
705 944
755 676
1261 1394
2473 256
2322 1598
263 685
381 2322
1559 1016
1904 1330
356 1513
1686 195
2083 2020
432 1391
1554 2004
969 1222
2381 1909
1299 609
756 610
1670 2442
2099 1445
1259 1701
1245 20
469 2050
1859 2140
774 991
1606 1528
471 2111
66 2214
1883 11
773 1121
1064 922
1061 1806
1969 37
2116 1722
471 2165
1054 2466
2361 1893
916 530
2484 1936
579 2108
816 719
638 452
606 2179
2257 2429
359 1616
255 779
143 1757
1044 1042
2432 716
64 1703
1210 1055
834 394
709 1871
817 766
127 481
2054 631
284 2275
605 2393
1035 1882
697 1842
1086 590
2001 1068
997 2363
92 2210
2129 633
1039 869
2125 250
868 2279
1495 280
542 2123
222 145
1979 2194
334 2135
360 1679
304 1451
582 419
661 1538
490 1101
592 1412
2282 87
1594 1585
254 278
636 2267
118 259
1130 291
1972 1586
565 1129
366 104
317 1401
548 936
2272 2041
509 1373
100 2308
1778 2188
1935 1700
260 44
438 679
2001 2222
1532 638
654 1460
1661 1540
2020 594
221 771
789 1523
2490 2349
1629 2046
1148 679
310 1908
2454 678
1209 1633
2250 1489
1437 1833
1898 1678
367 1037
1977 1200
1282 2029
130 2309
2121 699
393 618
1658 2014
538 30
1406 1572
534 1678
175 1783
804 462
77 2449
129 909
85 1808
228 513
1840 2455
660 1162
1198 370
381 899
1575 2498
480 1130
1883 1867
310 401
458 1380
310 1709
2166 2196
956 966
1773 1779
2237 2142
914 2283
2342 1573
2445 1165
2128 1008
1246 69
1403 1701
987 1111
2020 1478
1858 869
35 82
1474 1694
1725 1035
1790 299
1985 217
1456 69
328 977
1212 1315
2459 940
1459 1393
2378 1748
1872 1311
623 2118
663 885
1238 610
627 1288
2117 2206
1849 1506
1810 1322
1941 1742
1113 1605
1965 885
1333 1396
581 2232
2109 1587
2209 1356
908 1129
1626 305
1888 102
1653 2393
2096 1772
220 2485
1648 1667
1601 174
146 759
59 1611
1254 1852
2454 1174
1139 1950
2411 1747
1030 1797
2179 695
493 284
2459 2134
1618 1491
196 2061
2078 628
2478 1340
2268 489
1215 2157
617 1751
1620 2088
585 1167
1788 2013
832 313
1730 1815
2048 2156
945 2371
2121 197
421 2221
2425 1342
2118 1371
2091 1052
1241 184
2472 136
1812 1943
626 2391
219 1154
1288 2188
2281 1553
265 383
418 1125
304 579
1739 1911
2377 1345
2193 661
1986 1064
981 1884
429 154
841 2368
1817 2322
2055 576
991 1072
1293 970
2421 1821
1943 989
1527 2491
1811 1361
1160 1360
792 1441
809 1274
655 2158
1780 398
914 2049
891 1634
1999 879
1984 1201
1547 2409
384 850
385 293
1304 892
375 193
1614 234
1809 2430
2394 2445
925 670
1983 1232
427 2064
643 988
292 1116
1065 1258
1433 2301
1873 1133
2113 971
843 598
2404 2245
2253 1108
577 1747
2360 2340
2155 2157
789 1578
1900 1846
1480 613
515 1199
983 948
2039 689
971 1384
1108 1337
137 2024
1615 1517
464 2411
1804 1470
1087 2394
225 949
616 2411
237 1901
1632 1081
2172 1610
985 185
1769 593
1441 2455
1587 1978
327 1328
271 1373
2433 442
1711 2461
1488 393
1821 2319
1866 1099
2173 2317
1333 1243
2365 854
2415 775
1322 1917
1678 2325
1223 1368
495 985
1045 1491
25 587
285 1646
2148 473
404 2327
58 1119
1115 704
1765 2074
796 1956
2204 2401
388 35
677 262
2260 2318
626 713
383 123
1016 1390
1477 2107
1880 1308
79 1642
1836 2108
1582 1805
992 477
556 572
979 2236
155 2354
186 2270
707 1628
1461 181
978 2301
1943 2489
2388 322
907 1348
1670 1028
1681 744
1076 1327
867 1134
1971 414
830 706
841 1196
759 437
143 345
1058 524
405 6
692 2457
246 1962
1386 1639
2126 1695
371 42
1101 2341
1514 942
2072 1460
1121 333
1135 1929
96 712
281 37
1385 2090
1495 1428
389 2210
179 849
1716 169
2101 2161
1499 1344
1578 1859
1020 1200
709 2026
1451 231
2456 302
19 828
1400 1017
1627 521
91 700
2109 154
1534 1312
2073 588
64 1209
773 245
2046 148
1719 1730
2429 882
998 963
809 1802
1947 166
2256 1665
2139 682
708 21
2085 1140
649 1649
144 1802
1651 715
2100 2032
146 923
1424 603
575 1724
717 1066
514 2412
2369 1411
1083 646
1114 2339
1615 2346
403 1444
904 2141
901 2020
1809 858
957 956
329 2456
942 2293
2072 407
1152 726
1907 425
795 55
523 1168
2210 2281
1547 1158
206 293
2220 1198
1581 2280
2177 740
2407 1431
875 836
263 1705
2409 646
1592 2499
2273 519
2004 2060
2235 1926
602 853
1920 1277
1746 2193
643 651
2195 1037
1801 1961
2196 665
792 1555
2235 497
1298 2229
2064 567
526 391
788 1254
117 1708
128 160
421 400
2485 28
1322 2330
2008 1680
1328 1580
436 2476
2147 1127
230 1224
2385 549
2018 15
2024 502
99 2460
1384 100
132 1116
2173 1767
60 2102
2476 1462
539 2320
426 2166
863 1844
2181 1183
1890 2009
152 2164
1337 2415
1433 2392
2005 2007
2028 405
2008 536
1467 2239
968 2043
1420 791
1688 122
727 1242
138 812
2244 2362
406 2402
2325 2457
2008 2337
668 1409
1973 1487
1357 2000
2029 1945
2380 2237
2389 310
401 1390
609 1004
1748 1047
2467 199
1497 621
1082 1131
74 96
874 1039
1838 904
1089 1857
2431 1628
1911 2225
1638 1401
1962 1513
608 1397
2374 960
2242 2287
800 412
343 412
2370 1365
603 372
903 741
1511 1501
830 2059
1892 2362
453 842
1330 1777
822 1679
1803 1827
682 926
1303 1112
1795 761
609 1188
584 1806
2159 1057
1360 509
328 2380
1796 522
699 338
273 1466
1864 1349
457 749
642 1120
581 102
1759 645
1077 953
1724 2210
296 116
86 812
418 535
1894 787
2055 1052
1463 1674
27 1170
149 1216
986 2086
1807 863
28 1079
949 1018
1332 1349
2143 2064
935 1735
654 2235
213 514
656 506
1232 1313
2448 356
1268 1634
1382 104
2082 2262
1988 406
2199 1757
913 1651
2300 1019
2197 831
1395 1608
1815 1377
337 1616
2449 1547
118 1927
416 1858
2221 817
355 973
981 2479
2289 571
1548 704
2462 931
1296 1557
1386 609
1085 352
1393 996
840 2450
592 1219
2235 708
1161 2017
1572 224
8 1226
1258 2309
182 481
1330 760
1645 2414
65 1758
1782 1155
172 1691
1622 2289
93 2430
1314 797
163 1325
2484 312
837 704
2070 1509
228 2498
463 919
2411 725
1547 405
1326 911
1745 1462
1537 1587
660 50
1992 418
1879 1020
1444 1463
1069 653
2282 1349
2272 301
2043 1627
2294 1975
1937 875
615 1685
2015 1760
1712 1698
309 194
815 311
2031 2145
1611 2226
2309 1724
948 483
2354 1711
1007 1475
420 2425
653 2475
2362 1621
460 546
2186 1949
666 1293
1465 494
249 1326
1488 1735
1619 1621
1677 1705
732 2022
1571 1251
2175 135
294 724
1642 1293
166 1343
407 2035
751 1117
2415 132
978 981
1399 326
1943 995
1179 72
1032 602
282 1460
1551 2247
1236 1512
821 1466
387 1388
161 2316
1756 2439
1123 2263
844 1260
934 1761
1673 518
714 1826
107 1528
2418 342
2116 2177
864 734
1892 2423
2388 956
1442 1358
1807 881
175 1951
1330 1203
877 1768
177 828
482 1619
42 2103
875 2182
839 1515
1943 2174
2382 342
243 668
302 1527
399 2122
1271 1305
1482 2171
802 2319
1364 1550
2446 516
2424 1593
711 1196
2419 1944
1731 1336
2376 1647
658 676
1605 103
2105 1413
1142 1721
1611 2153
1976 601
1516 1682
568 977
662 1698
2405 735
1426 2416
131 884
1447 1827
1657 235
2370 61
1991 942
1772 965
647 31
864 2239
2066 826
2031 714
562 529
857 2411
1027 1009
1348 1234
1593 2426
2319 2482
635 471
1729 2449
1119 1766
347 1773
619 1660
324 2265
526 1232
1635 2169
1960 1080
1015 1891
2108 1911
2227 207
2401 158
156 2322
396 1056
1775 780
1515 127
1190 526
734 580
606 2150
1014 500
153 2500
1522 96
598 2417
2311 1758
512 1407
1705 990
2354 2377
420 1749
1903 1954
2056 648
921 1280
1858 606
2058 1047
1878 1897
331 1883
1566 1562
45 786
1090 778
93 393
2163 2088
181 1621
1906 105
1885 592
1143 152
323 2458
2422 2250
2276 1859
386 310
1365 2410
1039 798
2216 708
2301 2223
1040 304
2332 1855
1212 561
1366 828
1576 827
898 1790
2224 1002
687 1406
955 2030
1605 2152
1994 2147
1561 1622
1490 1539
492 1568
1589 1137
1212 76
1582 1088
284 1806
1630 361
357 1822
2247 1502
2129 2445
1082 468
2443 559
1623 2348
15 1579
459 896
462 1802
1421 1569
1515 677
223 1685
595 2265
828 953
1031 1794
2497 1729
1897 261
176 2286
2151 1464
2331 1866
2165 2425
1488 624
644 2074
449 1795
1533 584
2014 227
186 1718
964 1695
1369 1827
251 1034
1978 314
1680 297
1315 674
274 1935
2018 2306
1782 1315
1122 594
1071 1129
1267 386
709 2079
2177 1929
24 555
929 1042
2167 2108
1987 820
1103 1781
707 639
99 1512
203 1330
2188 960
1891 15
1522 2103
101 1614
2232 384
930 1319
2025 478
634 1073
187 893
2234 1833
1394 958
1239 827
299 739
1789 817
2329 1714
2307 2265
1646 1857
1525 2271
2003 2045
1340 2076
703 14
198 978
1398 2014
1770 1353
255 797
1046 569
251 1568
1650 2187
2499 609
1073 1483
1673 291
914 949
718 1219
1852 807
636 443
266 744
1927 1641
1237 122
77 1361
2434 1640
2170 978
709 759
1721 2437
316 944
2108 954
1487 362
293 42
2394 1847
1379 1347
1479 74
2160 664
985 2358
331 1174
2112 2349
281 1648
240 1076
1241 2245
809 450
752 2289
1732 199
1470 230
2360 1788
1169 1669
1067 1382
2056 1843
1868 1439
1823 1648
1679 653
747 1470
89 77
1602 1469
310 2214
1568 615
2166 622
1379 1265
603 2369
1636 453
2120 2457
414 1651
1073 411
833 1938
2016 2240
1841 1866
1275 789
459 1861
1803 978
1815 890
2063 2259
607 2062
780 1330
105 742
1249 626
1770 1777
1446 88
498 315
2410 1740
1655 2214
7 1777
865 2328
1349 2260
2245 1909
1033 194
606 585
1543 594
138 2393
2184 2305
2133 2102
897 1886
1524 293
1201 1132
314 1102
1995 330
1157 1829
2432 1338
992 2301
1755 733
2021 430
1474 2465
735 1270
1860 1006
942 1844
2099 884
2162 2433
516 369
1292 476
2219 703
1001 134
1660 2098
126 271
172 310
1588 1897
1571 780
1788 1510
2277 905
1515 1256
106 2371
1038 2097
1699 2435
2180 1159
138 193
2499 1293
2399 2248
227 365
2493 1182
1832 1289
1942 181
2232 2192
80 1817
591 1461
1065 380
2354 1292
68 869
1910 1835
423 1326
2139 2115
1621 2130
2204 934
441 1138
1027 1116
2462 367
731 193
823 1019
2075 1284
2154 1359
781 735
1505 656
1230 229
2394 1854
932 1290
2406 68
2054 1216
668 2138
2465 2393
373 1309
2056 1143
52 1799
1147 2273
1396 2018
660 797
2299 323
2034 280
1202 2022
1924 1827
180 2080
2442 2085
734 1025
2032 113
1585 1022
1973 1006
1317 2457
1081 24
14 2435
269 257
899 1981
1246 938
1262 1695
957 723
1158 583
695 996
394 139
1982 2142
2351 978
1024 671
36 520
1080 1566
376 1812
128 1780
492 1302
1948 2335
345 887
848 401
605 271
1862 780
558 2066
1695 2246
850 1680
1152 1263
1036 74
553 2369
460 805
1638 1477
1605 850
2163 1900
146 2097
2047 842
1589 1388
270 516
1175 1143
975 1263
2263 2191
2037 2137
1269 2339
2019 2455
289 1853
1473 2356
795 271
1177 2154
1022 1460
236 363
1607 2462
1708 593
28 443
861 2102
1152 1656
2224 179
709 1869
620 2248
1288 1828
64 2298
1148 2273
2073 2443
1806 2059
1425 796
1920 697
503 1133
1191 1752
1085 2176
2151 1815
1563 1442
1875 124
2214 699
613 110
1824 1753
461 230
1246 2344
2192 1569
2060 1590
2441 2444
789 1497
275 1883
1544 412
2102 444
2132 2323
755 2212
1801 590
283 26
868 688
2272 30
986 1363
362 1340
943 578
1012 2448
1248 1838
1518 1531
108 474
671 2463
2318 1835
1292 1276
808 1262
1253 2243
1779 1367
1708 1684
451 2130
240 950
343 1349
2084 46
2274 1600
1674 1336
1912 1843
1125 1791
120 311
1082 762
2442 676
806 996
49 843
961 452
2215 284
1591 2432
1717 1282
1103 2492
867 1022
412 1704
840 1823
308 2470
457 1452
32 2489
647 2269
2337 374
1831 302
133 409
1109 194
863 168
1118 410
241 610
667 1342
808 1421
2449 350
1216 122
2319 594
1447 1303
2175 2370
1439 384
303 1282
1668 31
812 1366
511 2291
1890 1560
226 1728
487 2387
545 659
2078 214
2085 2274
593 889
2319 859
1435 1738
354 1670
1248 1696
1628 515
681 1385
1563 2189
105 181
1054 448
320 1489
2317 1895
1706 600
1991 1604
1124 1435
1071 2363
1422 1923
2068 1073
251 1627
2335 1341
1491 850
405 720
1382 973
2210 915
1896 728
1616 484
1656 669
584 1082
1991 39
1899 1697
1933 583
2245 1244
1776 1159
1272 1672
646 1076
1764 777
1339 264
2022 2354
1296 573
1301 2244
1171 343
2468 910
2234 2109
1479 248
992 750
2495 1754
2114 1293
2048 2173
1779 2006
1100 2133
1874 1136
212 252
2407 1904
998 537
1442 574
2332 2407
1907 428
217 2483
1819 1288
888 1031
334 707
817 2025
2191 1156
2400 292
1474 2038
2128 1914
671 910
2163 294
1885 488
16 1105
819 2292
913 942
721 1727
1031 392
2213 2161
766 1565
1405 959
1034 680
2451 1704
1711 2133
769 298
1328 1698
1060 1687
2182 1053
1088 1754
1777 1496
1110 2297
1331 51
1 358
336 676
1616 1674
2021 2414
902 670
1568 1105
211 1964
231 611
159 1838
1197 328
944 533
2285 590
608 261
446 728
1744 2093
684 2351
25 976
1587 477
1295 398
1598 894
1858 1612
2462 1596
993 2232
165 1061
2305 521
238 391
51 37
1235 452
737 1797
1685 1093
2261 122
332 610
2087 2131
1484 1405
1940 1205
216 691
1244 1406
2367 490
331 1974
2314 845
1290 297
1509 5
449 2181
1680 1395
892 927
1439 1000
1095 1505
62 1671
581 295
1756 2234
2276 1650
2254 335
167 1987
1891 1698
1806 1427
2370 1494
638 474
992 824
160 276
2229 101
2271 866
1124 2198
331 663
1685 2350
930 2121
1096 1774
1967 1509
1269 537
1089 2171
1688 178
770 340
1126 2362
1049 1813
1318 2073
1518 1529
994 1552
1883 1511
232 2438
2202 1065
1158 491
1249 408
792 790
184 1188
2363 1498
1844 1311
570 114
1023 623
1670 465
2224 1782
431 1643
854 817
1282 244
701 1887
90 433
1356 34
1683 1565
552 2347
1589 2056
980 531
154 818
1638 712
2166 2053
1742 236
343 1973
2386 1808
1029 274
2241 2162
1205 2476
1644 987
1245 643
1412 348
103 1350
640 1085
2154 66
1673 2339
122 1751
587 876
792 1218
1534 231
1647 867
2440 14
1344 1582
153 763
1630 1070
975 1913
793 1287
1627 2455
1690 1974
1219 691
769 2384
2454 1710
1511 889
541 146
2149 1771
217 1739
1737 766
919 547
1449 1198
2037 1322
670 2132
2075 2157
2238 758
290 2275
1788 1034
412 325
496 2027
1800 564
1361 1154
1151 1503
614 1878
2269 566
2108 176
799 1504
1876 1648
1146 934
1741 2070
2092 2471
1275 947
727 197
602 1806
2177 2355
926 2474
2011 1377
435 385
1724 603
1230 1344
1221 108
910 882
29 508
1833 744
1780 346
1414 770
168 1438
231 1666
2243 1732
907 2299
1747 148
192 1991
1483 1281
1098 1673
812 784
1519 250
1005 2194
171 780
1487 709
862 1201
2165 2371
2116 1344
1165 1314
357 2320
1584 189
1536 292
501 1500
2231 2337
1387 1549
1638 2369
493 1437
1595 803
475 1093
1315 2310
206 243
2349 1176
895 2138
1900 1718
1821 1682
2055 1664
650 107
662 9
231 596
1426 121
2373 2265
1943 1904
2033 1302
1622 770
2130 2447
374 2183
1211 330
1541 1385
2422 1247
842 216
893 759
2134 903
1336 1507
142 1952
1376 2278
367 531
2288 1409
2208 690
1469 88
1446 439
1825 1834
802 2496
1881 2363
1760 2157
1988 1180
1204 2074
322 782
439 1816
357 1786
1047 230
2271 2453
1192 596
132 2370
2369 2191
765 1060
905 20
1191 1136
2322 2128
1718 1953
1785 2131
928 967
1526 2489
1132 2336
484 1327
1266 809
828 1814
242 1168
114 402
1805 2372
150 1078
632 1465
972 2109
590 652
1685 1259
1504 1233
1853 1230
2360 689
1178 1795
2102 318
129 98
789 736
679 1535
1352 30
1362 1721
1300 1634
529 1721
2084 1667
2208 2188
1630 2061
2043 263
532 505
2066 610
2390 2418
2200 2106
2301 1964
443 1772
1392 783
1320 994
2421 286
917 1931
91 2287
1857 1321
1308 685
2302 977
2256 240
1944 1622
1806 118
1446 1718
40 230
2226 1476
315 952
828 1828
984 1022
2037 743
547 1674
213 2243
2315 2041
773 2500
1617 1544
2057 2134
62 2093
1976 1470
539 1614
697 2259
251 1072
2369 916
257 1679
310 243
2379 982
835 490
2082 518
356 1842
1679 2157
1068 2456
1660 268
1837 1708
378 384
2227 2363
2284 1185
693 20
2269 2429
2338 707
128 1682
1116 783
1325 2426
2119 2099
209 75
1714 1974
1039 529
1534 433
2139 556
2013 2073
2313 2012
1146 2160
1335 2196
2254 1418
2464 1208
1930 902
2370 2118
1357 1637
1117 126
7 880
2481 886
2197 45
1599 587
95 1853
1996 170
1989 832
1169 2440
