2499
2333 181
511 623
2411 1105
408 1751
1165 580
106 2151
119 1867
2475 289
757 1039
2147 110
1343 2115
1229 2409
780 1062
1533 277
181 1305
690 2176
1622 2172
353 598
1741 65
777 1013
2217 2410
1724 1254
924 1904
344 1144
2255 1851
2190 2071
126 1344
2143 880
547 2291
576 2169
1912 1389
2079 113
916 539
2493 2287
1103 303
875 1664
147 281
1597 173
839 1086
1050 338
1162 1360
1844 941
1343 1375
613 386
2427 1838
897 1241
1009 410
1119 1579
2354 201
1783 2391
1838 1098
2320 1714
1879 2469
1464 1889
2139 1368
479 346
491 1880
530 1959
803 1143
99 529
393 93
2476 1664
518 416
2456 692
300 1936
655 482
1004 529
1093 2121
1098 985
1557 951
794 1622
2087 1283
2219 1446
1475 2284
629 417
1528 2120
1578 708
1362 700
1634 1783
1620 2063
1534 91
997 66
768 876
1723 14
332 772
2096 120
1546 591
20 708
1088 2262
2176 87
1660 1440
1280 157
570 984
528 1827
184 631
1322 2244
44 812
662 2488
1395 680
1511 174
1709 902
1893 1816
1590 1691
2309 1692
478 274
2145 291
314 1273
2294 1725
2327 1830
1718 1266
915 646
230 1007
1079 2280
2247 756
2057 1976
1078 983
1159 644
1233 1211
2318 594
1517 1816
1262 184
698 412
956 111
1666 3
830 356
52 491
2462 459
1034 2494
1618 969
216 1719
2335 2141
1416 1011
1645 507
1626 281
1068 1490
520 1731
2452 1094
1320 2303
409 1846
1029 1768
1494 310
1311 118
504 218
908 129
1145 830
1117 758
650 1955
1913 1764
1965 1346
1518 1930
95 787
2347 1479
706 401
1689 2019
1067 1300
347 2082
603 2368
813 782
2132 1857
2320 1693
996 568
1623 1278
1384 1912
2063 1845
1781 1198
1828 470
1402 1208
351 2264
951 2020
1060 1247
371 651
1840 1619
2432 362
1917 836
1501 1969
320 766
2212 1787
917 372
1878 1343
881 2241
1934 422
565 248
574 669
2451 400
672 953
1984 909
1134 224
187 1187
1158 747
1288 652
838 1906
1388 230
22 2118
253 2168
1183 519
1937 1324
2052 987
1922 1521
1932 1430
694 148
1985 1206
1742 1844
2356 1347
2080 1275
976 1761
669 337
2064 842
2409 1943
1702 866
779 1354
868 1468
160 200
1594 767
280 770
1408 42
1747 2097
1276 1647
1022 1556
1581 661
390 792
471 796
1239 2119
1827 1911
712 1552
1016 1498
1075 177
2058 2242
1504 2429
665 696
2023 682
234 2354
1325 739
93 2419
1265 2109
2378 1096
766 2317
1181 1856
66 2392
1722 665
1981 2248
742 2247
1682 385
2342 1462
2066 1416
669 1823
1577 1859
1298 2379
950 2121
1943 2480
2173 1141
1300 1391
657 131
1333 1775
122 29
1715 778
989 956
1105 1355
1836 1340
1865 1738
172 367
1972 43
893 1968
1963 446
1469 2213
1791 2225
1959 2253
1771 607
2344 2397
1192 1056
965 1746
2175 1981
309 1378
1267 262
1586 901
1994 1226
2490 1747
1208 1729
890 1288
1049 1783
1540 63
263 242
2261 1319
1592 717
2483 498
882 2081
166 1886
1815 1347
953 834
2104 1665
2213 2455
547 1357
2450 540
824 343
1375 103
2415 1627
2262 2033
1313 1603
999 2343
558 1416
3 1971
544 1320
1470 230
1038 1241
1338 1282
1271 267
757 601
882 687
1480 52
2117 1330
2298 242
1726 757
1146 1071
468 2280
1442 278
946 1795
1827 1288
2034 784
2215 2362
915 1709
529 527
2029 1083
610 1238
141 1995
107 699
1633 451
925 1029
1932 2380
433 1273
1317 681
1111 13
2180 1062
25 1341
2072 590
1916 1191
2337 230
2410 1782
1263 422
1682 363
969 1128
640 1017
293 1533
1304 340
2449 77
1520 899
1033 1787
1079 1230
1707 174
1037 1718
654 164
69 1985
1586 1687
1121 772
2021 2161
1983 1148
1628 114
1845 594
865 1139
336 1816
1038 513
281 1352
2060 1446
2165 1782
1151 2386
2213 21
581 1253
1306 24
1697 886
1584 1080
1553 235
2359 398
321 1709
1665 579
1949 2260
549 779
1996 1256
1062 1792
2353 962
966 2092
1863 1712
850 738
1347 432
532 361
1091 2382
2000 129
1638 491
1472 1722
817 2024
2125 1244
12 2271
2188 218
15 1890
27 806
2338 1673
1956 735
649 1464
1739 2224
1898 1823
1774 1076
1771 252
13 1907
2186 1543
343 446
324 2488
263 2470
2298 1761
2282 1622
1057 1157
1393 2103
2424 227
2201 1499
2209 917
1190 2234
1690 1133
1140 1058
1247 1813
1515 2045
650 658
1960 1539
632 1593
2172 334
1997 1061
388 2015
472 2095
2228 856
1005 1025
1039 431
980 920
1752 1209
2464 176
2057 358
1827 827
1630 652
301 1732
244 577
1237 722
2220 817
41 802
1496 1777
805 384
676 173
659 1028
2043 1155
809 1240
1116 132
1498 883
2170 887
294 1043
2017 15
373 1634
1850 38
142 1574
747 2237
1512 1849
1702 860
1519 777
1989 1970
378 766
2219 945
2242 2351
1208 380
26 2353
1733 174
656 497
830 2040
2417 2341
2370 1182
585 2298
2179 537
1151 1262
2459 905
1335 2182
2228 1943
235 1673
69 169
184 2105
2290 1649
2082 174
2290 1330
1322 1334
2220 2246
45 2138
2146 1511
2265 427
453 1522
428 309
1606 2461
1517 1490
2487 1241
2113 294
2431 1022
386 2331
79 1577
1333 874
892 1860
1919 47
742 483
1844 1383
2028 1980
1478 235
1654 2418
497 2274
1215 122
183 1622
2272 2102
327 943
1718 1316
839 2183
1949 1012
443 1771
1791 2241
1946 1624
14 1133
652 584
1630 1720
1466 81
1526 597
771 357
1299 367
1067 1978
1116 292
2272 1380
54 2316
1429 1089
865 393
1227 2422
1731 1837
814 872
24 820
2472 270
577 1803
1630 153
758 2200
2336 1118
1853 368
572 77
1814 1454
1185 1968
1360 1086
679 565
2134 2473
630 13
933 1169
1768 100
278 246
1522 96
642 2368
1656 81
1133 1092
2181 449
1188 165
237 1185
65 1485
168 744
1530 1952
1184 1108
1640 851
1904 898
754 6
1504 1506
1446 1848
745 711
2067 1071
51 2451
2005 2168
1677 1713
1156 512
1551 2415
2165 1702
1347 1451
1930 2487
769 1070
318 979
1014 493
1670 1655
2226 1343
2223 21
1719 1085
1380 1171
977 328
2074 459
692 124
211 2278
607 2281
1174 1713
2203 480
1945 2187
1674 1616
1381 1300
1882 1510
592 2483
815 1998
2184 772
1250 1884
1356 2145
206 1203
2457 353
655 548
1336 742
267 1805
1523 1770
2268 2428
2428 882
1006 1866
181 2039
2302 700
797 2286
2031 282
2283 1236
1577 1776
747 1723
1232 1273
2477 2297
1582 993
599 904
1491 1655
2408 1893
407 342
1507 588
2093 1339
155 1245
1942 1235
1587 332
2193 619
1166 1656
176 1834
930 2128
1860 907
1784 1125
105 175
2146 1415
1015 321
1950 742
1365 2049
1805 118
2412 233
590 240
156 81
1136 522
118 259
1765 710
1479 2148
175 1000
126 1408
2147 341
1824 260
746 1936
1223 2181
1567 1737
764 2189
1636 1506
306 557
932 1844
955 1586
1088 875
1292 1652
71 1119
1367 168
161 833
579 1045
154 840
1630 280
1001 2477
398 269
251 913
1831 789
919 1423
1096 1767
594 785
555 328
675 1643
2234 1104
704 2032
239 722
1825 2007
829 795
13 2178
1222 516
1054 1225
1566 134
1499 2352
1753 1552
822 1541
2442 2033
332 61
1914 614
1938 1605
1995 1842
194 1529
1611 216
2157 486
1671 878
2135 2316
2284 1978
541 1906
2231 2191
2475 2023
2437 397
2299 813
1420 458
1432 415
1376 1931
1003 1421
1524 1713
622 1009
626 1205
841 2022
2486 363
1416 2475
424 994
1272 477
1673 1721
1972 228
1716 2263
652 1513
914 850
1999 798
1118 1789
734 303
784 2047
1379 2361
2143 2298
910 2223
571 516
1294 840
1569 328
2468 1266
1679 2156
1329 1777
1177 2350
2017 1395
466 182
2465 539
782 240
611 1391
191 1556
2093 2215
1275 989
2272 2165
68 544
496 286
488 1436
38 702
2416 993
2036 1625
58 116
1500 243
901 826
878 587
2169 2433
1915 1462
1968 1186
1377 1291
51 1617
817 208
2116 972
2434 514
2156 1520
1109 2289
2120 1370
1586 2435
2459 1630
279 650
2374 682
884 382
2431 688
975 1207
2130 2425
1613 2
243 206
740 1638
626 1612
1200 1523
242 1464
1307 2461
2355 1866
1194 104
1589 1238
1350 659
93 966
1648 1421
802 320
1940 2188
521 1710
676 249
929 1696
1569 1435
1247 307
503 1805
39 2434
394 1992
1025 720
2475 1450
1179 638
1523 1173
1743 1633
1165 495
1035 2023
1558 778
1475 707
923 1280
2446 776
802 971
322 222
929 2315
1113 478
2464 1196
622 1109
1927 2074
1955 464
1349 1150
1503 1905
1432 1388
1076 1539
2074 530
1653 1076
399 2155
2214 1510
1663 1661
644 1614
2243 375
1404 1495
636 1068
1885 1009
768 1328
2128 830
1689 536
1564 719
2340 651
2278 1130
2107 1062
2234 2394
1386 1077
931 667
2055 1975
2152 2018
578 1106
789 788
1811 234
1233 1073
1198 416
1646 378
614 1318
1335 1098
854 1120
974 2226
617 1301
2085 1494
2181 2461
712 273
983 2288
972 696
578 2197
1981 1853
909 1933
123 1891
33 2449
1637 1028
862 526
1998 1349
37 1672
2454 798
2078 1754
1187 609
579 143
2051 1718
152 484
2245 1242
1340 433
1870 625
1851 82
1728 1837
1744 1509
2236 1955
378 1902
1912 852
2362 2071
1939 2368
1675 910
586 56
3 2414
2162 1899
1213 383
870 1154
928 1796
2156 586
72 1736
615 1670
619 2139
774 362
2094 652
2176 1786
1989 2195
547 1405
1487 1712
502 922
1617 2447
1839 789
1887 1416
596 808
1634 1047
1862 208
47 50
1036 663
1451 304
660 404
853 1287
178 2069
243 310
1573 72
2484 1423
1867 1321
1653 163
1080 1249
2044 1553
2414 1055
1072 2268
934 2075
674 1257
1457 151
1508 2235
714 134
1214 2241
821 796
1573 810
2058 640
845 1997
1049 1392
2196 1135
633 1498
1359 1997
1769 2006
777 1561
1761 1404
1948 1481
741 1778
1348 377
1548 253
484 2481
1705 1386
2068 2257
2396 1538
1858 2314
2091 411
1778 1749
1089 254
1064 1230
1479 214
284 1805
716 386
2488 1374
1775 1084
1826 1369
2038 912
1407 573
1758 1427
885 660
2479 665
2098 1688
582 1634
1787 1706
2090 438
1703 1742
1268 398
383 1090
2114 449
1455 1666
389 2150
390 1904
1182 2489
1867 672
2238 1659
1908 337
1199 2201
716 2192
220 1761
2108 2233
616 2299
1522 2474
170 274
1471 706
949 2163
1041 355
1775 1323
2445 2338
1663 1953
278 1572
1608 2418
340 1508
223 1497
1191 816
1944 840
609 864
1771 2011
15 1002
683 1357
303 1282
1857 2057
280 587
525 531
1864 1040
671 2402
2295 479
1414 1956
1174 1817
1642 1278
2287 1017
747 2142
2187 2433
2454 671
1975 1470
172 1008
1622 1656
2450 2461
775 185
1882 331
399 2308
2467 671
1319 1308
1029 1877
299 263
1590 1005
1108 362
1882 78
1465 1914
1365 827
1825 1391
2155 2377
479 216
679 2275
1592 660
232 2182
2235 627
669 1678
1478 1692
1810 201
2232 637
10 74
982 1613
1451 848
1628 547
113 2304
855 2174
245 758
797 888
117 1708
538 1889
1729 871
16 1597
107 1504
1760 2111
2146 1073
879 334
1383 2314
1633 914
101 1228
552 771
594 1315
1857 13
1296 1384
2458 578
716 1249
2218 2300
665 985
60 2249
2267 1989
854 1314
1775 1708
1281 554
1697 1046
755 1925
918 204
206 293
1531 1233
1689 1547
578 943
1727 1539
181 1621
1766 579
1216 898
2193 1038
122 112
1849 1091
1660 1869
1468 1089
75 185
1827 2330
1994 2138
795 2119
640 1086
280 1027
2260 2301
1989 1010
2084 238
1149 1791
2025 1581
146 2367
243 1054
2487 1570
1042 373
1330 2240
693 2420
265 405
2185 2490
229 51
1124 2427
849 330
1606 504
1090 1217
1542 1662
967 104
170 1135
210 2336
569 1251
646 1076
1680 2008
1384 863
293 42
1568 771
982 927
247 1026
1725 654
945 2073
2098 1053
1087 657
1119 988
1122 1343
230 2144
641 1313
2154 843
372 834
333 2413
108 1106
1828 2252
2208 416
153 2339
309 280
653 2234
183 701
2378 2174
1868 1363
977 1769
1663 2082
143 1910
1178 2205
409 511
1942 1756
885 1813
2441 1886
1058 262
1057 225
430 393
55 2397
1746 1454
1809 381
264 1367
1853 1029
2176 523
1210 111
474 189
183 2255
2316 1177
547 2460
1986 2425
956 2319
1901 2160
799 1369
1370 1202
1425 2249
387 2038
2249 1426
1994 2369
92 1831
380 2137
686 858
989 2120
1317 379
1818 2025
2388 1831
1960 435
1717 186
2140 2343
2350 1895
1073 645
2124 2280
1562 794
1729 1605
1578 2385
1854 1117
379 1137
1983 1197
2409 646
712 764
877 1339
88 911
2300 978
31 1139
549 2475
788 1052
847 19
1433 61
1934 2288
750 1157
2480 1331
259 700
576 1526
1295 1705
534 406
158 982
1254 486
787 1458
2121 169
18 1129
1154 68
134 1783
1214 1248
572 2348
1469 1394
499 1881
1193 2369
2203 1502
207 1700
2222 1047
594 2495
1994 253
699 489
768 117
1462 1758
1033 251
481 2397
20 909
2028 1186
1800 440
2349 1883
1049 1632
2014 1799
2180 1606
1955 1020
1286 2142
2492 1258
1918 2082
1590 2001
1865 1835
1650 1889
2158 703
456 1478
1567 1987
828 1110
2391 2035
2046 2030
1919 1843
1676 1777
808 471
1486 1451
246 500
453 1947
1018 162
1267 2425
183 673
838 1967
1112 32
2053 49
1009 2046
1180 1469
1789 1768
2317 1360
1536 1648
418 1241
1167 561
671 992
1738 492
199 1976
1254 2274
783 2399
788 2000
2088 629
704 1049
1193 957
625 1096
184 1187
2275 2159
763 1428
1674 146
2448 938
1929 77
1882 361
452 2177
1991 1763
518 1356
2452 271
1586 477
2090 2284
1260 436
2053 1758
1282 2026
1583 1974
2453 733
886 128
2455 76
1812 255
176 469
2037 707
1801 1464
2287 444
544 971
1642 2349
2365 1131
973 1580
1459 1022
1724 1824
420 3
26 1121
2103 42
2120 1643
608 296
1869 2187
271 1372
2324 2456
1628 2042
2059 1729
263 2328
366 948
2364 1118
1736 1354
109 1032
772 2224
1366 1501
2369 105
149 1934
677 244
2354 942
1847 2456
2424 1385
1384 1722
460 1920
1021 1151
1448 53
1351 2246
573 773
2231 2131
1251 1561
1126 1047
1974 2312
1168 1044
1341 1122
465 1409
75 1290
693 106
1375 928
2213 1170
2269 692
2381 948
94 1718
1148 325
1576 657
94 467
529 169
1739 312
1036 2230
966 1588
1325 1453
77 2164
2219 761
2237 1615
835 1417
605 2404
1842 1332
1219 1022
2196 1493
1484 1513
266 1630
198 2011
1782 1609
1717 1899
2293 1974
28 250
2414 509
65 1258
60 176
940 622
91 1479
1993 543
647 1492
1685 1365
1942 1904
208 196
663 1369
88 2210
1327 1289
1719 1871
1338 1364
2118 1972
2379 399
1003 719
1047 825
894 1917
338 1722
1957 2442
401 847
1703 1400
2361 145
160 1045
1891 45
1581 2410
567 1925
1426 311
1115 1277
2159 1422
1345 2015
1165 345
1875 1523
670 2449
294 2162
506 1703
1372 556
603 1541
2301 1797
2134 1488
1069 699
457 1935
1337 350
1916 818
1403 1711
1292 1540
1991 385
1541 2022
1583 261
1497 705
769 2207
2199 1823
391 882
1903 2268
138 811
1336 1886
1135 2053
850 1680
1279 2154
1192 575
996 1804
2024 2293
298 1626
1584 1123
2127 437
169 2186
7 1857
709 2369
2424 65
2322 781
230 1319
2171 419
2418 947
1459 653
1161 2241
818 1312
313 2240
353 445
2138 2099
74 2166
769 379
1269 1782
867 1748
122 1750
192 1581
1686 2293
1294 326
1369 896
1110 317
1039 949
154 1718
2171 1419
144 1501
86 697
2117 2111
635 360
1346 674
1968 760
833 330
2429 1841
939 1771
1914 90
1804 577
423 1949
562 803
1785 2127
443 28
1905 49
2451 682
2278 1122
73 1302
1332 2332
2194 1297
891 85
2491 69
2167 618
2055 80
2126 407
990 2198
2144 2326
1025 456
559 1819
1848 2203
758 1624
666 1321
1659 1920
2396 1783
638 1755
1142 2455
2043 1417
2187 75
1441 626
128 993
272 1057
1367 355
505 793
643 751
515 2155
3 1626
1397 1814
466 1399
1790 343
2195 2499
2418 1913
2004 1025
359 1985
981 474
2306 257
1765 1633
64 2184
342 959
1826 1802
193 1375
963 782
996 416
628 2313
2187 1258
197 21
2004 442
83 385
2376 2497
1039 801
2270 1358
1220 1331
1528 678
553 1068
284 1565
635 2152
188 944
1702 1231
1896 981
355 2204
319 1655
2498 609
803 27
305 128
62 2461
1802 978
737 2339
1211 2158
1325 1163
747 1105
1102 789
755 1784
2174 2279
1173 2323
1614 288
1463 411
2399 1876
583 2174
1051 2388
2233 234
2421 2474
563 838
1973 1629
1721 2395
1134 2132
165 447
79 1924
2269 186
2417 74
1585 86
1383 948
127 18
1887 460
2239 1394
958 2297
2133 2365
2270 772
1418 1002
2103 1522
97 2300
37 1887
842 271
1647 1135
2369 132
934 1398
384 2231
302 2300
1125 1635
2406 1070
1696 612
992 1460
1048 1055
501 1689
726 241
1593 1577
323 1
803 2357
2211 1082
970 1116
1978 1751
1921 394
1508 1544
2119 1546
2379 1864
2054 672
2384 605
1819 1689
1392 1894
571 735
1527 795
797 662
1656 2084
1949 1097
209 1102
2219 581
1450 1872
398 129
439 2000
998 1284
2209 1957
2257 2122
705 788
2021 24
2370 2164
1075 2398
2413 42
179 593
1991 941
2320 2206
949 20
715 2098
1789 2266
479 1210
1315 292
2108 1586
933 1045
59 1327
1734 1019
1591 756
2324 2008
1699 1539
2276 2306
356 2056
212 497
2045 2053
1779 662
1897 2278
258 2002
355 595
1024 791
788 1962
2297 1421
1436 493
101 1233
48 478
169 2296
2346 2474
1436 1833
1386 292
339 2087
822 1575
148 1479
1105 1066
2297 245
48 1227
1338 2431
1146 1132
1677 475
502 1693
1330 1997
217 292
1510 889
171 1960
676 994
2471 749
81 1390
923 854
4 1424
1483 161
2452 125
811 1365
2454 2415
803 1174
1209 2353
1780 657
2012 1787
517 278
2288 1530
1444 993
2280 1596
173 308
1429 2160
1949 203
433 2109
61 729
824 1246
1065 2298
1830 510
1468 1343
733 1256
759 437
771 1717
1834 1600
39 1991
799 1156
304 531
927 2213
245 984
2300 991
1449 1381
1730 1814
1033 1799
2027 2442
2393 605
349 1510
620 160
2280 1639
1857 2216
1115 1288
1071 1522
1974 28
663 331
1652 1990
2371 1887
181 105
754 911
116 1617
908 2372
290 2381
1380 2308
1468 448
1921 2138
712 1638
828 1292
1247 2407
1634 763
137 1259
1598 1904
1529 862
2283 1689
1314 2229
1380 937
521 1342
2009 1937
1899 1509
1708 593
316 2091
768 2423
1966 161
1861 1914
724 1523
24 2180
1544 1546
1729 768
2487 1979
1446 2373
1212 1088
2016 1678
1684 1335
396 1679
1194 723
2311 1808
2422 287
953 501
691 192
285 2326
2327 1447
2353 1710
81 2307
731 2185
1973 1487
606 868
2441 2242
990 1238
832 2365
1853 1081
1344 34
2305 735
335 1447
900 2185
708 1972
2185 1997
354 1905
623 1204
684 1457
1489 2316
257 1679
1567 2050
1309 342
1848 2482
2375 202
2048 1166
259 1406
1843 1681
550 2234
2171 982
2387 1022
350 477
2286 476
2221 1848
230 256
1817 1230
2301 977
2209 519
1598 213
14 2434
2485 1834
1660 2227
865 600
139 2088
1195 688
2101 229
2403 2039
720 561
281 68
2087 1186
1642 1828
664 615
2205 733
1852 38
487 802
2390 169
1070 1658
1498 926
2469 501
2191 884
1567 615
407 1282
1735 1047
1349 343
271 605
912 1367
1838 1260
2166 1678
1273 1411
30 2009
744 1147
1616 484
936 1900
986 43
18 1243
1478 2100
66 135
1541 1535
546 503
690 1218
490 2173
449 1794
2231 1373
2329 1261
333 2232
375 1849
2454 148
665 142
961 202
560 520
335 11
1834 2254
1436 1413
2243 1244
936 1827
987 2023
918 893
1593 388
1968 2211
676 726
765 2474
1977 1709
1782 462
889 1176
1556 414
105 809
1852 2220
1833 2233
699 965
1988 2407
84 1679
1272 1704
362 2407
628 18
318 1367
478 686
7 1407
968 805
295 978
1656 240
542 817
1701 1174
2110 513
1644 680
2327 802
1446 1443
1099 2295
2106 2061
1554 960
29 36
1348 1540
2234 708
1889 459
2321 380
2101 35
474 1804
109 1892
622 2173
1695 1028
1807 665
1759 2361
1695 906
1601 1516
1349 348
1961 129
411 509
1004 639
944 2478
1828 1832
1379 2195
1138 1985
1745 487
2087 547
494 1506
1645 1957
2154 1438
1499 1120
1456 264
95 10
294 1351
1439 2158
10 2378
1926 1192
2265 1452
1896 1403
1936 962
1595 379
786 2149
1501 917
978 2136
1523 638
2496 1805
2244 1146
1068 984
2321 2127
1806 1874
2260 873
2362 508
1884 1404
1097 1059
1357 1242
844 1410
931 429
1530 115
2153 1468
1488 2298
1293 2498
1779 2033
1383 1106
684 1240
2336 2128
2316 2172
503 903
645 195
1326 484
340 1313
1460 241
1621 2370
2286 843
2072 411
1779 2065
869 1857
174 1736
621 2470
1793 1422
828 823
230 1224
539 303
1077 2010
190 1047
2170 672
417 395
2431 1160
626 2292
1853 426
1114 2110
1684 173
1762 840
1982 2152
1516 875
2444 1165
1765 1917
703 1607
392 1395
1556 255
113 26
942 1377
2298 969
1788 1763
2274 1713
2061 1927
995 2453
833 1829
1674 1730
233 322
1392 516
1080 374
352 365
1364 1662
919 2068
1710 1215
22 202
265 1445
176 745
425 280
2191 1569
2173 2154
1316 1152
1668 1434
1787 2140
2156 2263
2077 1930
1525 1837
2012 1942
1224 563
1013 859
2047 2041
1461 895
1613 2174
1648 790
1985 421
917 40
2003 1277
1165 1314
514 1667
2438 1892
1873 1125
1719 2322
866 102
728 524
1941 1
1990 2325
2130 566
186 748
2161 1932
2071 282
589 2223
2274 1148
653 658
816 926
1537 695
1681 1820
2400 173
1823 2193
2275 623
946 1361
2466 1774
749 282
315 904
2062 614
1505 965
2274 918
1689 455
1527 1868
2023 1935
867 275
379 1006
1083 180
699 472
1474 770
795 1107
889 593
930 1221
393 1496
281 1100
441 2019
1806 618
1842 1652
1560 160
819 1165
1563 1045
485 1455
1816 2096
1136 1046
1952 735
1594 1232
1365 685
1129 274
1782 807
330 946
231 716
689 808
1602 186
1773 846
679 1658
167 947
592 328
2360 1421
592 1604
658 588
2437 62
441 1617
2386 268
610 1958
1658 1740
848 315
1849 1106
2249 938
484 604
713 1922
154 2379
1191 2074
993 920
2358 373
1052 1201
1372 109
1396 686
931 545
1358 602
370 893
1993 1677
783 360
1093 32
1681 1127
252 177
1343 1582
948 762
304 579
993 2285
39 1922
1270 921
926 1749
1789 473
12 2444
2195 547
2486 2426
753 1973
1023 1801
505 1338
2360 743
2332 1028
2055 1589
320 136
2203 635
452 889
2043 575
529 1514
2478 857
1991 2497
617 1482
1665 1101
1487 88
1157 2432
1927 1074
1888 878
302 557
2405 1232
235 943
1616 482
427 1867
1356 647
564 2114
1866 526
207 99
1910 2273
1757 139
1264 1949
2020 529
2485 643
1709 1144
1571 1825
554 1736
29 1234
954 2147
732 1479
66 1541
609 461
804 1627
1159 465
12 1255
892 1671
1734 2218
1175 99
2168 1172
350 952
365 2154
1928 265
1 1732
822 1030
1798 931
1371 469
1537 8
634 1086
2117 265
2219 1181
2230 2250
603 1723
172 456
1487 155
703 91
1804 297
320 1837
534 2455
1252 2408
2407 718
2179 71
1557 9
2098 1899
701 2009
1164 1409
1076 1326
1985 1600
734 1395
1926 1514
1888 2472
1859 695
2381 2310
204 2418
1218 1520
2363 994
725 519
1928 1561
1673 1261
381 1392
603 1382
2399 910
1412 698
244 1773
624 2077
2060 496
1692 1948
2443 1118
972 5
2077 1816
975 1429
2083 1092
1934 1966
629 2209
869 257
1078 278
1385 426
1387 562
2247 2202
1705 1657
2393 138
867 86
668 1705
892 162
1921 276
2429 93
2070 372
1010 1063
1567 251
800 1859
1651 228
1640 850
687 2151
2067 1431
891 2234
1274 1817
215 172
381 130
1719 1441
159 1200
1581 1648
2115 2176
88 759
2275 2167
730 829
2275 1125
2002 619
1910 2268
1566 44
1189 653
2463 904
1582 551
1532 1469
1514 1310
1224 268
2011 1909
1698 1890
2108 46
1669 1719
686 1316
1079 1800
920 369
796 2043
1461 822
1095 2495
226 1760
1424 1517
882 24
262 101
1794 847
283 899
67 1329
519 1545
2093 623
2259 1116
57 337
1698 1750
2190 2068
868 1302
138 1951
697 2284
1822 1022
1964 1052
345 1754
693 1549
2013 535
727 910
90 282
960 1002
778 332
1392 934
596 145
2089 1774
1914 867
1232 496
2440 1826
556 908
2059 1619
861 414
580 2436
2185 1473
1821 59
657 1974
478 1026
1683 1680
896 1083
236 1710
450 1027
964 2178
98 449
756 1467
700 12
1495 1273
1904 1329
1477 1191
783 434
198 1923
2378 413
178 2314
2184 23
1746 721
402 1758
1954 950
2150 2386
1148 2401
1540 1147
788 1577
521 2123
401 310
2338 2011
1270 1964
1588 376
2076 2059
2368 1638
1152 776
364 1494
1583 2345
339 1153
2164 133
292 2086
728 174
1881 509
2043 1693
1610 1042
2147 1249
2318 1820
801 205
2088 651
403 1517
332 610
1356 2120
617 68
466 1383
1106 791
533 1459
2319 329
384 850
454 2396
2226 1434
2129 1429
1352 814
477 991
2178 695
2277 898
176 1332
1303 586
1808 1030
2256 414
1670 1578
981 1157
465 1771
1031 1761
1241 844
2449 1546
1314 1641
1791 501
853 607
931 862
1061 1109
1928 613
2429 1353
1453 1047
1642 1479
2133 2368
742 49
315 2316
1503 1044
1927 830
1772 2428
221 1372
805 458
2041 609
579 1376
674 368
181 2036
2383 1394
1034 2086
1284 733
1349 2260
535 829
596 1327
2432 1090
692 296
1589 322
786 2187
128 1681
1550 1617
2430 2274
1546 2409
1349 1855
1584 1300
2203 1725
1385 752
1360 188
667 1441
1258 1696
1599 178
165 660
1476 345
343 1973
188 1437
1293 1641
1119 1719
2101 1448
2344 2126
2251 330
301 2065
150 61
493 284
712 96
2444 1631
831 1388
2389 670
70 2012
140 267
1237 1713
1979 1555
1684 2141
2439 2043
837 1681
504 121
185 264
1738 1889
736 177
268 137
17 280
648 2441
1453 724
353 867
854 2366
2381 2258
390 1297
1256 2268
1162 2112
1194 1087
1694 1002
1412 281
1293 2264
993 89
717 849
1401 2293
1684 1559
2334 1478
897 935
1285 1083
863 1800
973 1356
219 1148
463 1180
