156
110 99
8 122
21 25
11 56
48 70
26 107
64 110
73 24
71 63
15 12
40 116
88 94
130 75
99 125
79 76
104 128
125 9
81 131
15 153
135 66
22 65
5 152
18 24
69 129
10 106
139 94
45 66
125 51
127 39
15 79
82 28
47 121
115 109
32 88
107 8
30 79
65 8
124 88
67 146
7 71
136 130
146 117
8 114
101 65
131 60
127 97
152 150
120 146
81 19
150 43
107 23
105 48
105 135
84 44
116 133
81 79
141 21
54 5
81 8
72 81
99 131
88 62
61 125
125 29
155 32
153 134
126 104
47 57
86 121
24 56
107 68
8 98
53 116
132 107
126 144
92 74
82 154
62 149
10 79
20 150
63 78
15 13
71 37
2 8
104 95
131 135
27 96
125 90
10 4
8 108
11 81
84 24
119 83
147 36
100 98
117 42
103 65
57 87
84 58
74 109
35 101
81 67
91 104
17 147
81 127
151 131
107 154
99 89
14 150
56 16
2 31
71 112
21 46
28 113
33 15
56 6
121 49
93 85
3 77
147 80
137 9
97 50
83 26
35 3
113 93
1 69
71 57
59 39
118 136
145 23
102 133
156 96
148 71
34 152
30 123
123 111
121 38
147 57
56 21
47 11
23 55
116 61
30 138
34 143
109 22
131 126
52 22
34 56
131 88
96 81
142 107
129 24
146 41
74 140
99 136
