2500
1019 1666
2400 210
1215 1573
84 301
59 2017
918 2473
1955 1589
772 531
2177 652
1229 460
20 2008
587 2124
1125 1009
1219 789
1674 2317
1921 1866
1376 235
1021 781
2217 257
2220 526
1643 1834
1819 1520
2377 1374
1007 496
36 1497
1434 2035
2292 1297
1214 2333
1389 622
1010 93
63 1487
2494 617
542 1780
653 2062
147 1083
1278 1969
2203 1198
908 1905
2403 2425
2247 1844
2462 175
42 613
2427 306
2077 1708
146 2255
805 1545
2325 1759
1739 612
1092 769
1917 140
2375 1181
2319 1465
12 153
1790 1003
999 1279
1978 26
1129 1103
466 184
77 2430
638 517
1356 291
484 2325
814 757
709 655
1743 74
825 2452
301 2103
824 500
1514 794
1859 870
2045 1542
27 1614
1405 1394
2086 636
1674 1670
1306 1116
1784 2443
2428 59
1782 551
2163 2280
2388 528
2435 695
251 1121
1788 1848
50 1796
1052 2066
1725 1587
119 379
1440 676
1707 722
661 943
1200 1598
2352 1897
1546 985
1197 319
1674 2434
259 527
768 1512
1583 2267
671 1256
1423 2425
1176 759
274 14
1066 1963
2185 1442
2295 1910
1605 440
606 2233
253 2244
996 914
187 345
1950 1437
1288 1630
507 284
1416 1899
2159 1292
1384 1587
280 1518
1747 1152
855 856
1974 1210
552 304
786 927
1084 877
2087 985
587 2290
413 2145
1720 2299
2335 2261
1372 303
1335 1104
692 280
985 1569
1157 1349
846 1119
710 2251
666 1457
21 1790
1675 174
108 247
218 2117
812 556
2403 1145
838 1718
1034 2366
707 1042
1966 813
300 1596
662 173
2348 356
1493 2094
636 441
1674 1584
382 452
1724 2294
813 757
134 1366
1932 145
560 23
729 1976
1454 510
1522 2064
1728 2085
152 470
2291 1402
1417 2001
877 927
695 2361
107 1652
1048 2361
1396 2433
730 2125
760 397
292 803
2328 671
1842 700
43 188
424 1866
771 1801
97 2445
1990 1923
1918 2445
2399 83
2471 1250
1742 2104
467 1747
1436 917
281 1630
1447 1907
379 1949
1938 22
1004 2168
2010 1536
1733 1254
2052 1402
1409 1194
1430 1228
1570 811
1643 1206
672 1648
2023 567
2081 1305
292 1679
646 1030
2065 1606
1485 2056
2175 1223
1354 605
212 2397
210 1172
389 1013
1621 2251
124 1039
1550 891
1058 274
1068 1793
1582 1878
183 2157
796 1540
2071 284
72 1228
946 128
829 691
2177 1075
640 1165
556 107
277 1043
74 2024
1630 1357
1195 1433
2420 465
1939 2277
603 974
1282 320
1410 577
77 1821
1928 1385
2249 1587
1495 409
860 1897
2211 526
554 698
2194 437
1630 789
254 1842
1827 1254
1795 2466
1141 1840
563 1471
2008 58
1063 2232
701 1676
979 543
111 328
1355 1179
1078 788
295 81
2022 707
1975 307
1187 1367
1283 2200
1693 1708
73 20
2254 884
692 1120
697 2398
914 204
1454 2116
1793 871
1458 1844
1787 91
96 1889
1226 126
67 1431
768 700
702 1488
2275 1049
1049 1922
704 931
456 778
981 1593
2169 1386
710 1273
166 854
65 1293
501 1367
879 184
636 1959
1366 1586
919 657
1225 2472
833 1378
260 274
1946 1670
1603 1655
999 1584
1220 1186
1248 757
683 801
1441 1452
695 2488
2432 251
625 1767
576 2036
42 57
1934 2455
1998 1034
1762 992
815 74
15 373
589 1865
2116 1504
2354 330
652 879
485 1176
2363 1821
328 406
1859 399
1492 804
1547 332
1287 1765
966 2409
104 1443
202 2480
1631 2050
2359 613
112 815
1662 1806
886 1946
69 1931
1349 29
886 1916
157 2142
575 447
1074 786
1944 415
1323 2067
1017 1296
1193 1094
834 341
1616 242
2462 1496
1682 2013
1601 1818
72 93
71 1098
164 1227
1601 1928
1120 2279
1904 1857
1072 85
1062 1504
1299 1316
1726 1842
1663 602
18 1410
1991 48
1335 600
1849 992
869 2273
268 107
2270 927
183 767
233 1386
215 1046
1249 291
1097 1804
1224 2294
1258 321
208 695
1894 2056
1106 1680
1406 1050
1589 604
1317 563
712 2493
1624 931
1328 377
504 1209
532 528
507 1286
2393 909
2457 2291
1011 91
1587 2221
1340 1426
2235 734
2264 2281
2167 2147
1388 1419
994 2116
1133 867
577 272
629 865
1255 2387
2333 1057
199 1738
2383 2367
469 2206
362 1957
333 924
691 200
1392 1322
1923 2215
279 2190
1858 2270
574 2362
1613 953
1569 2157
1416 1928
2069 326
2356 983
2408 882
1670 2105
258 384
109 1396
1314 1293
1238 663
1109 280
2326 2194
695 2095
1503 1387
554 509
1902 1990
167 2188
1225 401
2206 2083
1441 1144
1227 2320
281 587
734 1031
2134 629
722 1439
2247 700
2229 1820
417 2235
2482 776
636 1248
1692 2286
2083 2051
941 165
609 2339
1384 1193
1455 994
2443 2016
1396 1630
983 1386
764 1951
537 1574
1853 342
689 955
1944 1204
2001 556
422 1970
1231 2018
441 1799
282 1689
64 259
1711 393
1734 2116
1380 455
2060 94
437 606
549 845
1441 2099
2460 1530
2387 812
1845 1702
2325 1915
2228 66
2375 2051
1986 2302
141 92
2094 1649
778 1743
2213 797
1334 710
1751 1351
981 1217
1073 2432
1083 2266
17 595
1392 2218
2307 271
249 862
2204 1747
1116 785
1055 696
1022 2486
1856 2299
1210 1329
1508 1804
981 2444
700 1821
1106 1736
1193 1980
570 2181
2017 1654
169 625
1751 77
1618 1742
717 1189
1672 2285
695 686
1731 746
1763 588
28 692
351 2190
911 13
351 332
2145 1865
1678 937
841 2399
782 1213
47 1280
1671 1712
1300 977
695 1315
1838 2042
170 1328
434 1725
96 2094
313 1297
358 2044
472 2480
1450 1750
2324 1088
1667 2205
2296 1772
2201 1263
1118 353
405 928
586 63
1828 1730
587 659
1256 2446
1615 308
872 985
630 1154
172 2252
1712 944
2273 2236
1239 919
434 10
1136 2430
491 1597
1795 1165
1863 382
54 128
1238 2498
1823 1367
2110 1708
1184 411
851 2443
77 1163
847 552
478 582
61 1432
2393 2371
2067 1064
683 808
176 1324
1523 564
1208 445
313 800
422 1782
951 1197
1587 2078
1659 332
328 1839
593 344
190 1330
994 305
322 525
1870 1136
1257 19
13 162
1828 1890
509 1305
499 448
1518 1051
735 2089
1104 852
227 2163
1155 2
1344 1381
2250 41
668 753
1609 2061
844 243
205 2155
548 2146
294 2230
198 1997
1000 548
1887 2181
2321 1946
1729 116
1967 105
24 603
1674 379
280 1824
128 21
1411 38
1405 2301
320 2002
920 1993
1091 2214
496 1522
1056 1679
1747 1116
599 2411
1201 2436
1832 474
301 1150
316 933
1821 2302
2172 2073
637 1103
1059 361
426 472
2080 2001
1505 2388
2303 496
1026 2198
1096 2075
2408 1525
828 70
828 128
185 1466
2060 997
1252 2276
989 2413
1943 1776
1891 2040
1960 597
69 15
2103 1232
2148 1137
143 2005
2414 2287
640 2299
1769 1383
33 2034
267 2430
812 1976
1481 732
1486 364
2359 306
810 631
897 2109
758 1529
1540 2411
2069 2484
812 264
449 550
2182 257
1877 578
587 879
1644 1906
2108 287
1762 1429
1503 708
1953 883
131 1294
1729 2477
939 2057
675 1238
2045 1041
1961 2127
35 239
1901 952
1792 2159
695 1366
1307 405
993 962
1567 1603
2353 1188
1310 2370
2192 2044
2260 1958
1375 2320
1374 1408
1283 1998
1080 145
1823 641
64 969
2012 259
1521 2157
1671 2136
1496 1067
1448 331
834 869
2409 549
505 2345
375 288
671 540
1349 1128
2369 395
833 676
1240 1827
1215 1830
1383 1285
2397 2159
124 2487
2327 803
2058 2357
791 1664
2379 670
251 816
78 1454
293 855
249 1952
1148 557
2395 1784
1282 2409
2396 827
209 1450
1135 2144
1577 24
735 982
486 243
2182 900
863 2469
879 257
879 1496
643 878
209 1715
1564 2419
2445 2379
2317 1611
2037 349
191 1583
381 811
673 867
1380 2103
449 3
969 454
2235 235
2220 598
882 759
1498 1625
1470 1622
1727 992
358 115
1126 2334
2243 1795
1091 1542
2284 1336
1291 1680
2452 1073
1488 1539
1451 83
474 251
277 539
2304 1798
1370 1093
390 2182
1046 700
1644 1186
56 1061
1415 74
1845 707
1799 1207
920 1621
345 1164
1076 2166
35 472
614 745
1296 867
864 151
259 1976
339 2233
472 1713
381 2109
1687 256
446 1453
391 2312
906 825
1198 1264
1101 2455
232 2145
1686 1009
474 2297
201 647
1764 1163
1404 1621
2075 479
1507 912
138 1936
2163 315
242 1173
1472 69
1468 2204
1968 576
1723 169
1954 1598
658 1280
1851 61
1314 544
1107 2063
2316 1710
754 1729
484 2476
250 1369
459 1327
833 1407
884 1798
1450 956
2145 811
733 1039
2408 23
113 95
2478 1850
489 2410
1025 364
928 1347
1092 227
1274 978
1060 96
2393 1149
216 1643
2234 1928
460 571
972 2207
1153 1289
1630 1118
53 516
1556 1756
1679 1166
862 122
1589 1616
2488 873
943 2430
1919 1598
748 991
2471 1038
738 193
2178 236
640 717
1391 587
1007 694
188 2433
105 2001
368 1529
1558 1843
2072 1346
383 14
1615 1129
2258 347
234 28
2202 2343
125 1434
669 1453
1208 69
1366 1866
2364 2321
4 1848
714 2149
1925 1651
145 412
1911 1582
705 2233
755 1714
1261 783
2473 1955
1736 1598
111 685
2499 2322
1559 1330
1904 1454
2210 1513
355 195
2083 1616
432 1452
1554 1992
1046 1222
2381 449
1299 1617
756 1277
1454 2442
1051 1445
1653 1701
1245 1739
416 2050
1655 2140
774 176
1606 1232
1487 2111
66 1512
1594 11
773 615
1606 922
1061 1274
1969 1777
74 1722
471 1708
1054 1877
685 1893
429 530
2484 863
579 1630
2180 719
2355 452
606 789
2257 236
359 927
1902 779
1030 1757
1044 1907
2018 716
1883 1703
1224 1055
1782 394
810 1871
556 766
200 481
2400 631
1219 2275
605 2393
2268 1882
697 2393
1086 1857
2109 1068
997 42
92 409
2161 633
1039 129
2125 1667
868 1190
1495 74
1122 2123
222 477
1979 271
339 2135
360 257
117 1451
2117 419
15 1538
490 934
1738 1412
1475 87
1594 109
1745 278
1034 2267
118 1282
1130 1450
1972 367
565 1237
366 93
317 1238
382 936
1897 2041
509 882
393 2308
1778 699
1986 1700
2108 44
438 1894
1081 2222
1532 2455
708 1460
1661 1912
2020 1621
221 1791
1335 1523
2490 272
1629 1720
1068 679
1322 1908
557 678
2210 1633
2250 2319
230 1833
1898 1822
700 1037
1977 437
1630 2029
130 2171
2121 1165
534 618
1658 54
538 185
614 1572
534 1009
2147 1783
804 1163
2177 2449
129 812
2212 1808
1374 513
1840 132
612 1162
537 370
709 899
1575 2497
480 985
2011 1867
1568 401
458 708
2399 1709
2054 2196
956 2445
1773 1840
301 2142
2103 2283
2342 587
2445 132
628 1008
1246 1953
1403 148
1903 1111
2129 1478
695 869
1673 82
2366 1694
1627 1035
837 299
1985 755
1456 1350
328 1674
1212 2054
454 940
1459 67
2378 1913
1872 2363
623 1314
393 885
1238 556
627 1512
2117 2482
1293 1506
1810 441
1941 1077
1113 1076
1965 2191
1333 2018
581 146
2354 1587
2209 2172
908 770
1626 1616
1888 1824
1653 2073
2096 2104
220 1141
1174 1667
1369 174
146 1479
59 1493
683 1852
2454 1060
1139 2191
2411 1116
186 1797
2179 2393
493 1121
2459 841
1618 1730
196 759
2303 628
2478 241
2268 51
1215 186
617 1006
1620 1081
2309 1167
1788 869
832 1248
1578 1815
611 2156
945 1165
1670 197
421 853
2498 1342
1324 1371
2091 1510
1241 773
1852 136
1812 700
1976 2391
219 2036
1911 2188
326 1553
265 1447
418 2265
304 943
1739 1548
405 1345
2193 45
1705 1064
2246 1884
429 2256
199 2368
1817 478
2445 576
991 357
862 970
2421 2476
2354 989
1973 2491
1811 578
1160 2180
792 2029
809 812
427 2158
2159 398
295 2049
891 2460
1999 1747
1984 410
2319 2409
1076 850
385 844
1304 495
375 1674
1614 2298
1809 1544
2394 615
925 142
1983 633
427 27
799 988
1373 1116
1065 917
1433 2177
1873 801
2113 387
843 726
2404 9
2253 1087
577 1743
2449 2340
2155 3
138 1578
250 1846
1480 2122
1628 1199
704 948
2039 1951
971 69
1108 617
137 1321
1307 1517
464 1936
1804 1488
1087 605
225 931
616 2021
237 1289
1632 1671
97 1610
2425 185
1769 138
1441 1460
257 1978
327 375
271 1373
359 442
2034 2461
1488 1991
257 2319
1149 1099
2173 1751
1330 1243
2365 2475
2291 775
1853 1917
1678 992
63 1368
495 1385
1045 2183
25 2275
285 2297
72 473
404 1653
2481 1119
1115 768
1765 564
2064 1956
695 2401
388 822
680 262
1209 2318
2024 713
1652 123
1016 972
770 2107
1880 2132
79 1634
1836 2434
692 1805
992 605
860 572
979 722
155 1469
186 1630
143 1628
1461 1421
978 2371
640 2489
1814 322
1980 1348
373 1028
1681 2064
2001 1327
1708 1134
1971 2282
2289 706
695 1196
759 2319
143 31
1192 524
203 6
692 691
246 268
1046 1639
2126 2411
371 789
30 2341
1514 176
2072 2285
1509 333
1135 1057
96 1621
889 37
1193 2090
19 1428
389 1601
2456 849
1716 1268
2101 639
1499 663
138 1859
1020 1774
2230 2026
2001 231
1424 302
19 865
1400 505
2393 521
91 1835
93 154
1827 1312
842 588
393 1209
992 245
2046 1835
1719 1747
2429 605
2162 963
1368 1802
1947 598
862 1665
313 682
708 605
590 1140
649 519
144 1478
1787 715
2100 1072
245 923
1424 1690
575 695
2088 1066
759 2412
770 1411
1083 1148
1114 1038
2329 2346
403 1722
1709 2141
901 2121
258 858
957 1758
329 816
1718 2293
1349 407
259 726
1783 425
2099 55
523 1837
1086 2281
2394 1158
206 1152
2457 1198
1581 1396
949 740
1521 1431
156 836
691 1705
879 646
1592 2029
2029 519
2004 2222
718 1926
1978 853
817 1277
1746 2165
575 651
2195 1059
1105 1961
186 665
99 1555
793 497
1298 1795
1317 567
2008 391
788 2145
117 992
1618 160
747 400
2485 327
1493 2330
2008 1396
2420 1580
436 1687
458 1127
734 1224
2385 148
605 15
491 502
854 2460
1092 100
132 1859
1693 1767
60 2271
1838 1462
2415 2320
426 281
863 919
2287 1183
2094 2009
1678 2164
1337 855
1490 2392
1184 2007
2028 1103
1224 536
1467 2417
968 2405
1420 114
1688 1471
2114 1242
138 587
2244 373
1194 2402
654 2457
812 2337
330 1409
1973 105
2207 2000
628 1945
1503 2237
2389 1888
1332 1390
2097 1004
1748 2443
2467 841
991 621
2178 1131
74 1821
874 2332
1904 904
1089 343
2431 2149
113 2225
1735 1401
1962 2044
773 1397
2374 1444
2242 1897
800 271
593 412
577 1365
1224 372
1277 741
1441 1501
830 2073
1892 865
453 1028
1330 2157
822 15
1904 1827
42 926
2295 1112
1568 761
609 594
584 2400
2269 1057
1360 1129
1806 2380
842 522
1442 338
273 227
1864 908
900 749
642 1369
1991 102
1515 645
1077 1118
1224 2210
296 482
86 1293
298 535
672 787
2055 2273
1463 969
1772 1170
149 2011
986 232
1807 2310
1806 1079
305 1018
1332 909
2143 1214
935 1022
654 2165
1215 514
1360 506
1953 1313
2448 443
1268 587
575 104
112 2262
1988 1060
2199 1796
614 1651
2300 397
835 831
2157 1608
910 1377
337 1385
181 1547
606 1927
416 2108
1496 817
355 1703
1846 2479
773 571
1548 981
69 931
2350 1557
1386 1274
2118 352
1393 2462
1538 2450
592 426
2235 1116
1161 1382
2209 224
8 1657
1258 1351
182 1146
2056 760
1645 964
1563 1758
2011 1155
1150 1691
1801 2289
93 606
185 797
163 2129
950 312
837 1644
2070 1471
228 1275
463 2360
2272 725
2394 405
1638 911
1745 1031
1537 39
1587 50
1992 1844
1879 2170
1444 1442
1069 636
2282 1144
2272 1849
2043 1152
1569 1975
1937 1830
1116 1685
2015 1031
1712 575
309 1100
1398 311
2031 1952
1927 2226
2309 1673
1607 483
2354 303
2446 1475
420 1065
2496 2475
2362 274
1609 546
2186 1216
666 2073
1833 494
1367 1326
343 1735
1619 330
1677 1385
732 1969
2186 1251
1899 135
1333 724
1642 1121
1309 1343
551 2035
751 2088
2415 2247
2363 981
1399 1250
1964 995
1179 1534
1032 892
282 243
1551 231
1236 842
821 959
387 1411
161 1009
17 2439
1123 103
2212 1260
1060 1761
1979 518
1302 1826
1627 1528
2418 979
2116 909
864 782
2109 2423
2388 1670
889 1358
1672 881
196 1951
1648 1203
1656 1768
177 1106
482 2083
42 1772
875 2332
839 868
1496 2174
2382 409
965 668
1275 1527
1788 2122
1271 2317
1482 285
802 128
1364 1027
1910 516
2424 2361
711 1798
2419 1230
1731 1354
2376 1389
658 527
808 103
419 1413
1142 1129
2265 2153
1174 601
1516 1452
568 1296
662 186
2405 708
1451 2416
131 1498
1447 587
1657 2379
243 61
1991 2499
2013 965
103 31
1649 2239
349 826
2193 714
562 2142
857 37
66 1009
1147 1234
1641 2426
2157 2482
635 281
1729 393
1024 1766
347 1701
619 1507
324 2090
526 2118
1635 1423
1960 1496
1015 760
2108 1344
911 207
2194 158
156 1787
396 2144
1775 188
1183 127
1190 206
943 580
2202 2150
1014 2330
153 2133
1522 1883
637 2417
2311 2274
512 1419
824 990
257 2377
776 1749
1903 303
99 648
921 644
1858 789
2058 704
1349 1897
303 1883
213 1562
45 1991
1090 1187
691 393
2298 2088
695 1621
1906 1361
1885 2337
1079 152
790 2458
2422 1214
2276 437
386 1967
834 2410
1393 798
2216 1976
1223 2223
1040 1439
2102 1855
48 561
1366 1828
1576 1356
898 617
1799 1002
687 2378
1186 2030
860 2152
1994 665
1561 1596
1490 236
492 1392
302 1137
31 76
1587 1088
284 1674
1878 361
1630 1822
2208 1502
2129 1288
260 468
2125 559
1623 69
1904 1579
539 896
462 1824
1421 2163
231 677
223 1358
595 1913
1776 953
2432 1794
2497 838
706 261
1156 2286
756 1464
2331 2109
942 2425
2043 624
644 1670
449 117
1533 2143
2014 1340
2445 1718
964 2231
1369 1777
251 1621
1584 314
2243 297
556 674
943 1935
1446 2306
1782 615
1122 2500
2194 1129
1267 1258
1876 2079
1098 1929
2417 555
929 727
2167 1670
967 820
240 1781
1782 639
99 1679
203 1536
1343 960
1891 1815
2339 2103
101 1772
1679 384
1621 1319
1522 478
634 2380
187 945
2234 1698
1238 958
1547 827
1847 739
1789 1080
2329 1079
1818 2265
1646 1788
467 2271
2003 64
2310 2076
703 2425
198 1967
1398 35
1307 1353
255 1010
1599 569
1116 1568
516 2187
2499 1121
671 1483
1849 291
989 949
718 606
484 807
636 1857
266 2272
50 1641
1237 175
1224 1361
1072 1640
2170 594
709 1454
1890 2437
316 1490
1086 954
879 362
293 105
1693 1847
1379 1288
1479 1327
216 664
107 2358
184 1174
2112 409
817 1648
240 1943
622 2245
521 450
752 391
138 199
1859 230
2360 1961
1525 1669
1790 1382
2435 1843
1868 1540
1823 2013
2298 653
747 86
89 1263
1602 1739
343 2214
2179 615
1975 622
915 1265
1730 2369
1636 129
2120 1411
414 1010
913 411
1135 1938
1829 2240
1841 1854
1275 1772
1222 1861
1803 259
1040 890
2063 2390
607 812
780 1782
1859 742
14 626
1770 680
2116 88
498 1071
39 1740
1655 88
7 2400
865 240
700 2260
1263 1909
1033 92
1537 585
1543 2081
1828 2393
2184 450
1038 2102
611 1886
1524 496
300 1132
230 1102
1995 1376
1827 1829
251 1338
587 2301
1755 1179
691 430
1474 865
1495 1270
1860 396
942 593
2301 884
2162 1046
42 369
1815 476
2219 2499
1001 460
798 2098
126 243
172 889
1588 1787
1571 1380
340 1510
2277 1682
1515 2075
106 1023
1038 1718
1699 164
2180 1912
2434 193
2409 1293
962 2248
2327 365
459 1182
849 1289
1942 1906
2232 2128
80 549
591 2098
393 380
2103 1292
68 867
1910 1711
423 2210
1456 2115
755 2130
863 934
2229 1138
1027 663
1158 367
731 1714
823 1071
1586 1284
778 1359
781 2081
1380 656
1236 229
118 1854
932 634
2406 1040
2054 789
1248 2138
2465 1317
104 1309
661 1143
52 48
1147 1673
1578 2018
660 1068
334 323
2034 2192
1202 1844
1924 2022
180 1531
1321 2085
1501 1025
2032 294
1585 1666
1380 1006
1317 412
1081 549
14 1504
269 981
2393 1981
620 938
1959 1695
1766 723
1512 583
889 996
385 139
1982 1417
2351 342
1024 1091
1462 520
1754 1566
376 1662
965 1780
1134 1302
1948 2231
855 887
848 268
587 271
1862 85
558 242
1521 2246
2432 1680
128 1263
1036 216
553 518
2307 805
1224 1477
1605 2075
2163 393
1827 2097
2047 1479
2298 1388
270 1698
1175 647
975 1157
2263 828
1357 2137
1269 2210
2019 893
289 2388
1473 1487
795 1523
1177 232
1022 271
2432 363
1607 437
1708 1034
709 443
861 1109
93 1656
1944 179
126 1869
620 2426
879 1828
240 2298
1148 1582
2387 2443
640 2059
1425 2321
1920 892
503 95
85 1752
1990 2176
2151 331
1563 2173
1875 1096
1351 699
2302 110
418 1753
461 956
477 2344
2192 1698
1109 1590
2441 1311
74 1497
275 665
1544 2273
541 444
1493 2323
1061 2212
1801 328
283 1428
1399 688
1529 30
562 1363
1118 1340
1673 578
1012 1790
2046 1838
919 1531
108 1168
1190 2463
2371 1835
1373 1276
292 1262
1253 334
1779 1296
1714 1684
451 742
42 950
2393 1349
587 46
2203 1600
234 1336
1912 1927
1326 1791
120 2132
241 762
1656 676
806 146
49 946
961 2372
2215 1116
1591 113
1717 1211
2482 2492
867 154
2118 1704
840 1788
1673 2470
457 1914
32 1667
647 2261
2256 374
1831 1183
133 1751
2020 194
652 168
14 410
241 808
667 191
808 1854
2147 350
1216 2013
1288 594
1966 1303
2175 2247
1439 536
303 281
1668 2063
812 281
511 632
1827 1560
226 1138
487 1299
545 1326
310 214
234 2274
593 105
1442 859
1435 1330
354 2059
1783 1696
910 515
681 1134
2389 2189
605 181
1119 448
954 1489
308 1895
1706 163
732 1604
1124 1808
1071 593
1422 665
2068 1919
2354 1627
891 1341
1491 2018
1864 720
1441 973
253 915
1896 365
1616 1366
39 669
252 1082
381 39
1784 1697
1933 1005
208 1244
1384 1159
1272 650
281 1076
1216 777
1339 517
2022 1969
420 573
1301 2430
1171 609
2468 1456
77 2109
1028 248
2054 750
2495 1518
2114 606
2048 1469
1848 2006
1100 2039
1874 901
654 252
2407 91
998 212
1442 1201
2332 1249
554 428
2051 2483
1819 930
888 1012
334 1068
2128 2025
1515 1156
2400 3
1084 2038
1165 1914
671 2309
1642 294
69 488
16 30
819 840
913 948
721 2475
35 392
686 2161
1165 1565
1098 959
1380 680
2451 1451
1522 2133
1109 298
1328 1659
2283 1687
450 1053
716 1754
1777 1730
1110 2094
1331 788
1 634
336 2010
1116 1674
2021 2213
902 235
1300 1105
211 2307
2401 611
159 465
1197 1314
1965 533
2285 1317
608 203
2018 728
1744 23
684 2197
1500 976
2393 477
1295 1305
2061 894
1622 1612
1034 1596
993 1986
165 638
2305 261
238 1627
51 1968
1235 1587
737 36
1876 1093
2261 310
2018 610
2301 2131
1484 1335
1940 2322
216 1106
2138 1406
2367 198
1682 1974
2314 1802
1290 1793
500 5
1795 2181
2069 1395
892 1814
154 1000
1095 1019
62 1959
2354 295
1756 2260
385 1650
1004 335
7 1987
1730 1698
1729 1427
634 1494
638 828
268 824
537 276
2229 304
2087 866
460 2198
331 2177
1806 2350
930 405
2216 1774
234 1509
1788 537
676 2171
905 178
2181 340
1126 1762
2017 1813
1318 1137
884 1529
2319 1552
828 1511
1390 2438
2202 213
1514 491
241 408
1301 790
1521 1188
2263 1498
534 1311
927 114
1023 2020
2179 465
2224 2339
431 1113
854 282
1613 244
701 842
90 1117
1645 34
1683 926
69 2347
1238 2056
980 1732
90 818
281 712
694 2053
1776 236
343 663
2386 1634
1029 927
2241 375
1205 1085
2430 987
1995 643
910 348
2204 1350
575 1085
2154 1627
1673 1642
122 129
2329 876
254 1218
1534 2329
1647 1652
2440 1586
1288 1582
1514 763
969 1070
2022 1913
793 2130
2435 2455
1690 1314
2157 691
86 2384
1614 1710
1373 889
541 2054
216 1771
217 1391
1737 921
919 1815
1449 2478
2037 152
652 2132
2075 2192
2238 1376
290 1105
1076 1034
109 325
292 2027
1800 1628
1088 1154
1151 2175
614 865
324 566
966 176
799 401
1876 1780
1146 2210
1741 965
2092 304
479 947
727 1525
602 1975
1063 2355
1776 2474
2011 398
435 1300
268 603
1230 437
1221 2128
910 1293
2170 508
593 744
2280 346
1414 2118
2102 1438
2188 1666
514 1732
907 297
529 148
192 2120
2041 1281
1098 2192
966 784
1519 1498
1005 1607
171 1148
1487 2056
2109 1201
2165 812
1858 1344
1165 268
357 1522
1821 189
1536 1489
263 1500
2231 1569
1526 1549
1638 1827
1788 1437
1595 259
475 1008
864 2310
812 243
2349 1203
895 2363
1900 992
1821 1828
636 1664
650 1673
2319 9
1943 596
2244 121
2373 627
1943 700
2033 1238
927 770
1819 2447
1865 2183
1211 985
1541 2362
215 1247
842 1891
893 1582
2365 903
443 1507
142 383
768 2278
194 531
2288 234
1155 690
1469 747
2240 439
1825 286
234 2496
1881 528
1760 213
2034 1180
229 2074
465 782
242 1816
1060 1786
1047 652
1630 2453
1192 1814
1288 2370
441 2191
765 1669
905 911
1191 1887
1833 2128
96 1953
1785 1528
699 967
1526 1590
892 2336
484 105
1266 1833
1788 1814
2140 1168
2361 402
528 2372
150 1705
632 2188
972 1556
590 2165
1488 1259
850 1233
1853 1009
1505 689
1178 467
735 318
1586 98
1763 736
929 1535
1352 728
1362 822
2394 1634
1738 1721
2084 1275
2208 1204
2221 2061
1743 263
300 505
2066 789
2390 84
540 2106
1073 1964
609 1772
1392 2319
1320 846
459 286
917 1086
2269 2287
1539 1321
1308 2307
1165 977
2256 949
1944 786
1806 869
1446 1336
40 1821
606 1476
1770 952
828 1630
984 1424
128 743
547 2269
213 2175
2315 1644
613 2500
1617 2206
2057 1239
93 2093
484 1470
539 1911
864 2259
946 1072
2215 916
695 1679
310 1238
2177 982
835 1639
2082 1573
356 1071
1859 2157
981 2456
1660 1866
1837 2394
378 1666
2227 563
2105 1185
693 769
2269 1975
2338 774
556 1682
2457 783
1325 1617
2119 1725
1437 75
1714 2116
1315 529
1004 433
2139 69
2181 2073
2313 624
716 2160
1335 605
1855 1418
2464 1258
1930 769
509 2118
28 1637
1117 1491
1157 880
2481 269
2197 64
1599 1788
95 2118
1996 1569
1989 1498
1169 1510
