2499
780 2128
497 250
1775 1412
460 1879
2039 2294
921 2432
552 1702
292 1691
1878 1105
2242 1246
515 1350
413 1593
120 1177
389 1482
2126 147
324 2279
439 2138
1998 481
407 2398
1495 1932
1006 2038
1310 41
2374 1916
761 727
158 2366
1395 1257
264 2207
574 2316
1775 1314
1732 853
2233 974
169 138
1775 1128
20 681
871 2396
1831 1011
445 1807
597 2183
1883 450
1775 24
791 2238
1357 1723
1337 1775
629 191
1775 819
1187 284
842 391
1743 164
1626 2322
1971 393
1400 2117
329 2407
1470 1275
647 1068
691 379
980 1799
687 2164
1584 2236
1472 1199
1288 1065
1371 1295
2055 2164
1996 1775
1824 1096
1775 2322
777 1693
1730 231
2076 1916
489 833
444 571
984 1790
1775 266
125 1467
1124 2037
858 2407
1910 2227
1809 308
2097 1775
296 597
1740 1283
310 1941
1551 1768
2468 2278
266 1507
2066 1892
2238 239
2464 1710
1924 932
1996 713
2178 341
432 729
1217 1045
2439 201
1572 169
2189 864
1503 1070
2385 283
1916 1523
828 714
1399 612
427 567
952 1479
1761 213
1081 1454
2390 1461
96 705
1290 235
650 938
1607 397
815 396
1436 1467
1775 1383
214 679
2405 790
1544 13
1122 1740
4 494
2103 1086
1596 1687
1735 1586
942 1739
183 441
908 46
843 2396
2399 1972
1711 922
1795 2327
2147 143
2026 603
1957 1092
2315 206
493 395
969 1323
962 2371
2389 1062
472 562
17 1139
694 2011
1056 33
1474 1237
2042 299
368 2192
40 2232
2067 555
2350 603
491 997
523 2196
1848 640
1428 842
68 2034
2439 2451
1221 2415
1176 2086
1638 1758
2328 128
1271 2234
83 1052
1156 1607
735 553
657 873
1787 1775
1775 2412
1292 1111
1775 1886
1994 111
209 1554
1084 1089
485 714
1775 443
2488 152
2358 2339
412 2207
1134 1530
1004 717
1205 810
352 310
727 221
680 876
1188 1247
923 998
687 345
1309 1532
2211 657
1217 1834
1646 1775
509 2496
2345 1947
2480 2001
134 1284
720 1775
1152 511
2029 1036
920 1497
1959 1316
2048 1843
439 2036
93 79
605 1808
839 1024
2289 1775
797 1611
295 2058
1157 2448
1220 2080
457 2119
647 1101
1866 391
847 2104
2212 776
1178 110
644 741
1097 1187
1247 364
2242 1705
2294 1945
1198 2215
350 2288
1386 1331
1652 1480
1710 1865
2490 2006
2377 2447
1951 1787
1059 780
231 1279
1433 1342
2486 2291
600 85
1282 437
2449 228
114 667
1775 1858
194 31
608 597
2144 1570
1444 1392
995 1977
462 2008
1282 2058
335 2395
975 685
2173 737
1155 1332
258 1019
397 1744
1590 2384
476 403
1210 1775
2156 1751
1552 1441
2056 2121
659 1694
1646 654
512 540
2275 1207
941 1405
726 752
58 1775
1266 1257
2293 273
37 1034
2133 1953
1999 934
1542 1164
2240 1201
733 243
1895 1598
1389 782
203 1518
686 1369
1027 609
597 1775
2342 948
405 2167
1775 1915
1571 1399
60 1756
1526 1708
1948 1453
1001 2239
1956 495
311 9
505 708
461 148
459 2267
1383 515
2040 1544
1614 1775
1775 1254
1299 1343
1753 2344
2220 1814
1884 1398
2046 1149
718 2261
1234 2125
2022 1775
2276 318
1407 12
12 2423
1901 880
39 1806
991 1562
2006 822
504 2067
395 1495
473 2418
1268 2096
1388 1875
2323 172
2167 1026
982 1863
1507 2075
1041 1205
2367 719
2064 1146
2167 1638
2427 2183
2030 334
306 2102
1009 1564
484 2022
2330 1165
316 778
1638 698
670 280
594 1189
210 2146
1762 473
1775 793
1904 2017
123 172
829 2088
1815 2345
1353 2166
1561 881
594 1420
921 2340
1293 877
1005 1597
735 1993
635 2079
1008 1121
1968 916
46 1775
19 1600
464 642
1321 144
511 1668
2248 298
220 2051
562 1053
1699 1775
525 2405
2222 2413
2434 2084
1363 2405
66 1161
2477 2035
2218 660
842 1775
988 2365
112 1889
360 458
2179 366
219 2389
916 63
1411 2162
2239 1770
1117 463
753 327
618 591
821 2301
1484 1197
1233 1950
556 2248
1753 750
145 617
198 873
418 416
1151 1535
1090 1035
1765 2341
1624 531
1321 1520
596 1763
21 2460
1185 608
590 2441
2011 1384
1775 462
1356 265
459 291
1759 1775
330 2485
2246 1710
1162 2488
941 1088
218 1587
40 436
1296 1445
1633 1775
2041 1225
222 2151
1775 1485
1986 1265
2218 2306
1548 2378
1872 2449
947 1493
197 2309
1737 631
1438 1885
647 2118
290 927
1981 944
351 1246
1144 598
1333 701
1353 1614
637 2131
1552 845
1974 74
1389 1775
2237 314
1431 245
1140 1764
1824 1609
1468 263
1775 2366
1881 464
507 775
2150 1293
1600 80
613 817
454 470
1775 2439
95 419
1156 1646
1091 880
2314 796
1658 2070
1540 2083
321 1651
1443 3
1035 1775
1058 185
438 1365
1525 781
714 32
1239 418
2253 907
1511 1181
214 2127
230 2244
1676 2255
453 1047
1328 1022
356 145
303 347
443 1212
891 1512
723 1509
407 1857
2144 1988
941 2310
38 2357
433 1924
892 1972
2409 884
1987 2420
508 80
1980 1552
155 1997
1205 529
1047 373
2204 952
780 537
86 696
1241 561
1489 141
2439 1097
1758 1063
798 2347
476 81
1770 1448
1875 2149
1348 1076
51 1686
2499 1142
1438 1551
1198 487
874 1775
237 203
2273 547
1040 48
1211 44
410 659
2373 1662
1608 1797
1355 2357
2479 2382
492 678
2492 1775
297 1451
2331 1011
2386 1775
1853 862
554 599
1631 217
1574 681
954 1775
1775 1909
581 2283
1057 233
1055 483
990 2085
210 2438
2247 2143
1958 1775
828 1775
1799 1134
1779 1865
174 505
2249 1837
2370 626
1153 1761
140 2058
2203 490
524 431
745 2089
1775 1543
2366 163
4 535
2007 641
2039 1581
747 2060
1557 2295
1775 2064
1255 2034
1500 986
2195 1483
1458 946
1233 2420
1405 1892
1396 329
1591 499
1776 232
174 1482
2135 2308
1670 948
407 826
1923 1280
2420 1411
1092 2250
1140 1613
1775 21
1471 249
2034 856
1870 553
2068 2389
2481 738
277 349
2140 740
1905 740
1356 2277
1349 1339
268 837
1158 2091
841 2306
1046 715
1801 1549
2185 1757
1571 1775
1629 597
577 2405
2433 1448
145 340
1622 992
2307 2230
1252 241
1587 1635
2392 1800
353 556
124 2449
1457 1044
2114 270
456 550
1839 1143
889 2086
662 1990
2083 825
802 900
2039 718
1110 542
981 976
1633 1516
2188 1623
1175 77
883 1952
1431 1669
1775 1380
374 1423
1603 1432
1821 1954
1148 1138
2022 2400
324 1775
1343 805
1215 1599
1775 2259
293 1627
635 1005
2333 1485
55 649
987 1441
921 205
985 1313
1775 1797
1775 1541
135 600
1127 1527
1130 1941
374 298
738 1266
1766 2485
491 873
1724 1701
161 2102
547 599
313 2269
1620 1164
1038 1754
1987 1847
2081 180
1536 161
1606 726
1402 1571
797 875
1552 314
750 2300
1174 2315
1803 2191
1990 2207
1555 880
1661 574
1687 463
2079 658
386 5
1415 1431
1466 1271
1322 591
2002 215
508 1403
966 424
572 1061
707 1378
1389 70
1775 43
1245 664
2274 1327
2254 601
811 1687
1032 1405
1718 1820
1015 2319
224 1651
1831 1040
2091 1014
1190 189
1355 382
1362 362
964 1553
209 2475
2298 1754
1001 1081
1618 1250
1310 1368
2192 1171
1679 375
218 1547
1915 1356
1100 2178
244 823
1735 954
371 1121
2212 1009
2175 1037
2012 1952
286 496
509 2123
681 1459
279 73
5 92
25 1981
2065 806
720 1425
1499 549
1509 1887
211 1096
312 976
894 792
2270 1242
834 757
1379 616
2232 1672
637 900
2256 2187
1875 107
1982 729
2294 272
1256 563
558 1471
2318 203
980 2290
226 1608
1540 1635
415 2302
1455 470
193 2302
1706 668
134 1775
209 1769
736 575
1683 1064
1952 2304
2390 1137
829 551
851 637
1778 42
452 1518
959 1802
103 64
2437 94
1139 2051
2455 1762
2011 1775
2243 585
1775 1199
337 1352
612 971
220 1335
104 2008
1499 2405
1127 1907
365 1456
2391 1461
560 2144
742 2183
1790 1721
1471 2112
2280 483
528 309
902 468
2492 849
172 431
182 573
2410 500
1888 1685
532 1450
137 2196
2355 1775
2442 540
1915 267
711 1555
1781 1199
1179 287
1907 84
350 931
2063 1585
467 591
2 2083
996 2125
1699 786
838 1469
2010 713
1510 1968
1775 1148
1249 1658
2454 1634
1259 19
539 408
2051 1452
1213 1086
939 308
2333 754
1608 2403
2144 1968
2299 1715
1979 758
159 1117
720 740
1235 1177
1061 24
1775 951
979 1193
1613 65
2312 111
1976 1297
1741 1811
1041 2233
706 659
1929 1985
2109 1688
788 985
1775 1799
2224 1481
5 1189
443 1933
17 1879
1277 847
2056 625
380 1991
1850 688
227 1775
263 15
2258 1323
2222 309
2280 199
2416 2010
2495 411
546 970
1294 1467
2271 1369
1890 1318
2158 2450
1107 699
1476 2312
532 35
1321 305
1719 2143
210 2074
18 764
2161 266
1027 2144
1559 724
316 936
2058 149
713 2285
1029 2280
1727 2349
1775 2446
812 1944
680 816
1592 362
2380 258
114 635
504 2220
1238 1775
1981 869
618 855
1560 866
1938 263
1986 1768
1327 1775
33 2353
253 2176
1244 459
1314 991
1525 2414
823 2169
511 1287
263 2322
1968 1493
1275 1775
1928 878
2175 2163
1639 2262
1356 1552
1841 443
2185 143
587 1607
185 895
920 417
2100 685
1864 197
2131 848
603 1670
258 1363
474 12
1121 1925
1669 138
6 630
314 1620
808 729
895 1931
203 88
520 1931
1382 262
2265 1686
1321 902
939 857
1283 1483
1775 1310
1704 1460
2268 1860
743 450
1775 1579
420 1029
318 1775
1209 2204
669 1761
384 2299
2167 1502
1236 655
94 2022
1649 947
2478 1087
1126 1815
1956 2260
1280 704
756 1775
1465 45
1632 1961
532 574
2383 420
1589 1257
1320 2153
1406 250
1571 269
136 1802
486 623
768 1346
2323 672
2169 2483
1775 1003
1532 407
606 2015
584 179
130 508
1249 1442
681 1652
1880 2165
299 1534
1775 1443
973 2182
1333 2460
2425 1193
1964 197
112 1224
11 588
1042 1954
1988 1446
2445 2091
204 898
531 2228
1472 1678
2272 1223
994 1705
1254 778
1053 2244
1199 1943
2487 1153
27 923
2476 1658
342 401
1057 564
983 2337
341 76
387 843
2184 127
1775 1162
912 2108
1362 68
2492 1722
2450 2130
528 154
2098 173
2012 252
717 1775
142 126
1695 1563
725 3
1219 2027
2425 1615
1775 895
1923 1051
425 2463
2259 1478
65 968
2439 890
1031 190
1203 1224
1688 2165
91 45
1918 2005
1751 1135
2193 547
594 1775
2038 373
205 463
864 2310
1954 421
1782 365
1154 1714
2344 339
2073 235
1469 23
344 438
2222 446
901 914
982 710
1658 2463
1645 869
1519 1420
933 1918
2245 1076
1775 1309
334 914
1234 396
62 902
607 1714
48 350
1190 2209
1749 610
1358 700
656 1727
910 168
2305 1318
2049 2261
2480 1086
2008 1297
1398 1920
588 1775
1688 1404
509 1658
562 1775
1247 383
1437 985
1605 1669
1172 1479
282 1482
1894 1838
1544 581
1388 477
635 165
471 883
967 1233
1775 370
367 1176
134 866
1775 1220
2186 1307
1264 1366
1286 763
1775 1239
36 109
595 2172
1614 1856
1472 1427
653 575
730 2335
1883 2479
2095 978
1527 447
2302 649
252 763
2219 822
502 1332
2262 62
1635 1775
1375 1587
1268 2120
210 403
337 568
573 1465
293 925
1298 1567
160 1658
713 2497
223 427
426 895
534 2198
2387 1648
249 1617
1114 1490
1843 1131
1908 2172
1343 972
1242 1775
1775 2206
1085 1763
2025 1162
1365 188
2426 2398
808 1382
2107 122
373 52
1836 2014
1900 234
443 377
1341 1078
2272 856
1109 1688
1488 1190
381 2397
2122 278
1775 501
1514 645
2071 1780
2389 1618
1000 509
912 2208
787 416
1202 400
2420 2043
1007 1204
2225 1103
136 921
1300 1302
2421 1861
2067 1858
222 2234
752 2037
1522 1040
1040 777
529 2498
894 1753
277 170
537 2046
1052 991
1653 990
2151 1800
132 948
1640 1822
942 2442
323 161
1127 863
2188 2406
1387 2432
647 2430
2287 883
93 2087
1429 1250
103 1832
2024 2130
1952 652
232 2142
2428 2441
1569 673
27 777
218 243
1370 1939
1207 2160
497 1380
322 558
1791 1620
1805 357
1983 2310
293 288
164 793
1309 44
1594 1149
457 299
1775 748
2154 1742
442 520
1345 1102
1462 1022
1469 2106
73 881
53 865
1392 417
2033 2242
2404 1822
1201 196
89 1000
921 945
1775 1868
506 870
532 1927
2196 2333
98 524
1991 12
1518 260
2227 304
355 308
205 223
1364 1178
2378 31
764 1479
1775 935
2367 111
1893 1917
618 1326
1501 1166
161 2485
1258 2047
1697 1305
1818 339
244 1775
2425 2058
1170 984
1775 439
1437 575
2435 438
2200 1621
752 1113
1282 960
1175 2121
1324 592
1748 1775
2151 1261
513 2193
87 2474
176 1119
934 2253
1681 1371
2247 229
1636 572
1698 430
709 838
499 1625
2434 582
299 1775
2371 1258
461 2262
1774 966
2428 1775
2218 772
2005 153
1229 1463
2050 775
1714 464
1079 274
435 2116
1415 2020
835 1340
1288 1858
1390 220
2164 2263
966 681
109 202
1948 685
1775 325
1775 1674
626 757
1179 202
370 1947
1064 1472
297 1097
955 312
1449 2131
1854 1880
984 2343
73 1308
873 1775
1775 1050
951 536
1934 2432
832 1158
1762 657
814 556
302 1898
1886 141
239 1263
530 2381
1775 1902
1775 850
1355 559
1775 1023
422 763
1113 556
842 127
2226 1644
1775 1405
739 1129
1775 1067
1433 1366
1862 2473
1775 973
700 1053
2420 606
692 1790
844 917
1747 1026
1532 2172
837 1958
1207 509
2175 777
1565 1438
2085 1852
839 2401
7 1289
1676 1082
752 2173
2429 1898
281 1009
2403 100
1682 1296
905 678
2131 56
1935 202
189 982
2016 346
409 649
1549 2301
1794 1906
1338 958
764 950
1647 712
348 59
2348 1689
723 1244
1398 1386
2021 1275
1993 2457
1361 1150
1604 1807
803 1775
1745 1959
713 1216
317 2031
2470 1009
1343 416
1187 885
517 2098
1538 626
1047 1498
1040 1285
1849 1022
1963 2347
1373 790
1954 1136
1240 1949
1239 1689
631 1577
498 1633
1142 818
916 1303
976 1726
1529 1746
1323 1940
758 1821
1928 2188
1545 182
1116 1811
604 1120
215 1205
2109 1899
1775 1096
1763 789
1244 1775
440 2252
2495 1191
2039 1775
723 1767
2356 1859
1775 532
406 324
1473 1634
1327 2058
1279 826
489 1886
1226 249
1915 2171
1482 639
1028 438
911 1703
1124 1612
1313 867
353 784
1186 2068
514 2324
1926 2168
256 961
203 568
807 1888
563 1337
1515 2323
2339 709
2286 289
1530 131
1070 1218
762 1931
1775 1569
827 102
1308 1784
640 850
1775 1076
1 164
424 1882
1721 510
825 240
171 1137
516 1942
251 1029
1719 2492
416 280
1775 978
750 1240
1229 1665
1595 1580
189 1168
1281 1518
671 2446
1467 1984
261 228
1415 71
471 940
1067 1728
29 210
868 1712
843 1790
443 478
346 1311
1405 544
147 2130
620 1284
1232 2371
192 934
1158 1817
1398 1775
2478 1393
2377 61
248 1828
1445 1824
869 655
1775 2256
1462 1775
2098 1775
1853 1223
1356 1688
1775 1497
1194 2393
2214 72
522 2269
2299 1462
12 954
1509 2180
482 2453
683 369
307 1770
734 978
2110 1968
2392 236
2421 1254
1486 97
202 1775
2004 319
1118 1141
2371 1300
1217 1258
2229 120
1633 731
455 275
1385 158
396 597
1060 1658
1251 2462
1482 1128
2496 434
1206 591
2420 2207
1771 1417
93 30
593 1823
769 1067
1555 1168
206 1916
785 516
1054 2077
993 1661
78 672
689 1279
2260 1501
1622 2266
354 1939
1537 453
1775 410
1431 1792
1208 1642
112 286
2009 579
1409 350
820 1260
1222 2137
1686 764
1475 70
1650 2412
2332 645
1068 1766
2444 1476
1913 902
2067 1734
2315 1867
938 108
1775 2116
143 1042
766 1418
2004 1914
1775 1874
790 8
2295 1762
1157 2079
1239 1198
1587 1477
585 2205
1584 783
970 2310
1073 648
965 740
114 1072
1289 1199
1031 1294
1260 541
2194 806
1377 409
1204 390
2243 2113
1024 1419
234 1654
1794 640
684 2308
565 718
2493 1660
1491 2376
1897 1278
1955 384
1130 2469
169 1182
1775 56
893 126
2328 1525
1490 2251
207 206
2278 2088
804 1945
1587 898
622 655
846 219
2393 2303
2111 362
1637 1338
625 441
2218 531
1340 1780
2253 611
2048 271
258 1215
1775 1098
2394 744
1660 1323
1990 1414
2239 2443
50 1710
717 118
2057 1144
1775 1312
2155 2010
1858 747
347 1165
2035 586
142 1021
702 2253
2186 756
865 1418
2152 828
902 644
2384 202
80 1225
2224 729
1179 2170
2099 1399
469 1817
1696 567
605 1568
1040 1775
1521 91
1145 1996
490 894
1077 2196
676 874
2411 84
2157 1003
1500 2022
1571 85
39 2347
1115 1482
206 1775
1360 1966
1775 580
2478 1985
452 394
117 445
2059 246
566 2281
1655 2154
1512 803
1769 534
1628 881
181 470
1602 1952
19 2473
1390 2028
2149 1122
1680 6
227 1695
222 1709
1517 1119
1928 571
1844 1667
745 621
1932 1341
1042 1293
748 1727
518 505
286 1207
1684 41
264 2101
1533 2264
1035 1573
1634 385
869 216
1836 922
2333 1891
423 1425
608 1643
1687 1398
1341 1053
1978 897
1898 29
2003 2010
475 1381
2459 218
1662 456
746 860
886 1599
1324 2024
465 1086
566 1705
1133 995
1576 2276
1165 720
901 2259
2422 1282
1239 331
1098 1686
1494 1829
134 1835
1458 500
1210 1311
1763 185
778 2462
1836 1284
1804 2236
1775 2227
548 1789
786 1015
2133 1648
1819 1529
1942 1023
808 1439
1494 1294
126 873
680 1775
418 779
1949 1641
1717 259
1426 2098
1775 830
786 1912
1458 1731
912 1602
958 2231
2040 1754
797 1094
722 1035
2218 180
1315 122
919 2098
1725 917
1210 1447
1514 1162
1092 986
82 1028
738 2218
2257 255
2232 1915
1961 2327
1416 1011
896 1964
2145 2005
343 938
2296 1735
705 2139
74 1917
2256 1099
1919 1826
1505 426
2311 1355
398 1532
1741 1707
1359 1075
717 486
1742 681
1007 519
373 2472
1600 276
1419 2469
1620 2201
2314 1775
1775 2151
1514 1810
178 1801
1497 1458
598 1671
847 194
1214 1031
2211 2478
2227 644
1228 2320
799 2239
358 2297
918 1050
57 1434
1859 1992
1376 232
732 301
1372 2355
2003 1733
414 1394
1840 1223
530 2317
338 1987
1132 526
1312 1140
12 882
1919 1775
2420 1775
1121 2256
2480 557
1233 197
1080 915
1601 718
234 106
1467 1720
1965 2276
1251 2484
293 2207
777 2377
695 1607
1222 946
2102 376
71 1319
1659 890
1775 161
1098 452
1558 300
223 1713
985 1691
1775 2480
309 644
1378 683
2045 2092
431 1775
935 1876
1902 129
1657 161
729 812
1827 1634
2218 1566
2321 1382
2312 1066
682 1079
2218 1622
2275 2440
1846 1515
2238 1775
961 285
1159 905
1290 456
496 1755
602 2034
947 6
521 206
443 146
95 357
1551 2466
503 1093
33 1036
744 1544
187 2460
1775 1952
635 1139
1074 513
1093 209
1618 693
1248 624
1357 244
746 1409
1645 1583
451 1211
1462 433
1367 1897
1018 1049
1071 1558
266 2176
60 343
628 2291
1610 2365
277 1460
1480 2346
1998 646
2497 1524
371 113
1942 2364
1775 271
2174 248
1273 1750
1777 573
12 751
1433 492
1418 1775
644 283
750 1869
1736 2094
1408 1671
1169 80
1336 926
1738 2264
430 464
2400 651
118 1474
1710 66
1946 534
2429 2313
1132 2357
822 506
679 1254
1775 537
225 430
978 800
832 2197
1593 1874
1968 1775
2431 2023
1140 372
751 28
2317 1262
467 903
605 1028
881 511
401 1809
2338 1149
26 144
2386 753
1729 1460
2415 1132
2367 1421
724 1705
579 681
1775 1940
953 445
2447 675
1153 1354
2436 227
134 589
691 650
1029 1073
653 1967
24 381
747 2264
1397 2167
739 1775
42 2363
1556 7
1872 1304
1147 1011
1775 1041
948 1012
1509 631
1435 1068
1775 808
1342 333
404 2345
1928 9
260 345
1857 2368
1751 1584
1258 614
2428 2334
1775 910
581 1567
1962 2286
974 1344
1496 24
1267 218
2428 34
1512 2404
852 825
1612 666
713 879
2013 1701
1663 1687
720 817
367 1329
166 642
1579 906
399 2053
1555 1108
904 1539
1787 1618
2352 1465
2161 2408
2293 1401
2062 614
1775 775
236 1013
415 836
1767 840
2057 150
2240 1113
1532 1928
1062 2292
317 1775
1040 2217
2497 1960
45 976
570 1483
438 697
1179 1850
1833 1254
1775 2417
147 2354
552 211
1550 364
1422 2497
2107 1310
87 1708
2297 1075
1692 917
2256 738
1906 930
2108 2452
868 138
1855 2038
1462 765
830 1666
1536 1911
961 2221
652 686
1241 91
349 1010
2326 2198
239 1511
778 1664
1517 1291
2225 1447
1316 1842
1231 1863
2121 1048
453 514
176 483
1483 1845
1219 1775
2235 1412
2129 2426
706 254
105 1405
1629 1007
1278 593
2492 539
1249 1419
457 643
1199 1469
449 50
1817 2458
1248 462
921 1346
242 317
1830 57
1328 499
1775 50
1134 2141
1775 343
1922 1845
575 329
2124 2357
407 363
1788 1811
1562 1272
1656 938
1998 1917
2359 423
1775 1890
1579 598
1325 680
1800 200
433 663
1921 1889
1716 2415
806 910
2314 619
1484 2046
1141 34
2019 267
458 508
170 1775
466 1838
2482 647
1775 2167
961 322
629 1825
2360 2393
2370 2213
909 408
247 962
2362 962
816 2148
103 1775
1438 1798
1357 794
435 328
911 1968
1317 44
718 795
690 517
1327 383
1075 760
1413 2084
606 1706
1588 1918
1095 535
2351 1371
2375 1263
308 1952
906 1069
2461 395
1782 2199
1363 93
1681 335
765 448
1130 1200
633 1816
1895 1019
836 1463
2471 1497
2116 2202
1105 842
795 728
1759 665
1733 1374
1673 2345
1903 1016
1361 681
1169 271
1498 1551
1689 989
1184 1602
1794 1701
2261 1989
1645 627
1600 1104
735 1759
843 1775
266 2024
2372 767
660 1083
1992 901
1432 191
486 2018
2105 1794
610 1931
1595 418
1142 501
1347 2329
977 2182
527 1775
2335 319
1139 677
1785 556
2427 859
1995 515
2090 2355
1002 1655
1301 121
317 2293
102 2328
734 1773
872 934
315 883
2134 1432
1579 1417
634 314
2054 2457
279 1958
463 99
1270 1363
1306 332
1371 1227
795 2489
1775 757
1189 54
1936 661
470 977
591 122
1408 1877
1620 177
1248 97
1513 776
2000 2304
1930 1397
869 1775
1086 958
1080 1378
1774 1424
1765 2497
822 1775
1551 1633
699 1775
2226 232
1695 601
1758 1196
1207 1274
317 929
1991 1970
1082 1891
957 2281
1125 2362
494 2248
828 1801
1667 925
1342 1230
2214 2325
2159 935
2386 1705
2241 396
2024 1079
483 1389
2327 714
1969 2011
288 1578
99 365
1575 2443
2096 2449
1726 1195
2045 545
258 1775
414 669
116 515
482 2098
2423 1838
1775 1431
198 2329
2039 290
2230 793
515 455
680 2061
1190 1783
1781 2336
380 1937
1283 1775
2102 2142
1340 294
1829 1112
1911 1903
1342 1252
1775 976
2010 1531
1732 402
1160 1843
779 1973
1685 1410
2210 1524
2035 1417
2023 289
16 1182
887 1851
1657 928
1273 755
2192 1015
907 1228
576 318
1679 2314
1018 786
733 2284
2243 597
884 902
1148 59
300 1910
67 2181
1192 1867
14 511
2089 1669
2020 888
548 85
1604 2366
64 1837
1775 29
60 184
1507 246
216 933
2192 904
644 990
731 1718
1690 1085
715 1845
492 449
1795 49
2146 721
854 435
1471 1528
415 1775
349 488
298 1075
1775 1042
1681 2133
2357 410
1180 1097
1139 632
1621 1216
4 155
1044 472
2094 886
915 1616
1772 2379
1962 1775
101 1868
366 1751
664 324
964 257
1775 1127
2136 114
2384 533
1602 2053
2282 1646
69 60
1830 973
1003 1320
1793 314
1463 2474
1278 2323
2376 584
359 532
793 33
674 826
589 480
735 1039
1273 1775
1025 1600
1114 2227
663 319
1775 1290
976 2278
1143 197
2105 2369
1775 1361
759 1242
2495 31
1183 501
129 716
1775 603
913 1866
1786 234
2078 119
134 534
80 2115
2303 1775
143 2388
47 2167
1888 1508
625 999
1175 429
2069 507
1638 1351
2161 1675
24 2486
1775 1761
1273 853
2312 2357
594 2308
2132 1278
1433 259
501 1089
1775 1334
1607 761
1775 2248
1164 1269
786 2391
2061 1760
2184 1634
1871 994
982 636
1399 1851
2075 1506
731 326
926 2494
2216 1541
10 174
797 1505
1977 1775
801 735
1546 511
2032 2346
231 156
2488 1339
99 615
1163 2232
809 24
1280 826
185 2223
1274 542
429 750
1775 2470
1030 2488
1775 438
786 924
1794 2052
638 534
2424 464
771 404
902 538
1723 943
1029 22
1873 2062
377 224
696 1270
1811 1239
785 336
1154 75
212 1952
747 1966
1926 873
1434 1178
115 2258
2096 1305
679 428
538 162
1043 625
195 487
949 1624
661 589
1294 2417
1819 803
1190 145
1280 2007
2191 1528
543 2436
1775 1139
555 1167
1053 238
798 1775
1972 1864
1116 1123
1020 1946
206 1816
1080 662
1296 1642
206 2268
2020 963
942 1775
580 1243
1276 292
1658 1775
575 530
2424 604
2177 1775
1775 1700
22 440
641 732
1380 157
868 1535
278 2372
813 1658
843 2114
366 1775
366 1978
1998 1668
1817 2439
185 770
186 1124
2361 1937
884 1975
1400 1311
983 855
635 1106
1382 2419
1217 1948
899 2123
332 938
705 1585
29 2257
1017 2160
1619 895
981 1253
151 2062
1177 917
1312 354
1775 530
1907 578
837 547
792 1504
1258 1127
2282 2077
2308 2034
1896 411
1585 1958
2434 1830
1775 234
980 1752
2402 244
228 1034
383 248
1609 1492
956 1799
2017 786
2485 475
208 1050
1775 2449
1210 1227
217 1478
72 545
1630 1827
597 378
320 1925
1128 1888
2022 1813
1330 1153
703 1775
1775 712
583 2469
1430 1332
1677 909
98 2456
175 893
616 822
2430 361
1555 1775
2478 1610
266 824
388 893
309 1440
2214 1775
1674 2086
2062 2044
1959 566
569 2039
1411 341
1070 568
1464 1314
2260 2279
700 392
951 2465
1775 584
2239 1111
1528 2491
630 1332
773 540
1165 1812
1389 2379
279 294
133 1057
9 2093
743 1775
1525 1996
1391 991
1988 357
2078 2202
1345 515
1760 1487
522 2074
1807 2082
1057 1775
1420 2191
1654 1033
986 2363
847 50
101 90
167 438
1173 1394
271 581
201 749
289 1796
767 2097
1073 861
1210 964
67 1964
2268 2443
774 1766
393 430
1384 1202
629 1097
678 2467
978 831
837 541
780 917
1949 1775
172 907
1343 139
2190 1850
479 2254
893 1301
2212 1582
937 1041
2494 1419
1127 430
942 2072
