49 232 1
12 17 48
26 42 95
34 44 1
24 47 30
13 21 37
21 23 24
35 37 24
16 46 35
15 18 44
23 49 38
8 49 48
10 38 60
46 47 29
13 33 30
4 14 62
20 21 59
28 39 57
2 43 97
14 37 9
37 49 20
3 28 57
18 48 72
18 40 72
14 22 28
21 45 76
24 37 52
15 43 3
27 42 17
5 45 19
39 40 10
9 17 60
15 21 93
11 13 82
24 44 11
7 26 21
20 32 59
12 18 39
10 31 52
7 31 33
5 29 10
6 45 58
5 40 86
22 41 1
5 26 86
1 3 12
19 29 30
3 9 36
31 46 6
8 47 19
31 49 83
7 45 28
4 15 23
6 39 82
17 34 32
12 34 9
11 21 81
6 27 88
17 49 72
18 45 1
4 33 82
23 26 45
6 35 69
27 31 57
4 26 93
7 15 33
32 46 71
40 42 85
8 14 2
1 26 57
11 34 71
17 29 82
1 40 80
22 40 70
28 41 12
38 46 50
21 49 82
31 48 54
14 27 25
37 40 4
5 27 54
15 22 61
23 48 100
12 49 21
13 43 59
32 43 70
24 35 52
12 19 62
23 46 58
17 33 77
32 37 49
9 44 72
4 36 88
11 49 86
3 19 73
4 47 95
7 25 70
2 29 89
26 47 91
22 31 33
38 39 87
13 40 62
28 30 17
22 45 83
20 44 12
6 40 92
15 44 71
17 27 52
12 14 46
14 44 16
7 27 3
1 36 91
6 33 68
23 24 38
16 26 81
9 10 45
36 43 4
31 41 43
29 49 40
21 42 86
9 43 10
25 40 69
18 21 19
4 13 63
3 25 57
13 31 4
7 42 13
4 40 58
20 39 5
19 39 84
24 34 76
12 42 29
13 27 81
3 12 30
8 44 45
33 35 22
29 31 16
6 10 37
17 28 63
19 43 21
2 48 42
2 27 56
31 42 23
11 41 42
11 39 60
31 38 28
12 44 6
30 48 47
4 48 58
11 42 55
28 32 88
36 40 25
7 48 38
2 28 88
36 46 96
19 28 34
7 46 36
18 43 72
2 20 87
8 39 90
28 37 18
33 42 99
24 29 78
21 24 34
15 45 99
7 39 18
39 47 25
35 45 91
29 34 14
29 43 69
17 25 43
12 23 32
19 24 47
16 45 12
9 19 18
28 46 99
19 35 79
19 34 93
16 49 34
26 49 72
40 43 14
21 33 54
20 41 46
23 47 18
25 36 46
46 48 92
17 48 70
25 43 71
17 42 48
7 17 85
44 49 44
31 47 18
8 38 81
11 15 97
11 17 62
4 49 59
23 32 62
4 10 27
30 40 28
14 40 58
19 36 4
13 22 50
4 20 58
34 47 82
2 37 36
39 49 14
1 5 94
22 49 85
10 17 74
1 38 51
18 27 9
19 42 100
23 44 2
17 21 88
10 41 28
27 30 54
6 11 41
20 38 50
14 29 88
5 6 55
22 29 10
39 42 34
18 24 76
30 44 45
21 38 85
2 8 48
12 39 17
20 27 65
26 48 78
35 41 61
5 20 84
27 38 63
19 37 37
12
19 41
