45 601 14
17 35 64
15 36 37
33 38 76
5 34 12
14 23 66
8 44 43
11 18 27
6 32 56
10 21 39
4 45 99
27 32 18
13 31 98
15 24 19
4 19 59
5 10 56
20 34 50
35 36 46
39 44 95
27 34 57
12 15 94
26 30 50
17 34 56
8 16 11
18 42 20
14 15 36
3 11 58
21 31 57
4 12 68
5 42 97
1 41 3
19 31 56
21 41 60
22 41 44
9 23 63
28 41 79
20 26 76
2 3 3
13 40 10
1 31 13
4 10 29
3 32 27
22 23 41
16 26 92
16 28 12
6 9 71
18 29 79
17 43 66
27 40 37
6 30 13
8 43 17
24 43 26
10 22 74
11 32 18
5 30 29
9 16 33
3 36 79
18 31 64
4 32 4
17 38 14
39 42 65
30 42 17
33 34 75
3 20 30
2 16 89
3 29 9
2 13 48
23 43 60
6 42 47
13 42 82
29 42 17
27 35 64
12 26 52
14 41 95
23 30 97
9 12 56
36 44 28
11 31 11
11 29 63
7 15 100
8 40 34
4 30 26
11 16 20
12 16 11
4 24 61
7 10 49
20 31 37
23 34 98
19 30 33
10 20 46
12 35 96
18 19 53
16 30 94
10 29 56
25 41 61
24 40 65
18 21 72
32 38 16
3 16 70
4 8 41
3 6 61
15 42 24
20 40 56
13 32 76
30 36 32
20 44 36
6 40 88
21 39 66
8 29 100
19 20 10
29 34 98
8 18 19
18 32 89
17 27 32
10 30 59
25 32 24
9 45 56
5 40 29
5 35 80
16 35 100
15 16 84
21 44 62
2 42 77
22 32 11
26 34 78
14 39 26
10 17 63
9 15 23
9 19 96
38 42 43
10 27 54
22 29 92
14 22 40
31 43 62
40 44 77
17 19 14
2 6 80
30 40 93
32 39 21
13 24 31
13 14 47
22 38 5
6 7 68
23 41 46
22 33 22
17 31 41
35 45 19
33 39 97
1 43 77
4 25 26
6 31 78
27 29 97
29 38 41
19 44 54
1 14 46
23 44 74
10 40 99
23 29 31
6 37 64
15 18 76
5 29 48
21 23 21
34 42 67
26 31 75
26 35 15
6 24 92
28 34 64
30 34 17
4 40 9
12 28 79
2 22 92
40 41 14
32 42 100
6 8 56
34 45 36
7 40 78
22 37 96
2 7 30
10 31 66
31 36 15
24 31 25
19 40 67
29 37 35
27 28 66
10 45 69
42 45 38
27 33 93
7 39 100
31 40 41
7 36 48
19 22 65
13 34 12
32 40 92
6 34 94
8 19 11
13 23 40
2 23 75
8 25 82
13 39 73
22 44 7
7 41 66
11 39 81
6 45 14
19 36 65
34 41 49
21 32 71
16 17 26
1 9 82
6 39 46
12 21 41
4 41 53
29 36 89
5 21 93
24 44 54
5 43 61
16 20 53
8 30 63
35 40 93
7 18 92
4 9 87
5 27 50
16 44 27
12 40 20
32 37 60
13 44 54
30 41 97
8 35 8
23 31 75
14 17 99
4 22 80
16 42 62
32 33 81
7 24 44
13 27 100
3 23 41
28 38 59
20 28 76
5 32 79
1 18 30
5 11 100
12 19 78
2 10 16
9 27 52
24 32 89
30 45 32
1 30 22
5 7 67
18 20 51
31 35 78
37 38 17
8 36 2
4 15 91
6 16 33
7 12 82
7 45 77
17 28 77
2 25 5
15 45 4
19 43 42
15 44 88
38 43 46
24 42 85
12 22 14
4 38 72
2 26 15
23 27 12
12 42 43
13 45 4
2 17 86
18 28 85
17 37 82
2 45 65
20 27 82
6 15 83
37 44 28
14 44 25
3 35 92
28 42 30
1 22 84
1 34 82
8 22 19
1 36 17
10 37 64
2 28 6
21 26 62
3 30 85
5 13 61
20 45 71
11 37 95
17 25 61
15 29 60
22 40 74
18 30 56
43 45 40
17 21 51
12 41 54
29 35 57
22 27 85
4 6 46
13 26 72
1 7 77
12 23 45
39 45 67
27 31 100
9 31 91
28 30 1
11 45 48
1 42 64
1 2 50
12 27 86
4 33 35
3 22 76
21 33 53
14 20 76
10 16 7
9 13 52
28 32 13
3 39 73
20 43 36
11 41 84
5 17 2
18 40 26
15 43 23
31 38 48
29 44 17
37 45 58
7 33 35
7 37 13
2 12 83
25 44 6
9 37 54
3 21 80
14 29 74
23 35 62
27 42 9
11 26 88
4 37 36
31 42 43
14 35 84
26 45 81
4 39 94
14 19 4
4 13 35
23 24 46
2 44 79
32 45 58
9 43 56
22 28 16
7 16 34
14 42 57
13 15 88
25 40 30
6 20 94
35 42 70
22 39 43
10 43 51
14 26 36
4 20 15
6 38 24
4 27 12
25 26 31
15 38 30
15 20 1
9 41 32
1 19 69
18 38 13
1 17 98
15 22 17
35 43 4
17 41 88
3 24 22
1 21 10
19 24 83
7 32 56
24 26 45
5 22 32
19 26 1
9 34 16
32 34 92
6 35 25
27 43 71
25 42 52
29 39 27
27 30 51
1 10 85
37 42 49
11 44 10
34 40 84
7 20 85
1 8 14
3 34 25
21 40 61
18 22 12
7 44 14
17 22 51
19 37 90
5 39 72
14 30 47
17 26 33
9 39 38
11 23 64
4 44 52
4 29 14
4 36 3
1 38 94
13 21 65
8 32 94
8 14 3
16 43 60
15 37 11
26 42 69
2 21 30
1 39 6
26 38 86
13 16 92
28 39 85
1 11 50
9 44 39
5 14 40
10 26 43
27 39 35
33 43 52
17 30 47
11 28 34
4 11 84
7 27 4
17 29 23
16 32 39
43 44 25
25 30 95
5 24 44
2 18 51
5 45 65
18 39 62
7 21 9
6 29 64
29 45 76
25 31 27
41 43 2
19 45 82
29 30 70
24 45 82
11 30 85
35 44 53
9 30 47
15 21 14
33 35 80
29 41 88
32 35 70
25 29 83
16 41 74
13 43 10
21 38 8
39 40 19
41 44 58
2 5 48
1 3 55
1 32 51
13 38 59
7 43 9
6 17 71
19 42 5
6 26 25
20 38 49
8 33 97
28 45 18
7 13 6
9 32 78
18 44 84
5 8 32
28 43 31
22 31 19
1 33 13
28 40 77
6 27 24
7 17 56
6 43 63
18 33 88
24 36 57
24 27 60
19 34 18
6 13 39
33 44 77
8 27 1
41 45 21
24 38 49
3 12 71
4 42 80
3 4 92
18 25 85
1 26 12
21 45 80
15 40 94
11 13 48
13 37 46
9 24 5
10 15 80
23 42 51
22 43 3
12 43 96
10 19 43
7 25 21
18 27 15
12 39 32
11 17 55
23 39 2
24 30 45
10 13 65
7 9 69
30 39 35
2 38 100
1 44 25
19 28 89
8 15 59
3 44 86
3 40 97
11 40 62
33 40 10
20 25 61
13 28 75
21 28 93
4 26 60
1 13 63
3 7 42
24 25 37
33 36 61
38 39 55
16 23 7
13 41 15
11 38 49
23 25 80
39 43 74
6 28 54
16 31 87
20 21 50
18 43 83
3 42 21
16 39 3
5 6 47
6 21 57
21 30 79
3 9 95
2 34 98
20 24 49
31 34 76
11 20 50
13 29 21
17 23 39
30 31 52
16 29 56
2 41 18
5 36 96
1 28 17
9 20 76
4 16 10
37 41 53
16 27 52
23 32 46
34 37 17
10 36 78
9 22 5
5 20 7
2 8 7
26 44 81
14 36 90
34 38 37
26 33 35
32 44 76
4 5 42
8 42 52
19 35 3
38 45 53
24 33 21
1 45 94
6 19 54
17 40 17
1 40 24
31 39 91
15 27 5
13 36 96
6 22 16
5 23 94
2 15 32
14 24 22
11 14 90
9 35 73
10 14 55
22 25 47
3 5 7
42 44 13
36 37 9
38 44 42
11 35 41
28 44 58
3 10 8
9 33 42
2 29 91
5 33 12
3 38 95
8 37 49
11 12 13
12 33 29
2 3 35 38 33 8 20 19 43 24 1 18 5 22
30 40
