66 793 1
24 38 29
35 60 24
24 28 4
19 26 69
4 36 39
6 32 6
34 57 52
8 35 25
60 64 74
7 62 98
17 46 44
21 30 23
15 30 63
40 61 87
2 41 51
30 49 78
4 54 18
34 46 89
7 34 36
18 32 100
55 65 82
6 35 82
8 59 26
4 38 89
39 48 50
7 51 74
13 44 76
24 36 48
27 48 80
31 40 97
16 28 62
16 56 6
17 29 66
15 37 78
16 25 70
16 46 84
20 45 29
4 65 39
3 48 89
10 22 82
17 58 21
7 52 90
32 60 14
33 44 67
51 58 68
15 20 91
6 13 68
13 36 46
8 27 68
3 11 40
54 59 57
33 61 49
30 42 21
28 31 58
5 34 3
1 20 22
26 42 85
29 32 73
38 61 57
50 60 42
4 32 97
46 51 2
19 50 22
5 64 6
14 30 31
23 49 11
27 60 34
22 47 75
19 59 90
41 51 79
35 43 6
14 45 32
13 37 55
30 34 43
2 23 63
17 25 58
8 47 83
24 50 25
15 51 23
38 42 53
36 44 97
4 60 10
56 60 25
25 50 97
11 31 96
16 39 20
51 56 69
35 40 11
37 63 62
16 21 1
3 14 25
52 65 74
2 6 98
22 24 46
33 48 45
14 29 78
6 48 24
20 56 23
3 50 2
11 63 64
20 26 33
6 50 3
11 39 38
5 10 92
13 61 55
36 38 40
28 63 46
28 44 31
11 49 58
43 48 51
4 19 14
10 27 24
12 19 6
28 53 37
25 56 17
6 33 73
11 64 22
13 17 8
26 56 70
20 61 5
13 55 8
44 55 80
8 24 25
48 52 62
53 56 24
16 47 18
10 57 16
33 57 90
40 44 73
20 22 68
51 54 74
29 37 84
16 27 14
15 31 42
10 64 84
17 37 10
21 48 58
17 52 86
11 42 82
36 65 1
3 31 4
34 59 36
7 30 26
14 64 100
18 21 4
22 49 34
30 31 38
18 29 60
8 37 62
22 41 78
29 33 100
17 40 30
49 62 50
34 36 50
13 27 29
16 60 55
16 53 100
19 44 71
30 43 80
5 32 1
14 43 43
4 48 42
32 55 29
12 61 52
31 60 85
8 51 27
24 49 36
10 36 48
33 42 50
3 56 85
5 24 48
14 24 28
23 42 72
47 52 22
28 48 85
3 9 42
34 64 89
48 60 50
28 32 37
1 16 53
15 34 36
52 53 26
8 42 74
36 43 9
31 56 47
25 43 18
26 45 44
28 50 81
14 40 45
13 21 84
30 52 6
2 37 43
52 58 13
3 62 12
25 28 45
10 47 78
60 62 8
42 61 18
2 29 15
6 21 36
36 61 69
45 51 97
7 15 64
26 50 55
3 41 75
32 62 54
3 54 98
61 63 76
22 61 72
16 37 65
8 64 89
17 45 67
25 37 14
33 59 31
46 66 100
8 50 77
37 42 72
8 60 6
19 31 18
10 61 33
13 42 99
18 52 12
22 32 88
14 19 98
34 47 90
18 24 22
27 31 7
9 16 67
38 55 80
13 22 13
27 32 62
1 59 47
12 25 40
11 17 34
43 65 59
26 62 22
32 39 70
14 62 35
3 63 65
2 36 7
32 53 99
26 31 32
6 31 61
6 43 62
21 43 59
28 56 9
10 31 43
27 53 83
9 54 41
4 25 35
17 42 64
17 27 26
16 40 72
22 65 31
8 17 8
5 26 85
44 57 70
21 38 79
11 32 57
42 56 3
21 39 41
10 23 86
15 62 63
34 55 53
26 39 16
12 21 40
49 57 47
5 52 22
27 30 56
11 38 53
13 66 56
36 49 34
57 62 92
2 59 6
19 30 52
20 39 39
13 30 36
12 38 19
30 58 20
31 52 26
15 55 64
25 36 8
21 35 72
57 65 86
4 62 34
37 66 99
53 66 94
30 56 89
14 63 89
23 52 6
40 42 71
23 30 77
13 33 23
3 43 93
19 35 80
52 61 91
3 60 68
24 59 52
6 24 76
16 30 38
12 42 57
32 45 63
38 63 37
7 13 61
34 54 84
4 30 35
24 40 31
51 57 37
33 63 12
37 59 47
38 56 72
9 45 12
3 65 45
2 5 46
43 62 92
8 58 38
57 58 36
21 54 45
7 59 26
30 36 43
42 53 78
46 47 100
27 52 22
3 59 89
26 65 4
1 27 5
10 19 52
16 62 97
7 8 91
22 50 64
58 59 47
19 23 67
10 16 91
6 37 97
12 45 49
5 22 81
26 27 39
21 50 54
30 50 27
43 50 69
45 47 63
3 25 74
6 19 100
24 32 8
34 65 43
9 23 48
2 27 14
12 37 38
38 62 72
3 10 18
5 9 30
36 46 57
25 59 100
2 31 50
56 59 21
21 65 16
9 13 19
12 33 92
29 50 56
15 26 40
2 20 23
46 62 70
15 48 13
24 29 87
4 13 69
18 63 22
2 38 50
6 14 48
39 57 16
7 20 67
51 60 93
16 29 98
5 55 14
11 61 67
40 59 45
1 58 20
8 45 50
31 36 39
39 49 49
19 24 87
37 56 34
11 37 44
8 29 77
44 61 3
50 51 25
22 28 75
54 61 46
27 45 77
9 37 93
8 66 61
54 58 65
2 33 63
9 52 31
13 58 83
22 29 1
44 66 3
13 43 14
12 43 6
10 52 99
22 51 82
29 56 64
60 63 33
10 14 30
34 48 34
32 46 70
21 46 38
15 19 60
3 33 28
38 59 21
12 30 91
47 54 79
38 45 26
8 56 29
12 16 38
2 10 64
14 56 17
23 33 61
13 35 49
15 32 17
7 19 63
38 43 70
31 33 83
11 27 64
10 51 99
27 54 90
41 45 64
51 65 33
13 34 26
8 52 17
7 28 21
4 34 84
1 3 93
24 26 9
11 53 35
29 38 28
24 60 73
3 57 68
7 21 45
26 43 2
47 64 15
18 22 35
5 48 89
21 42 27
2 55 53
53 58 49
9 65 60
31 61 73
11 55 55
26 55 20
6 18 77
22 39 1
34 51 62
29 34 18
49 60 25
20 46 97
13 47 60
49 51 52
19 40 88
41 49 57
7 46 89
1 23 77
2 42 86
31 50 48
4 17 63
3 18 89
17 41 88
22 48 27
40 63 33
14 48 27
16 22 16
3 5 83
2 22 14
27 44 14
10 25 53
29 62 91
23 59 67
39 53 23
36 39 21
14 47 16
24 61 31
10 17 74
10 55 3
1 46 17
23 29 39
24 47 58
45 66 68
62 65 77
3 34 13
43 49 88
30 54 57
4 8 62
13 40 92
33 39 6
51 64 86
3 6 48
23 55 42
40 58 65
7 26 6
20 43 52
4 59 53
4 50 1
7 45 70
34 44 32
16 20 94
5 37 61
23 45 20
45 46 67
34 50 40
47 57 96
45 58 57
26 48 54
13 23 3
4 55 64
44 58 92
39 56 46
13 59 66
18 58 58
30 41 16
64 65 45
28 57 32
7 29 48
19 34 45
11 57 94
29 48 91
15 54 66
6 65 80
7 48 38
20 41 20
32 61 71
63 64 69
24 46 99
25 65 36
11 56 82
26 30 15
16 35 7
18 19 61
7 49 14
8 14 60
12 54 84
17 35 9
50 55 24
32 47 66
13 54 54
5 25 78
26 59 100
36 37 94
2 51 53
5 14 1
14 66 52
12 15 26
16 51 25
23 43 18
15 24 95
2 57 54
30 66 5
31 32 50
4 23 30
11 36 12
2 58 85
4 64 50
13 63 23
11 25 98
22 34 65
40 56 52
25 32 19
30 53 36
41 50 17
23 62 81
34 42 45
20 34 83
10 46 98
32 38 45
5 50 22
36 57 63
13 32 44
12 24 9
48 59 81
23 53 92
54 62 55
40 46 56
6 29 75
5 46 8
20 27 85
17 18 51
51 63 63
27 37 40
42 63 75
50 52 30
18 59 37
13 49 93
20 50 62
50 66 96
6 12 8
6 23 78
16 33 80
3 38 91
17 57 74
4 58 91
39 43 36
53 61 66
10 66 13
54 64 9
43 47 77
2 4 33
18 28 12
54 57 65
35 58 71
19 63 19
39 45 67
21 58 98
13 16 22
32 36 97
32 51 1
4 43 83
28 55 32
31 42 34
34 35 71
12 52 92
22 46 40
12 62 35
57 60 43
29 51 48
19 66 67
23 25 63
11 54 78
56 66 42
26 60 86
35 36 80
3 23 50
22 30 47
22 55 74
47 50 75
39 51 48
7 33 66
4 10 53
19 27 72
8 36 5
16 17 43
14 61 39
6 17 64
33 64 18
17 56 80
41 55 25
40 51 78
23 54 14
1 45 13
48 64 22
3 53 35
4 6 69
5 16 81
35 46 61
1 14 51
27 51 42
33 46 29
8 48 52
43 51 39
9 49 9
19 42 83
22 40 11
48 56 75
21 49 9
34 37 74
13 60 91
31 54 78
2 40 4
19 39 83
30 35 43
25 45 33
2 13 89
6 41 1
5 49 100
49 61 16
50 63 24
11 15 73
5 38 31
23 40 16
32 43 59
14 46 86
52 63 23
16 34 34
53 60 93
45 55 68
10 28 82
13 45 60
47 49 67
21 33 47
15 25 20
45 59 35
25 55 45
29 42 41
3 20 81
25 57 12
7 66 73
8 31 90
46 59 74
50 58 62
33 58 11
12 31 60
15 16 70
49 59 86
32 57 83
5 33 32
36 41 64
3 66 50
22 25 100
2 56 100
12 44 88
9 50 75
5 15 59
12 39 98
52 56 22
29 40 62
6 46 89
16 31 79
21 25 57
42 54 99
43 53 20
44 45 1
21 28 96
43 45 61
24 63 33
31 48 31
16 48 63
18 33 94
18 36 41
10 48 83
3 55 81
36 53 87
40 65 52
30 32 20
11 28 50
41 63 39
15 42 6
15 29 96
11 33 49
10 33 52
39 42 87
14 17 79
5 19 55
8 43 54
30 45 81
16 38 39
9 36 90
25 40 96
51 62 57
23 51 86
4 42 67
38 44 15
26 32 42
39 47 36
4 41 18
14 57 55
43 44 75
24 51 84
21 23 29
9 30 81
7 38 53
6 25 12
11 35 57
35 45 6
42 46 64
14 60 98
17 64 70
50 56 88
21 56 95
33 41 47
15 18 10
24 27 31
34 62 63
7 42 63
4 24 100
20 52 85
15 60 68
36 56 75
8 23 56
38 60 44
21 66 85
4 63 63
18 65 77
19 28 60
32 33 14
3 22 99
1 62 16
25 41 57
7 56 59
5 61 47
2 39 70
58 62 70
26 64 59
30 48 73
4 61 35
4 9 100
36 63 35
49
17 63
