52 188 18
7 44 85
11 23 28
7 47 55
4 39 43
7 24 93
21 44 93
7 23 100
10 49 79
16 37 64
7 16 73
8 29 70
3 7 28
8 19 24
15 45 19
12 17 98
27 40 23
17 26 29
7 41 43
17 39 41
1 40 13
5 37 61
11 46 98
31 44 76
1 9 99
30 36 58
10 24 76
28 36 76
5 6 40
21 31 28
45 52 72
8 16 38
34 51 8
18 37 31
3 36 2
30 37 1
5 28 9
17 23 83
4 14 66
5 51 96
2 8 83
30 46 11
37 49 65
8 9 54
9 26 57
30 34 36
45 48 41
4 52 94
32 41 100
22 39 100
13 22 98
10 31 91
26 34 14
17 37 74
24 38 10
14 20 19
26 41 45
1 34 62
14 30 83
30 41 44
13 44 17
3 24 62
2 4 38
23 48 89
7 13 42
1 37 92
1 21 48
45 51 6
28 47 39
11 36 1
15 39 92
16 51 66
4 48 67
13 40 67
13 18 12
34 37 18
32 52 42
6 23 20
13 49 92
6 46 2
22 38 23
1 45 87
3 27 65
32 44 63
35 36 67
16 29 14
33 34 21
14 19 23
2 38 19
44 50 74
3 34 33
9 32 58
18 49 5
5 12 7
3 10 4
28 52 27
13 47 55
15 18 82
10 28 18
35 45 37
9 35 47
28 49 75
13 29 6
34 44 89
11 28 38
8 13 88
9 45 20
7 32 26
23 44 59
17 33 1
40 42 2
32 51 43
11 30 21
15 40 10
12 50 52
27 51 53
20 37 59
50 51 71
29 42 19
23 36 32
15 50 95
4 10 98
20 30 56
5 30 67
21 46 45
6 21 64
26 51 44
27 30 98
9 49 72
34 48 32
10 26 16
4 21 90
22 37 67
33 51 17
5 22 60
36 42 25
20 38 26
16 41 44
7 19 15
16 34 22
49 51 70
17 27 58
21 24 17
17 41 78
20 49 56
5 44 61
20 27 64
28 34 92
7 17 18
34 36 75
10 50 58
7 40 90
15 41 43
7 10 93
39 44 78
18 30 16
16 43 86
6 25 66
9 48 14
6 7 60
12 23 13
17 38 20
24 39 10
10 22 78
13 33 33
31 43 74
38 52 21
19 42 16
8 27 21
16 38 46
11 22 31
26 27 17
23 29 68
1 6 4
2 37 42
20 21 32
26 50 80
28 51 94
40 44 54
4 37 45
32 50 56
4 40 27
18 31 23
32 45 28
3 28 30
41 44 5
23 27 3
26 32 50
18 46 39
49 25 16 18 35 39 30 5 9 44 11 3 2 29 41 10 42 8
6 18
