78 136 5
70 76 73
5 17 87
2 14 67
16 65 4
22 62 87
4 41 81
28 67 59
37 71 25
1 45 14
2 5 97
15 63 65
2 45 52
12 55 51
30 69 9
18 37 9
45 53 80
44 57 39
8 74 80
16 42 21
39 49 92
17 29 3
7 58 89
26 44 87
32 33 66
35 61 69
54 68 64
14 55 94
1 39 66
15 22 51
3 66 66
17 69 31
19 57 18
12 41 82
52 71 28
19 45 9
7 48 53
42 69 81
19 24 48
31 64 76
27 32 74
40 53 5
12 24 23
15 18 17
38 49 29
65 74 60
12 73 100
24 58 63
16 23 17
12 67 89
35 45 40
57 68 75
28 33 98
40 56 88
24 65 62
25 47 69
29 41 10
51 71 73
15 61 21
28 36 9
40 65 31
27 66 73
16 71 56
17 63 63
26 52 11
55 58 26
21 72 21
63 74 36
36 38 7
42 46 87
34 73 77
26 30 82
35 67 90
6 7 7
32 49 75
23 54 76
36 62 43
29 52 79
2 27 69
27 33 17
58 77 27
33 77 89
11 72 30
68 73 28
16 34 38
2 48 6
32 78 24
8 9 20
34 74 89
59 70 36
39 40 86
26 45 6
6 14 97
39 78 73
2 23 41
61 67 70
50 62 15
13 63 82
9 14 13
2 72 24
51 59 65
22 38 66
63 78 34
8 50 83
4 58 34
47 58 68
28 68 14
49 54 97
11 41 23
18 67 19
4 68 61
26 66 88
67 70 48
26 56 77
22 43 44
41 65 36
37 56 27
27 51 8
49 70 70
64 66 79
11 24 75
16 38 58
29 37 30
31 61 95
5 7 35
21 40 4
20 62 32
20 71 63
22 28 79
22 64 7
20 40 96
13 71 27
9 28 50
1 33 17
9 10 82
44 60 13
43 75 61
45 20 37 46 13
71 32
