70 347 6
2 28 66
48 69 100
23 53 9
2 58 60
2 61 5
41 43 97
42 60 25
12 27 56
19 59 93
16 17 45
29 36 85
19 42 15
45 52 51
35 68 42
3 69 97
63 69 84
37 53 46
4 31 78
22 67 43
60 67 70
44 67 30
2 13 69
23 44 73
44 57 61
57 59 94
8 54 97
11 54 64
4 39 40
47 60 1
23 36 24
14 41 37
15 55 52
10 67 92
16 67 18
30 32 2
30 35 94
14 54 93
32 47 84
46 65 14
39 55 90
66 67 14
26 38 23
23 42 52
4 61 25
42 52 82
28 31 12
11 57 37
36 42 42
17 25 45
47 67 70
9 47 97
21 48 57
20 58 67
14 55 68
23 59 69
3 13 73
12 49 61
7 19 77
40 68 88
34 64 92
17 21 14
65 68 7
4 53 52
22 48 28
42 54 71
5 15 92
27 43 63
28 65 56
31 36 50
6 40 18
3 56 91
55 69 60
1 66 64
1 19 50
46 55 89
49 66 7
5 8 83
19 26 42
62 66 44
50 57 46
18 52 89
23 34 68
12 56 9
4 19 33
39 40 100
18 30 91
2 7 14
63 67 49
28 66 2
4 10 28
1 33 42
6 62 76
48 68 13
48 70 35
38 60 64
7 22 20
15 30 5
7 41 57
33 57 27
39 41 75
38 65 35
32 52 36
34 51 97
29 59 21
3 61 99
9 10 88
9 62 1
15 58 87
28 29 24
54 63 79
31 52 42
3 12 69
19 41 51
37 66 85
37 43 15
6 28 57
30 53 35
40 62 18
34 37 93
15 44 100
8 22 46
43 70 19
3 52 44
10 37 7
32 48 98
29 63 13
35 64 31
26 45 55
17 28 9
24 27 64
56 67 86
6 63 13
7 40 77
17 40 48
1 26 51
60 69 69
18 36 11
26 64 1
48 54 58
5 48 79
9 64 18
31 45 45
22 53 30
14 15 97
39 66 69
20 29 82
1 67 60
23 35 37
3 8 48
18 58 44
6 33 8
52 63 18
37 58 68
4 54 76
10 46 29
55 59 92
63 68 43
24 48 36
48 67 82
22 58 95
7 36 23
34 54 90
9 55 58
10 24 17
45 59 54
8 49 30
35 38 93
39 51 45
19 44 45
18 67 40
8 59 41
20 60 49
41 64 71
43 57 100
34 36 29
7 59 32
8 31 56
26 33 1
41 65 83
2 6 100
11 70 21
13 28 96
42 64 98
42 61 1
53 65 60
6 44 51
31 32 62
25 47 59
23 31 72
13 21 24
13 56 25
12 51 67
5 58 20
10 50 31
20 56 59
47 52 85
5 21 1
33 49 84
2 5 8
12 62 34
31 48 32
23 48 21
20 35 19
5 65 42
11 61 78
49 70 20
61 65 47
13 66 55
6 53 41
37 50 32
14 22 85
20 40 28
6 13 4
27 28 68
51 61 67
1 4 38
26 37 90
7 38 7
13 46 71
31 53 62
26 50 32
17 27 58
3 55 18
11 37 88
23 51 61
36 66 12
22 68 58
47 70 48
6 60 43
5 66 12
61 63 8
7 43 63
1 25 15
9 42 46
1 10 86
39 47 61
28 43 32
4 59 99
20 22 56
15 25 31
11 60 21
49 61 77
48 64 72
5 47 64
28 57 20
49 53 41
19 22 47
29 52 94
7 9 1
36 70 54
16 42 10
21 47 83
22 61 3
24 68 67
13 52 27
10 13 55
31 61 64
66 69 74
14 61 96
6 7 55
40 63 34
13 48 34
10 27 47
4 28 50
31 33 11
6 58 74
19 27 91
17 20 85
16 49 1
51 60 54
14 60 33
14 40 25
29 48 66
31 70 55
3 63 51
37 67 58
56 65 52
48 56 3
43 52 65
7 60 73
12 13 1
6 59 100
6 9 8
16 30 36
39 62 50
20 26 23
41 66 7
1 57 68
43 55 52
28 35 85
44 64 83
15 39 38
53 69 3
64 67 70
51 69 98
2 47 65
58 69 94
25 29 100
18 59 53
5 46 55
31 54 6
47 62 65
10 28 20
54 66 1
6 8 51
15 35 43
1 36 12
12 37 29
30 39 55
50 59 25
5 12 38
45 56 59
13 69 10
5 27 73
62 64 36
49 59 44
57 66 3
2 62 65
4 56 75
4 34 72
8 58 19
11 21 43
15 31 14
17 42 37
25 28 3
26 67 99
19 32 23
48 50 71
9 22 66
40 59 51
19 25 63
11 31 76
61 66 6
4 70 99
30 64 15
19 38 33
67 68 55
12 45 43
13 45 22
44 65 39
1 8 41
24 39 47
35 48 100
33 64 27
33 51 20
34 40 72
10 39 88
63 7 8 64 58 37
46 12
