42 95 41
10 34 61
8 15 46
1 25 29
1 17 21
13 14 15
33 41 97
28 40 36
9 16 6
23 28 86
26 34 64
13 36 24
5 23 35
8 38 22
2 13 79
11 32 26
4 22 27
12 38 61
11 30 48
1 18 95
27 31 86
4 40 55
5 7 37
3 11 56
32 42 2
20 37 10
4 37 28
4 11 76
6 25 5
19 42 10
12 31 98
8 14 27
1 4 23
24 32 43
2 21 22
41 42 27
1 6 24
18 31 18
9 38 92
10 13 49
1 15 42
19 27 78
14 27 19
11 14 74
34 39 1
10 36 3
2 7 9
8 18 35
23 38 5
18 29 2
12 13 51
25 29 67
8 25 52
10 33 12
10 38 82
19 24 92
7 22 63
28 31 15
11 25 50
2 9 89
18 34 42
1 22 32
11 27 80
25 32 62
7 9 51
10 40 55
23 39 53
28 33 82
24 33 86
7 12 1
24 39 6
18 23 77
18 22 30
22 23 48
6 21 88
15 40 74
1 36 74
12 36 38
4 28 53
19 20 3
15 36 35
20 28 92
21 23 13
8 21 58
30 38 74
9 42 24
11 37 95
4 31 90
31 32 1
11 41 91
4 16 3
36 42 18
8 11 68
19 21 7
25 37 97
8 35 47
9 18 16 29 33 27 26 23 14 32 30 28 4 20 1 21 7 31 40 11 42 34 8 37 19 13 24 17 38 6 22 36 41 2 25 35 5 12 15 39 3
39 23
