68 1281 40
22 45 50
52 55 96
32 49 53
28 52 84
2 18 88
13 59 13
22 37 35
25 39 27
47 60 19
23 54 6
26 49 97
32 67 55
25 38 39
21 51 80
18 22 73
28 31 44
28 50 63
56 64 71
13 56 50
12 68 71
52 62 74
31 49 12
63 67 60
43 56 83
23 40 72
26 51 11
23 42 16
45 47 68
18 28 24
28 47 54
27 43 40
5 34 89
17 40 25
24 49 77
11 35 96
59 63 47
12 37 49
17 24 92
20 35 89
32 44 50
16 17 45
12 43 5
5 51 14
33 43 53
3 4 24
12 47 62
16 31 99
14 49 90
19 23 88
52 57 3
22 27 95
3 36 48
7 12 20
5 65 89
6 58 67
17 31 82
16 41 7
5 42 11
8 57 65
29 43 67
19 51 29
20 30 9
9 43 30
28 35 42
33 45 85
11 61 45
30 48 46
41 49 95
26 39 70
26 36 52
21 39 49
4 51 55
17 53 16
59 61 11
38 48 75
19 32 72
10 50 69
6 20 45
58 68 29
37 45 62
38 59 7
23 56 31
22 29 59
27 41 98
25 58 80
5 26 2
2 32 21
7 59 90
34 39 99
10 16 54
7 25 43
32 47 86
25 59 82
47 51 62
23 68 61
12 27 75
2 37 43
24 67 10
24 48 49
47 65 62
53 56 19
13 26 14
42 63 55
8 54 28
18 57 26
7 63 2
55 64 20
5 12 33
34 60 40
16 28 65
3 45 22
14 54 4
42 47 65
9 27 62
18 36 14
5 63 13
41 57 27
21 27 10
13 35 40
29 63 33
23 62 80
15 21 45
9 45 21
20 61 86
6 22 44
13 52 43
30 59 61
31 44 32
2 34 71
12 31 30
50 61 22
25 37 7
10 20 85
12 14 26
6 14 75
24 38 17
13 33 35
47 61 42
44 52 39
10 14 21
4 29 2
6 56 29
31 50 84
16 53 12
49 62 81
25 44 85
32 35 34
19 64 97
18 63 36
11 60 73
14 27 53
7 64 55
27 51 98
9 61 42
8 61 91
9 46 23
31 46 77
23 32 70
3 8 100
8 40 59
18 32 49
2 65 66
8 65 68
12 28 15
2 42 51
42 43 68
21 63 75
10 62 80
18 38 21
2 27 95
3 14 27
23 61 57
50 62 38
9 67 9
34 45 48
2 16 5
8 52 27
28 48 48
10 15 53
11 38 40
25 57 69
4 20 52
14 34 55
53 65 82
29 55 59
20 41 84
9 16 6
22 68 57
1 42 93
16 46 87
24 43 32
37 52 88
4 46 62
39 50 31
9 50 30
49 68 63
16 23 52
7 31 96
12 19 20
51 57 94
45 50 83
29 62 26
11 48 26
12 65 67
32 41 52
22 60 45
13 48 18
1 2 70
1 27 33
32 65 68
15 65 53
36 41 71
13 16 91
47 62 66
37 58 96
36 45 93
21 59 86
19 41 13
7 55 81
41 51 66
3 10 6
35 55 68
20 56 40
7 16 57
35 41 24
23 44 23
5 8 61
15 23 23
8 63 9
19 44 56
18 46 12
52 60 39
20 49 94
40 67 73
7 9 75
63 64 29
17 42 14
3 66 37
25 66 80
11 33 4
46 47 35
14 23 92
34 56 33
36 61 30
57 62 55
8 24 59
44 61 19
30 45 40
2 50 24
32 48 76
4 14 48
44 50 72
34 46 79
10 34 84
4 28 59
23 49 98
10 63 15
22 53 6
16 62 60
1 60 68
1 23 98
24 57 11
5 39 69
14 47 45
22 42 71
56 60 17
8 13 32
29 52 13
3 32 84
1 62 19
20 60 21
6 44 61
3 60 25
35 66 70
25 53 70
43 49 8
10 38 43
41 64 15
37 41 7
26 29 21
47 63 85
28 45 36
4 67 8
58 66 11
30 36 36
5 55 23
40 50 38
15 25 88
10 40 44
31 38 15
9 10 83
8 62 70
48 55 89
10 22 26
8 15 3
44 54 57
1 57 93
55 61 11
47 59 92
4 8 32
11 23 6
12 50 2
31 47 83
14 42 23
20 47 77
26 42 50
21 57 6
3 18 72
26 52 98
39 60 2
4 32 94
16 24 3
16 32 72
23 53 7
34 63 78
22 25 88
43 53 88
11 26 28
44 56 26
36 39 22
32 59 77
26 37 85
13 31 52
55 67 77
53 55 21
21 50 20
36 42 20
46 49 79
39 45 80
17 25 1
30 40 65
40 47 85
40 61 8
21 24 15
27 60 27
4 63 57
2 5 97
10 59 53
30 31 66
53 60 66
53 67 51
11 47 20
36 58 67
20 57 77
3 44 15
28 41 61
43 50 13
13 60 11
39 53 97
35 60 20
2 8 54
36 43 46
28 57 29
18 24 73
57 61 3
7 32 85
7 65 96
8 44 12
8 49 48
35 63 15
2 17 69
20 25 84
40 62 70
4 45 31
42 61 34
17 47 29
26 41 54
44 66 54
30 37 83
61 66 2
22 57 16
2 31 54
14 51 54
24 28 79
28 59 39
5 9 10
7 18 1
14 45 77
37 66 54
27 36 7
43 45 34
22 32 32
37 50 78
16 44 53
16 64 31
24 37 77
5 16 5
1 51 84
13 51 56
13 50 61
12 60 23
8 25 77
39 40 69
1 7 38
20 53 64
26 44 36
12 44 11
17 20 97
10 30 34
2 4 17
5 59 34
27 32 55
38 63 83
33 59 71
11 32 73
19 47 60
38 62 24
7 27 9
22 39 26
61 64 42
19 67 12
23 57 31
18 65 20
9 55 41
44 53 67
7 37 87
27 62 34
17 18 72
11 54 51
4 38 7
2 11 37
15 17 19
18 53 56
25 43 10
20 65 6
28 37 99
3 41 80
14 32 31
23 63 2
5 6 50
24 55 86
21 56 12
52 59 45
43 57 43
24 34 18
30 47 82
23 34 31
14 35 3
9 21 70
37 68 83
6 38 20
50 66 55
7 46 74
27 42 2
48 58 51
45 64 86
15 41 61
7 15 23
2 7 94
3 28 23
15 40 19
28 56 76
12 51 67
27 39 63
13 42 76
28 62 81
24 58 71
31 68 82
5 53 96
4 56 34
12 34 43
27 37 36
38 54 3
38 52 43
12 59 71
38 65 68
60 68 73
42 67 34
10 25 56
27 65 42
24 52 51
46 64 82
1 4 89
48 66 24
13 46 40
52 66 53
17 37 23
27 58 60
39 59 22
22 50 63
19 43 44
63 65 56
7 8 41
22 33 53
21 38 25
3 21 83
36 62 46
31 40 56
19 30 5
7 53 31
26 55 73
9 56 27
45 46 40
24 65 96
27 47 22
4 58 78
19 20 53
30 42 94
1 46 71
30 32 18
16 25 30
9 49 59
32 53 60
4 13 43
20 39 93
29 36 72
12 17 97
32 63 59
18 61 53
41 46 19
25 35 89
32 56 96
2 61 32
15 34 32
8 17 55
13 41 35
11 21 61
51 52 11
39 54 29
25 36 39
9 19 13
41 50 58
4 23 87
4 42 52
5 67 4
1 21 40
4 62 79
30 34 13
20 38 59
31 42 2
43 61 31
25 31 97
50 55 24
4 37 100
35 36 3
21 32 47
38 40 61
32 68 2
61 65 25
12 55 82
11 15 34
14 53 17
59 62 31
52 64 93
37 57 97
2 60 49
18 54 9
4 44 81
2 26 44
35 52 36
3 68 61
8 39 5
36 38 88
34 53 97
17 68 73
22 36 98
36 52 88
9 42 25
18 64 9
21 49 53
30 39 44
17 44 84
6 48 41
41 44 44
2 46 40
2 39 50
49 64 17
54 67 35
37 48 94
29 65 45
24 60 86
3 24 12
38 61 20
36 67 56
14 65 66
33 42 40
33 44 52
10 53 55
18 30 59
2 49 66
9 63 15
47 67 71
9 32 29
8 66 93
14 26 45
22 62 97
28 34 30
10 44 81
17 39 90
56 68 39
2 44 93
24 54 69
27 45 61
5 50 33
5 19 81
41 58 96
10 58 46
17 50 56
37 51 64
2 56 65
16 22 26
14 21 44
36 56 87
15 39 48
14 68 1
59 66 66
34 55 30
2 53 87
9 25 45
11 18 89
43 62 70
3 67 12
13 15 34
6 12 46
11 45 1
31 57 92
46 66 20
52 58 59
51 60 47
29 56 5
27 55 85
51 64 13
3 15 17
3 33 63
15 37 77
3 59 40
14 59 7
28 61 28
10 39 68
44 48 11
55 56 14
16 66 36
46 63 84
1 53 64
4 49 17
2 68 88
50 57 34
15 52 78
15 22 46
33 49 69
20 32 39
41 59 21
59 60 63
7 66 50
21 45 29
54 59 37
30 43 73
50 65 81
40 57 78
12 56 35
1 50 93
7 10 8
30 54 72
39 44 36
14 24 72
41 68 56
32 58 81
10 68 44
11 43 95
30 64 45
34 37 63
45 61 42
1 58 42
18 19 34
5 18 97
1 28 18
58 59 93
27 66 44
38 49 53
46 58 10
38 45 42
4 53 51
18 56 22
8 32 91
18 55 89
32 62 5
19 53 93
32 55 95
39 52 43
3 58 8
14 48 97
21 34 67
15 43 27
15 67 92
9 29 53
21 62 40
6 65 14
3 50 13
24 27 76
10 29 1
22 61 61
20 22 42
1 63 42
36 37 3
16 45 58
10 43 20
6 63 63
41 63 87
22 58 2
56 61 1
1 68 82
20 58 78
8 59 70
12 53 53
23 65 55
23 51 17
17 60 31
10 12 73
10 46 16
34 42 46
8 58 13
31 36 16
52 68 32
12 35 11
45 67 28
4 33 9
4 59 93
41 48 77
10 60 5
12 40 74
4 40 91
36 66 58
2 15 95
15 64 81
17 48 27
4 43 51
21 26 83
22 44 70
9 13 99
24 62 15
26 46 24
53 68 16
54 58 96
39 49 1
40 55 17
6 41 57
8 46 95
17 55 39
1 32 79
66 67 89
35 45 89
15 58 47
6 30 74
27 29 7
17 54 95
7 14 19
19 56 79
22 64 13
11 16 27
41 53 72
5 20 91
4 60 16
2 9 94
1 8 58
10 27 87
46 59 67
27 48 23
5 41 73
16 59 79
14 62 56
25 29 7
60 66 79
57 58 91
6 46 38
7 36 56
7 68 40
27 64 78
36 46 43
22 47 44
25 62 24
40 63 13
54 56 90
6 52 81
2 57 76
11 41 69
5 32 97
40 64 84
29 59 1
1 54 40
51 63 16
28 60 66
1 36 49
25 60 25
19 65 14
4 47 35
1 55 3
9 62 57
31 66 32
24 32 95
1 39 45
21 31 56
32 43 42
19 31 48
66 68 78
19 21 56
46 50 33
4 68 92
55 66 93
6 35 79
11 44 83
14 41 100
53 63 91
51 66 33
31 56 74
37 67 47
9 35 16
33 40 44
10 54 96
3 43 45
55 57 68
36 55 76
10 18 79
29 64 41
9 40 86
21 25 3
44 46 43
33 58 81
11 39 76
42 57 15
15 47 100
19 60 87
46 67 13
12 36 89
58 67 26
11 20 41
9 48 93
31 32 19
42 58 4
15 49 3
45 66 67
55 62 50
14 33 68
35 43 91
12 64 80
42 65 11
22 65 24
1 19 78
26 62 31
32 46 30
35 50 19
44 65 52
35 68 100
29 48 83
47 49 77
30 51 10
9 12 41
4 6 29
3 54 79
27 57 3
6 25 4
22 48 38
2 51 32
19 63 68
9 65 70
49 52 48
62 67 20
4 35 57
9 17 48
49 60 51
57 60 40
3 53 44
58 60 12
8 31 44
31 55 72
9 51 42
24 41 82
32 40 37
37 62 91
17 67 50
5 37 13
6 19 63
33 50 20
59 67 89
51 55 74
55 59 85
39 47 19
19 38 34
48 63 78
1 13 61
5 38 60
62 65 99
36 50 41
23 41 69
3 64 17
6 21 70
43 48 63
44 57 97
49 66 94
12 30 32
39 56 23
18 68 22
26 58 69
42 64 47
16 49 76
12 63 93
30 57 9
58 64 76
15 18 70
37 59 99
48 59 55
4 65 25
4 52 100
20 67 46
25 27 82
51 62 21
50 63 84
42 55 12
6 7 79
25 33 15
34 36 88
54 65 12
25 65 76
49 61 35
23 24 25
42 53 47
5 25 9
14 29 7
13 57 68
31 37 14
37 55 76
33 48 58
1 11 21
39 55 13
18 26 34
30 63 15
2 19 65
38 44 84
41 62 12
2 20 83
26 45 31
24 64 51
4 31 33
10 61 63
27 31 26
13 21 33
5 62 29
4 21 40
24 59 46
7 29 89
45 63 83
22 31 94
3 56 76
27 54 46
13 65 23
6 24 31
30 67 19
1 22 32
2 3 22
3 23 83
9 11 77
14 20 87
35 49 14
39 48 6
7 42 5
20 59 77
19 33 18
3 20 93
14 56 78
37 64 36
34 38 6
34 50 52
33 52 35
45 62 49
19 25 91
40 58 41
3 57 73
22 56 8
13 23 58
19 27 72
23 36 76
9 52 84
44 63 9
8 43 59
7 20 65
61 68 98
41 42 64
5 48 16
33 60 52
7 13 70
47 66 15
17 27 5
13 28 55
34 51 17
14 37 6
2 40 47
25 41 77
23 60 53
12 32 14
3 38 90
24 44 2
24 42 84
14 67 8
8 55 31
40 68 55
24 25 31
6 18 14
17 57 33
22 26 97
34 57 23
11 19 96
34 62 31
27 67 99
18 39 6
3 11 48
29 58 25
35 37 15
45 53 53
33 41 98
17 46 24
29 34 57
48 64 97
17 51 26
25 45 59
1 67 65
11 28 89
2 59 85
9 30 77
11 58 33
43 59 5
25 63 97
22 43 34
11 67 64
16 51 37
7 48 31
3 31 16
6 29 70
42 66 80
7 21 79
28 44 99
3 12 25
16 68 6
53 66 20
3 49 13
13 34 80
2 55 7
29 41 47
46 55 27
2 33 39
27 68 48
19 57 54
10 66 92
5 52 50
52 65 1
60 64 94
2 38 78
14 22 59
15 31 20
49 51 99
24 68 35
38 47 68
51 68 28
17 30 93
1 37 18
23 66 37
4 64 9
14 38 36
27 33 69
16 65 82
36 59 62
28 43 21
17 49 100
35 47 72
6 67 73
54 57 12
22 55 26
31 54 76
42 52 8
13 25 67
33 35 39
27 30 62
28 42 16
20 34 9
23 37 80
41 61 18
6 23 13
3 30 59
9 28 39
21 68 75
37 39 20
7 19 95
19 28 97
29 60 39
1 34 63
33 36 99
31 67 11
44 51 69
14 39 82
21 48 18
44 68 92
14 50 81
12 18 77
49 55 60
54 55 19
19 55 90
26 68 70
32 50 2
23 26 22
14 36 12
14 52 78
8 45 35
10 17 89
31 51 61
1 6 46
6 32 12
18 43 3
2 63 77
41 55 76
26 56 36
27 61 7
15 50 39
20 45 2
17 66 2
8 53 99
17 58 40
50 68 93
27 34 90
46 51 40
19 24 36
30 38 29
44 49 27
57 66 87
34 35 53
33 65 5
22 67 69
7 54 10
64 65 28
30 68 24
16 47 57
27 63 99
4 27 89
18 67 84
14 19 56
34 59 11
47 58 23
57 68 52
59 64 98
29 31 41
19 45 32
26 40 2
34 41 27
36 54 13
55 65 11
44 55 49
2 35 46
33 63 75
35 53 37
14 63 100
18 21 84
7 62 7
15 28 27
9 44 15
10 37 15
26 50 1
16 48 56
8 34 68
18 51 26
4 39 8
20 68 5
21 43 96
4 26 18
5 66 50
23 59 34
49 58 94
10 52 33
34 58 35
15 16 7
1 12 4
9 47 14
33 66 13
50 52 27
15 29 55
21 67 91
8 27 21
27 53 68
38 67 33
4 50 96
61 67 54
47 64 57
6 11 73
26 61 1
12 42 21
7 11 30
39 51 26
50 60 45
58 61 66
4 48 23
12 20 93
50 64 30
16 39 51
3 5 96
39 62 38
16 35 25
1 61 88
1 24 6
38 51 57
9 57 58
19 42 44
7 50 89
5 31 82
22 30 91
26 32 46
11 68 82
3 16 51
43 64 13
11 53 50
17 29 3
4 10 52
42 50 21
2 52 7
50 56 21
6 27 54
30 35 72
8 33 29
15 24 58
48 62 99
9 64 20
38 41 77
41 47 63
8 18 91
31 58 32
58 63 35
17 61 79
15 38 8
5 44 25
5 24 66
14 40 6
1 14 58
29 46 73
13 19 54
37 60 97
17 63 34
9 23 50
41 65 96
59 68 91
14 18 32
38 56 14
45 59 73
42 51 7
29 33 99
9 18 82
56 63 72
2 45 7
38 53 12
29 44 74
15 42 68
4 7 27
48 65 33
6 51 38
11 49 83
64 67 11
13 39 44
33 57 73
1 47 22
7 57 16
37 40 60
17 52 86
35 65 5
32 60 72
40 44 21
43 52 27
18 59 54
29 51 58
23 33 3
15 63 23
35 46 64
46 48 15
1 65 45
15 51 73
25 32 98
42 56 20
20 27 69
9 34 32
1 17 79
58 62 44
20 43 72
4 24 93
17 64 32
46 61 90
24 30 99
39 43 64
51 58 74
48 22 19 36 26 23 51 18 27 34 65 68 24 3 25 15 4 44 31 1 6 42 66 61 62 57 20 16 54 35 38 29 55 30 46 37 33 52 47 2
67 17
