27 83 1
4 6 2
22 23 57
17 21 78
4 9 52
10 16 45
16 27 82
10 11 77
6 19 69
14 22 51
13 26 96
2 8 16
3 20 46
1 8 80
6 20 1
2 26 42
2 23 48
3 14 44
18 22 74
11 20 7
20 23 20
13 18 31
7 11 90
2 15 93
18 25 95
15 17 6
24 26 38
4 7 7
6 17 20
21 22 93
1 13 50
9 26 64
12 19 73
7 27 100
11 23 1
10 12 49
3 13 15
1 12 91
10 13 16
15 18 100
3 24 3
12 24 17
11 13 67
17 20 5
4 22 60
14 25 37
13 22 33
2 22 37
13 14 18
17 19 6
3 7 87
9 11 95
4 20 48
19 20 4
4 25 8
16 20 9
7 14 17
12 25 69
10 17 52
16 26 62
2 24 56
16 25 40
2 25 54
10 15 35
18 19 62
17 22 30
5 6 57
24 25 27
8 14 17
2 13 84
13 16 48
6 12 58
16 24 31
19 22 61
12 26 13
6 24 66
14 20 31
6 25 15
21 27 76
17 24 58
6 27 32
4 17 58
3 15 61
7 12 66
14
15 10
