84 114 3
63 70 22
57 61 73
40 45 55
16 60 62
16 41 38
25 28 91
30 36 39
23 69 22
1 20 13
36 62 87
68 81 21
73 75 90
23 27 79
2 45 6
11 75 43
24 42 49
19 75 15
36 63 4
49 82 70
56 64 85
60 65 90
38 72 42
36 65 63
30 79 87
27 34 23
26 70 19
30 46 62
56 71 7
23 50 61
34 47 47
12 65 84
28 55 81
11 42 63
35 46 54
46 58 89
14 52 10
38 58 80
15 72 55
16 19 6
9 11 52
51 74 95
14 56 97
20 31 92
16 69 42
32 53 99
63 65 35
1 54 16
5 26 69
3 57 22
24 53 86
52 78 72
29 69 88
18 26 67
36 84 87
52 66 92
4 76 19
12 35 24
30 48 22
12 48 84
23 76 29
60 84 64
27 42 3
5 59 86
12 21 21
7 75 71
14 57 59
72 74 100
4 69 52
8 44 1
3 68 84
9 26 22
25 69 38
64 70 66
14 19 83
1 18 59
12 76 42
44 79 31
3 71 54
24 52 38
22 34 11
15 23 43
7 74 83
66 68 90
29 52 89
15 50 99
4 83 40
25 75 47
55 58 22
15 71 46
31 54 53
16 49 63
13 82 32
19 22 57
9 78 29
7 20 26
45 63 40
60 69 72
66 83 97
5 25 66
25 56 90
47 70 71
40 83 22
62 79 20
3 36 15
6 13 93
1 10 95
1 17 59
11 33 68
6 37 52
38 39 33
27 43 29
3 67 16
26 77 2
31 80 28
66 44 80
27 61
