62 122 1
41 60 22
17 42 9
25 55 99
48 62 38
33 39 100
31 60 23
30 34 6
27 42 33
1 48 23
21 52 47
2 19 69
39 60 34
3 48 44
8 20 88
15 57 56
42 58 74
23 37 19
17 56 43
36 48 55
20 45 38
22 30 54
15 16 40
16 28 46
14 43 3
25 52 77
24 36 28
7 49 94
34 53 71
27 52 89
1 49 9
58 61 19
32 45 72
10 17 74
2 7 72
12 22 31
14 16 70
38 59 7
17 50 62
3 62 44
31 48 4
10 58 69
11 35 32
4 18 17
6 55 28
34 46 19
17 38 94
27 49 56
14 53 98
6 38 49
19 22 44
9 52 49
1 53 63
8 32 65
15 18 66
21 30 25
22 40 42
31 38 91
12 13 83
34 47 56
51 56 81
27 37 11
5 8 46
16 25 51
20 62 53
10 20 19
6 23 96
5 45 88
25 40 26
28 55 99
14 23 21
40 42 93
43 53 17
8 10 36
3 47 61
33 40 55
38 56 3
21 44 97
48 53 1
38 62 100
24 29 62
22 41 7
4 33 63
11 23 18
35 44 13
37 42 13
46 53 10
21 59 10
1 26 59
6 21 42
6 22 93
44 55 83
9 38 68
3 36 54
9 49 100
40 60 70
2 24 18
2 14 22
14 61 51
16 45 75
20 36 88
10 30 28
32 55 26
53 57 72
3 39 80
1 21 90
34 58 40
4 37 58
1 56 27
29 57 22
27 53 17
42 44 84
3 24 63
27 38 19
17 26 100
15 49 88
32 40 83
44 53 23
14 55 5
15 25 20
19 50 26
52 58 27
13 54 33
30
7 40
