54 137 35
17 40 27
33 38 22
38 42 87
34 49 92
16 40 19
18 50 53
13 49 96
4 5 60
28 29 52
10 32 31
12 22 48
19 36 89
22 39 69
8 11 99
22 41 32
2 35 6
26 50 46
16 44 48
17 43 97
11 50 5
22 50 27
16 54 66
43 44 52
14 54 21
1 25 21
18 32 17
32 43 62
4 35 72
5 9 93
9 13 95
17 49 81
3 13 44
29 42 38
17 28 36
6 37 51
37 38 56
9 46 3
8 39 15
21 45 76
18 25 19
6 38 37
15 26 76
5 52 38
17 36 42
11 18 20
51 52 70
3 5 83
31 36 39
16 48 12
3 4 22
9 36 27
28 54 55
43 53 96
3 12 10
21 33 78
1 24 40
9 24 3
7 15 56
6 9 14
26 53 64
37 44 31
14 17 92
41 45 31
35 51 28
42 47 25
7 51 85
17 27 25
30 53 77
19 50 71
23 44 16
15 31 41
20 53 43
12 27 42
10 20 49
9 45 76
10 39 71
39 49 31
8 16 56
10 12 65
48 52 52
5 31 22
31 47 47
11 19 53
30 32 52
5 40 7
18 21 28
5 45 25
10 36 2
12 36 98
4 54 40
29 50 12
38 44 36
3 16 56
1 50 4
10 28 83
3 27 8
22 33 81
6 43 100
7 28 64
34 42 78
9 23 96
14 46 4
32 50 67
6 34 3
28 46 73
4 40 52
16 18 86
35 37 62
37 46 81
8 26 4
3 54 58
22 51 25
44 49 43
1 31 13
7 50 79
1 49 28
5 36 33
43 48 48
15 49 44
19 38 75
24 43 37
29 49 68
19 30 18
2 12 77
25 31 6
4 38 97
40 53 18
19 20 74
25 32 36
33 52 29
17 23 8
12 46 27
23 25 64
11 40 7
13 32 64
38 45 22
47 50 76
10 43 46 5 50 29 49 34 25 31 41 36 35 16 45 9 40 4 13 14 18 22 7 24 53 11 28 1 21 27 6 32 26 51 37
16 43
