42 398 32
22 39 72
12 40 70
1 42 82
30 33 68
5 21 47
30 38 28
8 11 25
22 37 60
9 13 8
10 38 48
10 25 64
20 39 37
4 18 91
25 38 7
4 9 1
4 42 37
25 40 99
11 26 19
13 19 4
18 20 78
2 33 6
2 11 90
21 42 90
4 26 38
5 42 55
2 9 16
12 34 21
2 34 8
17 21 33
2 15 53
29 30 19
13 36 100
13 29 15
30 42 56
2 16 2
8 9 99
23 39 60
4 34 8
27 31 57
1 12 30
21 41 100
3 26 37
26 32 64
3 31 20
10 39 60
18 39 60
10 34 60
13 20 65
3 18 6
40 42 50
12 14 87
8 29 49
38 42 74
9 17 91
19 28 2
2 31 92
10 40 14
5 32 62
4 31 75
4 37 65
27 29 72
3 37 87
10 20 40
18 35 84
22 23 46
6 40 54
12 16 85
20 36 90
21 34 59
20 41 85
5 13 82
11 12 86
11 35 66
9 37 30
25 26 26
8 13 47
20 21 79
19 32 1
11 38 57
33 38 97
7 17 69
5 15 24
28 34 39
4 36 18
3 36 42
8 36 90
22 35 7
1 32 66
9 39 63
9 24 100
22 33 94
11 34 44
3 16 71
9 35 78
9 40 3
7 32 55
12 27 36
1 29 17
4 35 57
10 18 96
7 41 61
1 11 43
14 41 26
22 25 37
10 15 78
19 37 5
10 26 6
8 14 90
14 40 68
10 17 20
37 39 28
20 42 4
11 40 73
3 21 13
2 19 31
16 20 99
1 28 95
9 19 93
4 17 68
34 38 34
8 17 52
1 35 83
21 39 68
24 31 25
29 34 9
9 41 93
18 42 36
12 31 17
25 39 13
10 22 3
31 36 36
14 17 38
3 19 43
10 12 36
36 42 69
5 12 84
8 18 12
12 22 26
9 14 49
4 6 95
13 14 64
19 38 50
10 36 90
19 30 19
27 30 85
21 31 57
7 9 99
27 36 5
14 18 36
22 36 12
10 41 13
6 24 7
5 24 93
23 26 73
12 17 19
27 35 99
16 22 16
38 40 62
13 31 58
18 40 46
15 34 77
35 40 67
12 23 87
1 15 18
5 7 15
15 38 72
1 4 26
18 27 65
13 18 100
5 6 6
23 28 55
16 37 46
7 13 25
34 41 39
25 29 47
33 39 27
6 39 7
4 32 2
19 42 36
7 38 82
15 30 81
28 37 15
14 30 53
4 30 23
16 38 42
4 38 8
8 25 66
40 41 81
26 41 20
19 21 9
4 28 5
1 8 97
12 35 23
32 35 49
13 39 45
17 31 72
4 16 76
12 42 93
6 10 70
16 42 24
26 39 20
4 5 18
26 42 94
15 18 6
2 25 22
33 42 40
18 33 93
33 41 22
8 21 99
23 38 52
34 37 9
15 16 23
32 37 60
8 19 16
11 17 74
23 29 64
19 31 10
12 25 91
20 31 68
3 11 66
13 17 2
5 20 91
18 29 37
17 18 27
5 19 51
24 39 54
18 32 18
11 41 96
16 30 33
1 2 58
14 27 60
28 32 21
12 18 27
1 14 46
12 32 2
22 27 87
1 20 5
9 29 3
5 23 34
20 29 70
11 31 37
21 23 12
11 29 48
15 39 80
36 37 100
14 24 44
23 24 16
20 38 12
14 32 58
26 30 98
29 40 57
31 33 53
11 19 36
26 29 77
9 15 27
3 42 61
14 36 58
5 30 97
5 14 38
3 12 80
28 31 11
6 16 27
2 42 79
22 41 89
2 23 13
3 38 10
32 41 77
9 27 14
3 8 81
6 35 26
1 33 48
7 10 56
13 21 68
13 28 30
21 24 42
12 41 64
7 15 15
31 42 41
22 28 1
4 29 83
9 21 18
5 40 68
19 24 5
14 16 71
12 26 72
17 42 98
29 35 27
28 35 100
10 27 51
8 12 75
13 25 77
4 33 60
28 41 39
8 20 45
2 6 27
8 42 91
31 39 20
35 37 33
17 39 52
27 40 40
14 29 49
35 42 13
20 37 21
25 37 6
19 34 9
33 37 77
6 21 77
38 39 81
2 24 50
24 25 79
1 3 28
8 41 75
10 16 74
13 24 49
1 16 68
3 13 64
31 38 86
18 23 70
16 18 57
15 37 14
17 40 81
10 13 35
19 20 59
25 41 36
11 27 97
24 29 7
1 38 51
14 19 3
5 41 46
20 34 99
12 33 27
5 17 54
19 26 84
28 40 35
3 25 36
4 41 74
5 10 81
3 15 71
37 40 70
18 24 60
26 28 9
25 31 70
6 14 18
22 40 74
32 33 20
17 27 68
15 32 96
6 41 7
13 32 99
20 40 6
25 35 11
4 11 23
15 29 63
28 36 58
14 25 2
6 42 17
8 27 37
7 31 71
16 41 18
22 31 55
10 11 46
2 41 78
22 42 22
8 34 45
14 28 54
15 36 91
1 10 56
31 34 22
31 32 41
2 14 57
34 39 16
36 39 25
2 30 88
6 28 13
3 34 56
16 34 88
13 26 63
13 38 57
15 41 66
2 28 26
7 19 67
5 8 79
2 39 68
3 39 64
1 31 51
17 38 26
32 40 86
5 25 60
9 16 11
3 30 99
1 23 68
37 38 84
21 25 29
10 29 60
2 38 66
15 27 46
22 26 45
23 31 75
3 13 27 11 6 21 42 14 37 19 33 25 31 9 15 28 18 23 30 7 35 16 38 40 26 41 32 36 12 29 34 1
4 10
