53 1068 2
28 31 72
24 51 69
22 51 12
3 52 82
1 39 37
12 23 92
26 51 100
8 12 45
16 29 99
10 13 16
32 43 22
40 46 87
12 44 77
47 53 31
2 35 42
30 36 43
34 39 73
5 9 4
24 41 57
18 30 69
40 51 73
6 41 7
17 38 25
34 42 24
21 36 44
9 40 68
3 11 53
38 50 37
15 19 43
45 48 84
4 42 97
29 46 76
45 50 30
36 49 6
1 25 63
11 36 2
2 20 24
26 35 12
11 12 24
39 51 3
11 38 7
27 36 96
32 45 91
7 29 2
17 48 87
39 43 81
16 43 95
11 15 80
8 21 29
27 46 73
6 12 9
19 38 58
17 42 82
17 39 7
4 23 17
21 43 94
35 40 45
9 43 20
10 17 39
34 46 34
18 33 2
8 24 83
1 14 42
25 44 62
10 36 67
14 30 95
8 23 84
20 33 56
24 36 37
9 27 62
2 49 23
40 43 17
34 35 72
1 28 96
17 41 89
22 34 10
12 20 73
24 33 71
37 43 75
18 37 40
11 45 49
6 10 79
7 36 14
4 47 37
3 43 11
6 31 63
29 39 30
16 35 76
27 39 4
33 52 91
27 45 50
2 14 43
34 37 8
3 20 30
25 43 69
28 52 41
20 46 18
12 13 12
2 47 57
3 9 2
19 50 57
7 19 47
16 21 58
7 49 11
5 12 84
8 41 15
23 33 72
14 35 71
11 35 86
14 34 61
16 44 63
15 32 63
13 19 35
35 52 25
24 32 24
6 46 86
9 23 54
5 42 47
10 37 98
1 37 77
23 47 68
17 19 68
12 26 20
30 50 56
9 34 21
17 30 79
32 50 57
16 37 24
40 52 39
10 38 98
37 41 88
23 52 50
8 43 28
10 21 23
41 45 53
15 23 11
15 28 56
38 41 51
37 52 47
21 44 80
24 29 38
12 51 82
12 46 25
14 39 78
15 40 47
13 41 44
1 16 38
7 35 19
35 44 35
26 42 2
13 29 40
38 52 59
6 15 18
7 38 36
14 50 25
21 27 14
1 35 100
13 31 98
30 34 75
17 52 31
35 38 97
3 21 21
30 33 38
26 44 3
1 33 99
15 29 16
23 31 89
6 25 81
19 22 77
27 29 90
47 50 96
11 53 51
2 21 70
36 53 49
5 30 36
15 27 38
7 34 87
9 39 85
15 31 31
25 36 42
33 34 52
11 22 40
1 10 18
22 37 58
41 50 2
22 44 100
42 45 29
1 41 67
21 41 49
39 41 73
8 48 85
9 18 9
15 17 15
6 45 95
36 44 90
7 46 28
3 48 64
6 52 19
19 40 45
8 32 51
5 39 73
9 52 39
6 8 52
32 42 36
23 35 30
4 29 7
8 10 36
11 47 76
38 49 94
10 33 37
14 28 84
22 28 14
4 31 66
15 30 84
4 43 82
14 38 97
8 34 91
23 43 84
26 48 18
30 37 69
10 50 78
36 51 74
4 46 69
20 25 90
22 38 20
11 29 96
8 36 95
36 50 36
21 34 35
23 29 63
7 42 52
6 35 4
6 44 84
5 22 37
46 51 63
3 40 74
13 18 98
11 28 39
26 41 62
33 42 93
4 45 70
28 34 30
2 33 25
8 51 62
21 37 65
8 30 41
29 43 76
20 44 8
8 14 58
25 28 93
27 40 44
13 35 28
4 13 74
3 18 54
23 30 22
25 51 27
43 45 28
21 39 16
22 29 15
6 22 32
36 52 98
51 53 49
37 53 3
11 23 61
7 12 71
2 38 55
10 28 42
26 36 3
5 29 75
8 16 29
1 40 70
14 46 72
2 17 65
17 51 59
12 39 70
10 45 8
6 42 46
7 44 96
34 45 20
27 34 75
20 29 4
5 37 11
5 32 2
9 19 90
24 40 66
27 31 87
33 41 44
16 33 49
9 35 100
11 33 61
5 19 43
19 21 36
20 53 8
26 46 55
41 43 9
43 51 52
16 41 50
3 42 56
24 30 70
20 32 19
5 49 10
10 11 34
12 18 86
23 26 43
17 50 72
6 13 25
29 36 85
25 49 53
23 28 68
12 22 58
11 42 18
10 12 26
27 43 18
11 49 63
26 47 9
40 48 45
1 34 91
11 37 77
5 14 12
6 28 46
48 50 87
3 32 97
10 44 99
2 43 29
7 23 59
37 38 90
6 30 10
35 53 36
45 49 66
6 33 64
13 46 49
39 44 53
28 37 2
13 16 6
13 14 21
24 39 5
37 50 43
29 53 92
45 53 93
23 46 20
25 41 28
19 32 57
3 12 74
8 50 44
11 31 17
7 51 57
18 53 79
47 48 24
26 34 81
31 50 44
20 34 100
3 17 17
12 28 39
3 53 22
9 13 9
14 42 63
25 33 42
1 43 92
9 21 82
44 48 2
18 27 47
3 47 74
4 52 13
20 24 69
1 49 27
34 41 71
31 43 58
27 30 1
3 8 73
2 48 13
11 16 91
7 22 68
15 26 5
7 15 4
7 43 25
1 18 63
2 39 25
1 5 75
10 40 5
21 47 32
12 31 13
7 33 71
42 44 78
18 32 25
31 40 46
28 30 72
15 20 82
6 51 18
30 52 20
17 22 49
13 39 4
15 36 80
18 22 18
44 53 69
7 28 48
28 33 73
50 53 31
51 52 50
40 41 3
4 48 89
33 50 70
9 31 8
2 34 47
19 31 45
8 37 55
2 5 38
28 36 30
38 42 29
17 46 82
43 48 69
5 34 79
34 43 49
26 50 96
3 25 53
16 50 86
20 38 59
19 36 58
14 49 65
10 31 84
18 29 47
5 6 4
2 45 85
28 38 7
11 43 34
4 50 39
9 37 62
18 44 14
13 43 62
4 41 73
3 16 90
1 7 36
1 50 48
5 51 81
15 51 42
19 20 41
31 39 11
1 45 79
28 44 10
22 32 47
36 43 13
13 45 67
41 48 26
7 14 68
12 49 9
18 28 93
32 48 31
4 12 70
46 52 94
12 40 41
42 43 93
36 48 91
18 36 54
12 25 66
21 25 78
2 53 95
1 24 43
3 27 19
10 46 33
36 45 56
20 47 84
1 8 4
1 9 27
32 44 97
14 18 74
23 53 31
24 50 35
4 36 16
34 51 67
12 47 93
25 47 95
7 8 26
9 53 22
42 53 22
38 45 84
5 40 29
15 37 37
9 25 10
2 31 85
24 38 88
10 26 67
6 36 30
5 36 71
34 49 72
24 49 84
22 42 24
34 44 64
23 27 63
25 42 38
30 46 43
3 44 29
10 35 27
24 31 93
1 30 5
2 51 95
38 39 18
28 29 80
31 52 14
22 52 33
4 5 7
44 45 90
28 43 5
26 52 97
35 37 20
19 44 10
22 26 10
15 45 69
13 26 1
41 53 58
6 48 63
10 49 97
11 41 65
17 36 68
1 51 18
2 28 63
12 35 56
28 53 49
45 46 24
7 40 40
1 31 7
16 49 93
23 42 73
27 41 6
14 53 95
18 52 53
17 37 78
19 29 20
6 29 20
24 35 5
9 11 65
38 48 71
36 47 19
23 36 25
13 53 54
4 34 39
29 34 54
8 26 93
17 47 8
6 17 6
28 46 70
37 51 59
13 47 18
22 43 50
14 41 61
26 45 36
19 42 39
35 42 95
14 25 6
6 9 33
25 29 81
7 11 11
22 40 83
4 26 80
19 35 18
15 48 15
26 31 77
9 28 5
31 47 86
31 37 80
46 48 76
8 27 9
29 42 81
29 38 24
29 40 88
38 47 78
27 33 7
33 51 47
25 40 91
23 41 13
4 8 38
9 46 65
2 10 88
10 48 85
8 46 21
44 51 30
9 49 38
6 32 23
3 13 74
6 14 79
20 39 52
5 24 27
18 41 11
15 47 54
5 13 55
8 25 31
22 45 36
23 50 60
14 26 61
7 32 11
12 29 8
21 24 39
11 48 83
1 47 64
5 27 73
11 18 88
19 52 28
6 40 100
4 53 67
46 53 53
33 43 70
33 38 59
4 44 89
31 41 1
27 38 40
15 16 43
20 27 84
21 38 64
6 24 69
15 22 30
14 43 21
31 33 97
16 40 3
10 42 48
15 53 88
39 40 19
8 52 1
49 50 5
20 26 10
19 23 34
24 37 11
26 37 54
31 53 17
12 27 19
12 50 12
34 47 54
2 50 82
7 47 84
40 44 3
47 52 12
2 18 19
35 49 41
48 52 9
3 49 9
33 53 94
16 23 56
46 49 57
4 9 26
28 45 6
22 23 73
32 41 60
16 53 72
37 47 75
17 26 28
24 26 93
47 51 92
30 31 50
9 26 44
29 37 63
9 17 61
4 10 66
3 14 24
1 42 15
44 49 70
3 22 53
18 40 82
19 43 74
5 25 75
15 25 50
35 48 29
3 46 100
13 27 99
30 47 82
35 41 75
8 18 81
1 2 30
15 43 42
16 46 59
19 27 33
29 44 49
11 21 92
2 22 68
12 30 89
8 13 86
11 27 52
26 27 38
21 53 86
3 39 91
22 31 93
1 22 69
1 19 95
5 31 41
22 46 91
3 35 58
10 53 71
12 43 27
29 41 42
18 42 36
11 52 54
31 42 45
21 52 1
13 51 19
33 47 82
18 49 27
2 44 54
8 31 19
14 51 79
41 49 29
28 50 80
20 35 25
21 46 61
7 39 37
5 7 65
8 38 98
35 51 60
24 42 96
35 46 85
3 36 31
33 37 42
23 37 95
31 32 71
20 48 37
36 37 16
26 49 69
4 49 96
3 29 82
6 23 79
31 35 17
49 51 97
19 24 83
33 40 19
16 48 76
18 50 25
13 36 63
15 18 50
41 42 25
6 18 59
6 21 14
25 30 94
3 5 27
1 27 100
4 24 43
32 47 47
5 26 27
3 6 79
43 50 69
38 51 60
14 23 60
17 35 55
3 24 11
10 15 100
12 45 28
2 29 33
16 20 13
4 51 94
32 53 68
14 17 79
4 7 27
14 22 54
2 41 17
21 50 12
27 48 9
5 20 3
14 15 71
20 22 28
9 15 56
36 39 64
32 52 51
21 26 45
19 51 43
5 21 8
39 50 54
14 52 29
42 48 32
17 23 68
1 36 4
21 33 42
9 29 39
13 17 12
8 17 55
18 35 66
24 48 81
9 47 45
14 27 30
16 26 32
15 52 27
4 20 28
16 42 57
14 37 98
7 17 27
43 52 59
27 44 33
12 42 29
31 44 69
2 30 72
1 48 92
8 40 20
10 30 91
6 11 84
37 45 81
26 43 22
13 52 46
3 34 67
42 46 73
1 6 39
12 15 23
41 52 32
2 3 7
40 53 73
45 51 20
7 24 19
29 33 12
35 50 88
27 49 96
19 49 66
22 25 34
16 32 20
37 40 81
22 47 95
6 50 50
24 34 12
32 49 78
3 30 96
16 31 62
25 45 77
34 48 23
9 45 77
10 34 33
16 18 11
3 7 1
27 50 50
20 52 64
2 26 69
18 21 67
12 48 52
30 38 100
8 42 65
31 45 88
28 49 2
20 31 51
15 41 98
8 39 94
35 47 21
43 46 4
20 36 98
8 45 38
46 47 19
1 12 74
17 27 57
9 50 46
25 53 92
9 36 60
2 36 58
4 40 100
1 32 11
5 11 85
13 15 68
31 49 61
39 47 77
37 48 33
31 46 88
25 31 48
19 39 95
38 53 15
16 34 60
38 46 42
15 33 77
24 53 23
42 50 26
14 45 100
11 26 32
41 47 12
31 51 79
25 46 81
23 32 2
22 53 44
9 12 27
32 35 75
41 46 97
23 48 94
23 44 5
14 47 9
13 48 25
15 49 9
2 8 42
21 35 77
5 35 57
14 16 74
13 50 45
6 20 47
10 47 32
30 35 75
4 32 67
12 36 35
7 31 7
8 49 83
1 3 7
19 45 18
30 43 62
12 32 65
40 42 74
2 11 37
3 23 38
10 27 84
30 39 47
13 22 95
21 51 78
24 45 98
10 14 41
17 33 49
36 46 53
4 14 42
7 27 28
32 34 25
21 48 88
18 51 14
10 20 79
29 30 51
16 24 31
6 47 63
44 46 43
10 39 48
4 35 15
29 35 100
5 18 48
23 39 100
28 48 45
3 28 95
7 41 37
32 38 69
18 20 29
4 25 67
35 43 52
9 42 96
9 38 58
17 34 41
6 49 42
34 38 76
19 37 97
45 47 22
16 47 4
9 30 69
17 31 17
29 45 73
7 53 47
4 28 34
23 34 49
2 42 54
18 47 29
26 38 28
8 29 99
16 51 36
6 37 81
40 47 60
34 52 40
36 40 39
26 28 12
17 40 71
3 51 41
2 25 18
28 32 89
29 50 91
23 51 35
32 37 84
16 27 80
47 49 83
27 32 43
2 23 75
4 16 77
13 20 36
24 52 26
2 12 60
5 15 43
5 10 45
4 33 68
23 24 89
20 45 24
12 14 38
8 9 35
4 6 11
7 20 88
11 14 86
4 21 21
1 53 88
34 53 74
8 47 84
30 48 47
7 26 16
13 33 9
11 32 52
3 10 30
42 49 4
29 31 20
21 40 3
6 34 94
33 39 21
16 30 80
42 51 1
22 50 78
5 50 71
39 52 73
9 16 44
22 35 66
13 38 10
21 45 12
20 30 17
24 44 69
13 25 60
12 17 1
31 38 99
11 25 52
17 21 89
30 51 36
30 42 68
9 32 35
27 35 61
14 36 85
19 34 71
38 40 20
39 48 63
17 28 19
16 19 24
2 46 80
49 52 34
5 47 19
24 25 23
15 21 19
39 46 81
10 24 17
32 36 100
13 40 35
3 4 62
7 50 85
32 51 60
17 18 65
4 17 60
15 35 45
17 25 95
1 4 11
2 6 58
18 45 33
26 53 98
16 52 76
39 49 68
17 53 47
26 32 4
10 23 56
8 15 65
16 25 90
16 22 81
3 37 34
8 28 67
21 32 7
19 33 68
20 42 76
7 18 19
21 22 90
21 28 12
35 39 93
17 29 100
2 40 40
5 23 53
10 32 26
13 23 77
18 19 30
36 38 83
15 39 85
37 44 35
27 47 21
12 53 61
18 46 26
14 29 44
4 39 24
44 52 13
6 39 26
26 33 13
7 16 11
34 50 74
7 10 69
11 40 98
50 27
52 2
