78 562 13
12 13 66
29 49 44
42 45 47
22 27 34
12 28 3
11 62 1
29 60 9
13 31 54
5 74 31
26 55 14
49 75 41
8 19 55
10 43 93
72 78 78
26 68 44
33 46 84
41 74 24
53 77 95
62 74 14
46 47 16
41 50 38
14 62 56
34 58 48
14 26 10
52 58 99
39 60 32
49 64 86
16 30 1
62 72 40
6 37 89
64 68 71
3 13 81
12 59 63
50 78 89
34 57 19
10 54 92
22 71 1
33 40 88
14 21 33
49 70 10
36 50 50
36 58 14
39 66 19
19 63 2
29 65 71
39 58 37
4 47 36
20 31 85
6 17 43
11 26 73
54 72 28
5 17 48
31 39 63
51 52 68
38 73 35
30 53 78
11 67 90
46 77 94
30 65 92
1 10 87
5 25 98
2 27 57
41 56 5
14 27 98
29 75 79
20 77 12
9 75 2
60 66 20
4 37 29
20 78 13
10 71 61
56 57 70
7 23 74
17 36 8
10 20 89
24 78 69
32 59 48
8 65 60
60 65 72
31 73 71
39 45 68
13 72 17
4 31 96
36 41 45
34 54 59
2 57 77
21 38 42
1 28 30
7 56 80
2 31 65
9 73 33
4 27 39
66 73 65
26 61 85
26 51 72
7 75 21
11 17 40
24 49 51
20 72 87
23 37 47
20 48 38
51 56 6
12 74 15
36 71 12
13 57 81
21 49 53
43 73 13
22 57 92
21 77 54
70 73 41
21 40 1
19 27 12
37 54 44
19 53 21
41 71 70
18 59 38
3 48 13
37 50 72
16 31 29
31 61 82
29 38 78
39 59 99
29 41 40
33 48 45
31 48 4
59 63 49
34 50 10
31 63 59
14 55 80
8 78 84
49 68 97
19 24 44
12 41 61
21 61 26
45 72 1
5 28 83
11 33 50
32 47 7
11 30 33
44 54 55
7 48 4
28 77 28
38 40 2
20 53 91
42 66 8
11 74 83
12 50 43
16 73 40
3 68 96
23 55 23
24 35 2
4 74 89
15 77 12
1 36 65
7 51 68
29 34 47
34 69 8
32 58 12
50 65 15
11 48 64
65 73 36
37 63 94
14 40 33
3 75 34
2 35 85
14 22 92
2 56 62
30 77 57
11 64 32
11 32 43
20 35 81
2 11 33
19 33 38
24 45 23
22 45 49
19 61 47
18 30 56
6 35 58
26 35 90
12 27 75
53 70 49
50 59 60
40 47 40
17 59 74
19 49 49
51 74 97
8 44 8
1 55 40
30 60 24
46 66 94
33 49 26
27 78 32
22 64 68
1 17 91
45 70 23
40 58 90
54 65 28
37 65 22
11 78 24
8 66 57
16 33 22
62 75 46
38 49 44
40 77 44
47 54 90
13 58 80
18 37 65
50 75 84
12 62 20
6 29 54
34 72 22
39 76 40
26 46 65
5 57 87
9 28 71
4 55 90
30 51 11
8 45 71
10 27 15
24 46 8
20 52 42
46 56 28
64 75 72
20 54 87
1 9 91
65 77 62
20 74 17
21 33 61
21 34 51
31 41 69
12 76 77
24 44 36
2 19 5
20 34 45
9 68 55
3 78 100
43 75 45
48 59 78
36 67 68
18 72 19
27 52 44
27 39 56
53 75 7
36 59 95
55 70 44
2 55 75
9 18 33
33 45 51
19 30 87
17 73 17
20 70 30
33 77 36
11 34 31
36 49 93
67 73 82
41 70 27
44 51 50
16 34 98
9 47 32
18 75 99
21 39 16
12 14 41
39 64 52
16 64 5
7 26 9
12 40 81
3 6 36
44 61 53
9 44 21
48 63 45
21 69 4
14 54 40
8 12 44
59 76 17
1 23 86
5 67 25
63 71 80
38 56 13
23 67 39
7 67 51
64 73 23
11 56 63
33 41 60
10 77 86
37 77 53
52 78 45
26 54 48
61 66 87
26 36 61
28 78 49
32 44 86
42 43 96
64 69 57
27 75 41
19 42 57
31 64 51
7 25 80
31 49 23
13 69 73
27 59 34
37 53 1
23 42 46
7 16 64
25 52 10
1 54 37
15 55 34
14 49 20
39 75 19
56 70 20
45 52 29
44 59 11
4 71 87
52 63 62
53 71 13
29 51 64
6 20 46
54 71 93
22 50 94
51 53 38
23 39 22
49 72 85
6 72 33
28 66 63
64 66 71
22 40 2
46 58 20
11 12 27
60 68 80
27 76 75
11 51 67
1 68 77
12 55 34
30 45 88
67 75 84
43 77 8
26 27 5
47 72 23
42 78 63
18 27 79
31 78 7
11 35 65
10 49 46
28 35 6
8 38 53
29 76 6
48 72 57
19 46 91
8 18 89
3 64 72
20 66 3
12 39 41
5 8 90
34 43 5
50 54 78
21 37 98
20 64 100
58 61 98
12 75 62
25 63 19
65 76 94
14 73 66
40 70 56
25 60 32
17 32 45
5 51 66
34 53 85
36 60 58
49 54 32
7 55 73
36 64 75
58 59 18
20 59 62
15 56 86
3 47 81
69 71 18
4 18 77
24 77 11
10 37 27
37 46 75
55 59 61
57 60 75
6 18 32
17 64 57
38 43 37
4 14 6
3 18 72
7 28 96
32 70 28
64 78 93
25 62 55
40 52 66
22 54 33
5 65 15
20 49 74
22 65 38
24 42 75
2 63 90
3 20 13
5 54 63
11 75 8
28 57 30
67 69 10
13 75 59
2 75 10
8 23 1
35 55 18
6 76 22
10 35 82
6 32 54
42 69 75
55 63 42
16 60 50
15 22 42
14 44 21
41 47 63
19 21 74
41 55 50
16 21 28
24 55 56
25 32 70
48 55 22
35 49 40
17 63 58
19 41 67
55 68 21
9 43 1
11 73 32
35 48 52
36 78 37
67 68 84
46 51 18
16 18 3
37 78 96
18 29 98
20 75 34
26 38 4
28 65 37
19 59 13
2 40 19
28 72 54
29 73 19
4 73 31
44 68 41
23 35 18
25 76 13
27 30 48
9 61 5
2 15 45
14 51 42
10 73 7
31 75 17
9 31 47
72 75 2
24 30 7
8 41 34
51 75 63
7 74 98
5 53 40
29 57 64
43 58 54
58 68 47
17 30 34
18 41 65
60 71 50
9 74 91
53 69 8
32 63 73
36 52 78
65 68 53
3 21 55
2 36 43
23 77 98
1 59 58
15 47 34
71 78 84
34 59 13
17 51 71
55 78 68
6 46 44
6 57 67
61 62 64
15 21 11
1 53 45
3 51 72
1 75 57
30 41 64
48 67 30
42 72 60
3 34 78
4 19 52
19 66 100
35 42 7
17 55 38
35 70 69
15 69 15
42 57 66
31 36 51
3 72 43
50 60 27
48 56 56
3 46 45
57 62 75
52 71 55
35 43 65
5 41 100
34 48 42
69 75 4
10 26 55
5 19 26
29 66 64
10 11 100
3 29 11
17 23 62
36 48 17
9 15 48
50 77 32
35 45 3
34 61 79
30 70 35
9 22 88
14 29 84
10 30 46
4 28 11
3 57 70
43 67 52
21 42 94
8 74 77
11 49 69
35 37 42
6 22 45
30 32 54
7 17 9
14 72 75
46 61 69
11 13 86
20 62 95
46 76 97
54 69 60
7 73 58
39 69 77
37 47 20
8 35 28
14 30 43
17 45 82
22 77 77
58 66 60
11 44 9
19 44 44
22 68 47
22 38 77
15 19 77
43 45 85
45 76 62
29 48 93
1 70 52
15 18 85
48 52 39
18 40 42
5 21 1
43 59 37
29 72 20
10 12 91
27 45 77 9 70 21 33 46 7 13 25 52 60
11 14
