49 253 7
24 31 31
4 28 37
32 37 71
7 43 39
12 21 2
13 14 82
1 25 10
16 20 46
45 46 46
10 46 79
9 41 26
43 45 84
20 35 75
24 39 99
25 34 40
19 48 50
16 36 60
19 22 97
8 20 89
39 48 71
21 35 74
21 36 8
3 34 35
24 43 76
33 37 14
14 37 92
20 31 79
22 34 95
10 16 52
7 38 29
11 12 47
8 32 96
13 17 92
12 41 33
25 26 21
30 48 27
19 40 19
17 45 23
39 42 26
25 27 1
23 29 92
2 27 32
33 42 12
18 36 20
28 43 61
16 40 62
13 22 37
30 43 15
32 48 8
27 44 97
8 25 12
10 12 93
17 41 85
31 49 27
11 23 87
10 22 5
30 33 29
19 30 41
18 43 62
9 31 89
17 31 22
35 40 52
2 17 31
43 46 88
31 39 16
19 35 11
3 45 7
25 32 39
5 27 92
6 40 30
28 37 76
3 39 33
4 47 4
14 47 88
14 18 63
24 32 100
29 34 39
26 30 91
36 47 36
20 27 26
7 20 64
18 42 46
21 39 62
32 40 38
8 39 23
39 43 12
15 23 70
34 48 76
2 16 41
12 19 70
31 43 14
37 44 70
6 42 69
6 34 17
18 26 81
7 28 35
6 25 26
33 41 53
1 31 85
10 32 44
10 33 11
9 26 48
8 29 32
35 44 93
10 19 80
9 15 2
24 30 16
16 34 98
5 34 82
18 25 77
14 31 45
9 32 39
13 30 31
30 46 23
26 45 7
44 46 11
5 6 33
2 33 18
22 35 52
3 15 10
15 29 12
8 45 79
21 24 22
13 38 66
20 33 51
24 35 54
29 32 97
12 13 79
18 46 4
31 35 70
1 10 13
18 35 58
21 32 58
4 6 45
10 15 39
17 18 74
22 41 28
6 8 38
28 44 51
23 25 64
2 12 4
29 49 72
37 38 47
15 43 76
1 35 66
7 8 89
26 37 58
3 11 4
21 45 48
1 16 7
6 44 97
29 30 85
6 9 12
19 36 99
44 49 78
29 47 91
17 32 20
12 28 57
4 29 67
6 31 2
3 36 44
10 48 67
2 9 17
15 19 63
13 15 5
34 42 30
42 46 12
24 42 13
8 22 42
8 9 58
5 42 20
9 28 67
31 46 25
17 43 26
12 47 85
6 18 89
23 26 32
6 19 4
17 28 69
40 43 12
20 44 98
14 36 71
13 41 32
45 49 78
2 40 39
7 14 72
9 17 16
8 21 43
12 25 17
25 49 51
6 20 34
15 22 64
3 42 12
5 38 4
4 36 100
11 19 52
19 26 47
16 29 35
23 33 13
3 32 51
16 42 81
36 46 77
10 39 8
23 46 66
27 39 75
16 24 31
5 7 20
13 27 5
12 34 34
3 24 71
10 40 67
2 43 17
34 45 51
13 49 63
16 37 82
39 40 38
11 21 96
6 28 50
8 34 93
42 47 34
14 22 12
27 37 80
25 42 60
16 27 5
8 36 56
13 21 8
8 26 51
46 47 73
5 19 55
14 16 2
31 48 49
7 19 60
2 4 29
44 45 79
4 48 50
27 36 99
38 42 57
30 38 34
25 44 89
21 48 100
16 21 7
1 7 27
24 40 50
3 12 28
27 34 54
28 33 18
45 47 83
15 45 84
21 40 57
15 20 35
8 14 32
6 22 75
26 47 81
46 2 37 33 49 22 38
31 1
