80 355 3
42 48 5
47 68 65
41 78 89
4 76 27
32 33 100
5 30 97
3 60 72
11 12 95
11 29 2
1 9 13
21 36 69
10 72 58
38 55 44
6 16 89
44 79 99
64 80 62
37 56 33
53 61 50
27 50 51
30 32 40
17 43 90
45 54 36
33 53 43
15 29 67
25 49 10
44 59 38
8 72 51
66 69 38
26 38 30
16 39 44
29 40 95
37 80 36
52 54 48
6 14 45
36 44 65
29 57 78
11 18 6
19 53 27
70 74 23
32 62 36
18 52 38
39 79 43
27 37 5
42 54 20
5 56 48
7 62 68
10 65 35
30 39 92
12 36 2
36 58 97
30 51 50
19 61 54
59 71 88
49 67 21
28 58 46
8 59 73
15 58 4
60 65 55
3 74 28
33 45 88
13 39 35
19 78 1
4 36 94
28 31 29
49 52 38
13 52 72
18 55 19
23 44 61
44 54 65
17 65 77
50 57 66
14 42 76
57 58 92
55 57 73
19 80 93
12 68 44
22 62 82
49 70 18
77 78 93
6 21 50
41 42 62
75 79 58
27 40 47
34 50 1
23 33 100
65 79 49
13 32 46
55 73 99
35 66 68
8 79 24
4 32 60
35 49 10
10 22 38
11 47 18
1 67 70
3 57 14
51 73 62
5 43 37
18 65 87
25 26 45
9 28 61
14 80 99
38 68 14
8 31 59
40 66 23
6 47 78
28 45 79
35 60 16
23 51 23
32 69 44
37 68 56
33 34 69
8 20 17
18 23 97
15 53 86
19 28 5
14 15 16
26 31 23
33 76 64
34 44 35
34 70 60
58 62 11
27 63 76
34 68 47
5 51 61
20 42 70
11 72 79
2 58 81
9 77 50
47 79 62
3 55 74
10 63 81
22 37 13
6 72 17
54 64 41
15 36 54
56 73 7
24 25 21
3 32 52
30 38 75
1 7 31
40 51 59
5 41 33
3 39 79
3 9 58
14 69 49
21 23 97
9 17 5
44 58 52
25 32 75
11 73 28
53 55 67
8 53 53
2 61 86
10 29 9
11 22 12
4 45 100
22 28 42
36 73 38
19 32 67
12 67 46
24 30 64
1 73 77
38 63 20
23 60 75
44 63 28
30 48 36
9 64 97
46 70 84
6 54 45
40 58 4
28 76 4
6 59 29
20 25 75
47 60 36
34 45 43
43 57 33
19 63 3
1 17 62
27 28 98
12 54 22
61 68 20
5 22 63
8 49 11
36 50 50
53 73 100
33 42 52
15 54 21
25 77 19
18 20 83
35 50 35
41 67 5
54 67 7
15 18 97
42 57 59
7 10 91
14 74 62
49 76 56
1 53 56
23 59 73
21 46 51
4 13 83
61 71 46
50 69 99
13 43 1
14 56 35
33 35 17
5 14 40
29 71 92
4 53 1
18 32 61
36 80 17
26 30 66
32 36 88
54 61 45
9 12 15
25 39 6
44 62 37
11 62 17
68 80 27
2 75 25
22 78 27
10 32 68
3 59 56
41 72 37
25 78 3
16 51 35
19 45 12
11 58 86
25 55 38
18 35 62
61 76 67
59 69 93
5 39 64
36 74 1
50 64 12
56 80 80
6 58 41
12 60 40
21 66 98
9 61 69
3 12 96
13 54 72
27 58 96
51 78 67
27 32 81
76 77 69
1 8 54
20 64 18
19 62 11
67 75 38
39 75 57
25 42 77
3 27 88
23 65 68
6 51 85
18 67 4
10 37 80
33 43 36
5 15 13
53 54 70
72 79 73
20 66 29
77 80 61
7 23 46
16 71 99
4 41 2
46 60 27
25 57 16
53 75 89
23 80 69
10 30 89
44 70 56
7 63 44
9 70 82
54 59 72
32 57 99
4 79 40
17 42 4
2 16 41
24 58 72
70 75 2
8 71 11
24 37 60
50 78 68
28 32 47
8 34 82
29 72 25
15 27 19
25 31 72
36 78 7
21 35 96
11 61 14
2 11 39
18 38 33
38 51 92
47 54 89
25 44 30
8 65 59
6 13 10
22 56 36
43 56 59
7 18 20
28 72 79
9 69 59
31 78 80
5 35 42
5 38 38
8 48 89
4 14 98
54 58 35
2 34 25
61 80 30
69 74 74
26 35 79
39 72 76
13 57 36
30 76 48
71 77 8
4 74 2
26 77 95
36 39 90
34 49 68
24 67 81
22 53 5
2 65 5
48 53 53
28 35 8
10 27 92
16 57 94
24 75 74
64 69 12
37 40 91
16 66 98
30 50 18
15 26 40
30 59 38
56 74 30
49 59 71
44 49 52
31 65 78
26 61 41
8 32 16
1 65 54
52 57 6
29 41 78
44 56 20
8 30 42
3 8 1
2 37 24
32 59 83
55 79 52
9 32 32
13 80 56
30 57 6
5 46 74
37 59
