98 515 1
29 44 47
50 98 78
40 57 72
26 57 5
27 98 89
16 56 46
8 77 20
11 71 8
17 59 65
42 98 15
55 98 21
54 70 94
4 65 2
6 41 86
37 80 72
56 64 61
36 39 10
48 78 43
6 23 59
2 19 80
6 49 65
31 70 1
49 68 24
62 74 2
1 56 54
1 39 39
37 68 15
58 60 64
50 56 26
75 91 26
27 62 78
25 68 8
32 52 73
11 84 13
87 94 14
75 93 52
37 62 74
9 35 32
27 40 97
19 64 7
19 66 10
7 76 57
30 43 55
75 89 16
46 96 77
11 68 7
52 83 49
56 62 44
18 84 52
36 43 8
38 72 33
30 89 40
75 97 43
51 66 57
38 49 96
40 66 64
23 32 40
20 53 58
93 94 81
44 69 75
24 64 1
5 87 38
64 98 83
14 66 78
46 95 75
4 41 70
42 69 8
40 61 20
48 56 59
3 59 85
56 77 79
9 20 71
6 75 65
45 95 11
13 63 56
30 87 43
30 92 7
89 92 50
21 47 53
48 92 93
18 76 20
24 27 79
69 81 77
16 44 31
46 69 83
43 97 23
13 33 86
71 98 33
9 72 55
42 88 95
31 55 45
23 62 58
38 95 31
27 91 36
10 51 83
42 62 57
38 53 23
27 59 16
70 96 19
81 95 22
26 29 59
9 40 74
35 39 38
21 70 57
26 33 41
23 91 33
31 84 11
10 20 61
29 37 17
84 89 92
32 35 61
81 94 60
30 71 22
60 89 59
4 66 75
12 37 17
19 61 52
14 80 45
6 76 25
17 32 49
56 86 20
10 61 21
5 48 96
70 86 94
24 38 91
61 79 98
24 83 40
16 81 86
34 68 73
76 97 100
23 66 89
22 79 98
10 25 63
82 84 40
49 71 2
25 58 30
3 7 15
15 66 68
18 27 40
35 63 31
19 69 43
22 78 6
79 80 78
71 80 31
5 78 82
39 44 18
1 91 9
38 84 29
64 75 81
36 91 5
9 96 31
27 70 81
21 39 47
52 93 2
7 44 32
51 83 8
8 48 13
40 73 23
26 76 23
59 88 97
1 46 93
31 77 39
21 27 90
81 91 100
4 6 45
13 54 35
51 53 39
23 72 43
6 67 65
1 48 30
28 62 60
14 16 88
17 56 6
53 56 74
60 80 7
2 45 71
29 54 92
41 79 81
27 95 47
75 82 22
59 86 74
61 81 62
32 65 19
20 52 33
45 69 78
11 66 82
1 74 78
4 82 38
64 84 80
39 75 43
62 67 66
16 60 43
51 70 11
81 84 95
17 22 25
21 86 75
21 35 19
65 88 4
4 34 91
20 27 84
73 81 26
17 98 2
12 85 14
43 51 84
14 63 52
92 94 59
77 98 59
51 98 53
73 78 25
49 77 13
56 68 37
72 85 3
10 29 26
15 47 49
30 94 74
55 85 14
38 65 2
22 31 10
42 75 10
66 84 5
13 51 2
5 62 17
23 52 60
14 55 87
18 34 42
49 91 87
43 67 36
9 80 29
77 83 19
25 95 24
8 52 9
82 89 48
6 48 76
11 16 77
3 49 92
25 69 95
21 88 90
35 95 95
45 98 22
38 80 56
21 77 56
43 61 87
56 81 13
17 19 92
21 33 90
9 90 12
23 77 67
35 61 18
26 68 42
39 69 10
81 98 71
8 9 12
68 71 11
54 85 34
48 97 81
21 48 64
22 37 39
47 69 2
47 85 26
22 65 17
25 98 39
16 68 35
60 75 62
11 44 65
74 86 43
27 58 23
28 68 77
46 91 59
51 54 2
5 57 59
8 26 54
24 78 85
37 53 50
30 37 50
19 44 24
25 97 50
11 57 69
7 75 24
35 40 40
82 85 70
57 87 24
29 32 57
40 49 12
40 54 42
53 70 4
44 61 65
8 76 92
12 43 76
22 85 27
15 82 54
4 77 89
25 39 86
18 66 38
17 28 81
15 37 81
12 72 24
19 73 47
36 74 96
27 93 6
12 63 84
6 88 4
5 92 97
10 91 29
38 43 64
20 49 34
2 89 40
44 49 23
48 83 52
58 59 80
35 68 38
17 34 61
5 74 10
22 25 41
60 95 16
50 61 7
24 42 31
35 77 92
44 76 30
76 83 84
16 43 77
22 95 27
55 67 29
13 40 90
74 81 51
9 38 26
33 75 51
4 89 67
69 77 99
47 82 62
29 42 84
57 79 83
14 85 59
9 77 66
20 98 97
16 26 83
90 94 58
85 97 65
57 95 45
58 76 87
38 39 82
1 25 60
42 59 23
10 53 83
27 67 32
87 88 79
8 23 33
58 62 78
9 14 21
10 28 97
36 62 70
14 15 77
6 15 93
5 49 39
61 90 10
4 58 85
11 33 78
1 61 83
40 55 14
58 69 37
28 43 37
13 16 44
5 16 42
54 69 36
87 92 8
35 42 43
44 48 78
34 52 10
23 81 86
19 56 64
11 55 63
1 97 30
31 42 28
13 29 84
8 80 39
44 91 89
10 72 88
74 90 32
45 86 88
15 60 49
13 86 6
29 97 83
54 81 29
71 86 46
13 79 87
3 73 84
43 64 14
48 70 38
87 89 42
5 36 50
17 35 69
18 98 37
25 65 3
3 70 32
29 33 4
21 89 68
47 74 27
53 75 6
23 56 62
89 95 43
7 39 64
28 30 8
32 57 69
31 83 43
26 43 8
1 84 2
17 63 67
18 19 98
25 28 5
3 11 71
40 95 42
11 63 95
26 83 86
11 59 31
82 90 28
20 66 88
19 31 1
32 60 35
10 85 31
16 97 38
72 77 80
15 20 7
35 45 67
78 94 16
30 38 62
79 91 16
57 70 71
82 87 8
33 58 8
73 83 11
95 96 98
6 98 70
47 91 88
13 88 50
43 95 98
11 28 87
56 79 19
77 82 18
70 88 19
47 89 16
11 91 64
32 95 25
11 64 36
15 16 64
92 95 82
12 31 61
72 88 32
8 40 33
35 82 100
1 57 19
45 70 92
20 38 34
64 76 19
39 98 91
21 53 4
32 59 90
12 45 33
50 53 94
4 92 16
59 64 89
32 55 65
6 27 83
2 85 53
1 98 8
27 78 98
1 13 10
41 47 84
27 36 47
46 48 80
30 48 74
25 34 15
3 84 62
61 91 84
4 67 23
25 92 63
27 92 21
65 92 69
36 50 85
22 66 41
18 59 99
78 82 85
75 78 47
21 73 91
22 57 43
26 31 62
15 88 88
5 42 69
57 82 76
4 26 75
20 76 43
8 43 16
19 29 28
15 86 99
81 86 92
54 96 98
70 91 48
43 45 54
49 94 38
2 10 19
20 28 29
37 44 6
49 95 66
3 48 44
20 56 67
72 73 36
3 77 52
12 83 66
11 40 26
52 75 53
39 73 55
11 15 87
43 50 65
40 79 28
76 78 95
2 3 96
70 72 67
8
30 12
