96 2001 82
38 56 11
46 47 92
29 61 94
6 41 82
46 62 93
66 79 87
36 96 90
10 22 24
12 82 28
7 79 38
8 30 79
77 87 16
48 84 64
61 94 54
25 71 32
54 64 60
35 45 72
1 5 30
22 52 3
6 58 25
8 25 60
66 82 2
5 24 56
41 81 26
21 38 63
55 76 20
64 68 51
53 71 59
15 30 72
1 73 89
69 77 8
25 38 61
45 67 89
29 54 52
2 58 76
41 45 49
83 91 57
18 65 33
10 58 71
31 71 15
42 69 90
49 94 33
84 87 83
84 95 83
2 25 92
61 67 42
24 36 76
68 95 33
12 41 36
14 81 84
63 85 69
10 50 71
8 46 44
22 23 71
2 70 72
18 64 1
46 82 15
55 75 92
45 47 80
14 95 94
22 47 3
3 34 83
8 47 28
36 76 58
52 83 61
24 86 42
5 35 72
53 59 83
32 96 23
33 64 90
41 44 21
9 33 17
36 75 47
50 87 36
15 40 95
14 76 7
12 21 67
7 93 94
4 27 33
47 92 85
12 94 68
81 96 22
65 80 94
39 95 36
46 51 75
38 52 87
6 16 74
2 8 55
8 70 78
52 59 99
13 64 15
47 85 35
34 88 51
58 66 68
35 82 99
70 86 31
49 92 48
22 44 24
29 94 94
74 86 83
27 54 67
13 96 71
13 14 80
3 70 45
59 95 19
51 86 21
52 88 35
2 68 41
41 91 49
19 55 16
18 52 22
49 67 38
66 86 95
20 32 34
11 91 70
26 33 36
76 81 31
26 41 48
8 77 32
10 32 36
44 76 44
32 94 90
7 71 3
10 35 23
29 87 48
24 34 15
56 70 93
63 84 89
27 56 82
39 87 28
16 79 34
29 51 86
42 51 98
16 24 48
64 93 68
58 76 60
22 74 58
47 62 79
67 92 99
14 96 28
44 92 4
19 85 12
16 76 100
15 94 17
32 41 84
39 64 32
12 17 9
59 66 13
13 75 78
46 66 65
32 69 5
24 68 44
46 79 86
8 39 87
2 41 8
9 92 25
43 87 70
59 63 90
53 90 2
37 82 13
23 46 52
18 58 98
25 28 35
75 88 19
5 38 25
25 76 96
12 65 52
8 45 94
14 69 22
11 47 64
28 94 42
34 89 100
67 88 26
27 31 86
16 82 61
57 59 87
10 69 70
70 83 82
26 78 99
46 84 65
83 84 41
42 87 45
13 31 45
36 86 45
6 21 16
19 36 81
1 53 35
9 65 28
9 42 90
55 86 83
22 48 37
14 88 6
19 96 47
73 94 59
56 80 78
28 83 33
49 60 78
21 42 6
17 54 50
25 30 33
5 16 46
31 67 22
30 53 72
9 20 42
49 83 56
64 96 79
11 76 68
25 79 44
20 60 66
29 77 37
6 38 64
5 10 27
15 19 20
21 25 2
47 81 21
47 55 100
22 77 32
7 13 56
49 78 21
29 36 47
55 69 71
37 42 86
25 57 73
57 73 84
3 29 23
22 38 85
20 86 35
40 92 97
7 34 73
37 66 18
20 66 2
32 95 25
8 72 34
13 88 68
36 95 78
4 90 43
41 66 14
31 52 2
18 68 5
2 30 50
12 40 76
35 60 4
33 91 21
32 44 35
19 81 42
25 36 18
3 5 27
36 64 90
50 85 88
2 85 49
16 18 71
53 93 84
30 52 67
51 92 25
56 90 31
27 95 68
21 30 32
11 28 88
16 66 91
24 33 80
80 85 68
50 67 29
60 64 77
64 73 24
90 93 17
58 59 39
11 55 97
42 76 25
27 84 87
60 69 60
18 78 85
30 50 26
59 81 100
10 66 63
46 55 86
39 49 80
45 90 22
18 93 43
9 64 94
3 64 7
2 17 20
68 70 15
56 64 5
77 93 56
66 75 73
76 83 78
59 78 80
58 73 70
15 33 71
2 93 15
62 92 13
6 32 59
36 46 2
54 93 35
38 53 80
55 71 94
16 27 94
41 83 69
61 86 55
12 53 15
91 94 34
11 58 24
20 87 79
48 70 28
76 95 77
3 50 11
43 71 82
9 90 32
9 51 100
2 14 75
61 68 32
49 88 16
1 82 10
6 54 63
33 76 46
9 66 100
47 75 52
14 19 36
37 78 4
27 48 22
50 59 35
6 55 19
24 92 100
23 63 96
41 92 57
65 73 15
25 82 68
22 60 86
48 86 18
16 32 86
38 84 31
19 35 10
17 34 23
10 18 13
40 59 15
44 86 29
10 65 76
37 73 46
30 84 18
22 65 66
14 92 62
77 83 76
45 58 33
16 71 23
12 44 96
30 41 94
2 3 55
4 74 96
62 96 40
62 93 53
69 94 98
79 86 40
22 27 48
82 94 20
10 91 89
15 34 88
41 80 16
20 38 46
25 34 8
1 79 26
9 63 72
9 81 71
30 76 79
57 63 97
59 77 82
38 46 62
24 67 78
3 89 35
1 64 67
3 16 58
67 94 74
52 93 73
6 94 53
39 71 62
78 81 24
13 68 2
56 83 78
46 74 88
35 77 89
17 64 34
30 78 72
35 56 87
5 45 60
12 88 25
37 77 65
13 22 94
13 80 13
43 81 42
67 93 96
19 60 42
17 31 67
49 52 13
34 79 81
49 55 66
15 93 15
7 31 31
54 76 21
20 64 94
45 55 88
16 35 10
8 85 25
25 64 55
9 67 74
15 35 37
7 53 40
42 72 100
2 34 39
58 96 57
9 41 100
28 52 38
58 83 75
76 89 28
30 44 52
56 78 80
20 31 2
45 51 63
24 73 4
62 91 93
61 96 54
17 70 13
21 88 71
3 60 17
4 21 76
15 92 11
38 76 84
78 94 13
28 30 30
26 68 28
24 63 78
40 56 4
7 30 18
4 40 90
27 93 39
17 84 87
41 74 98
13 77 96
29 59 3
40 82 51
41 48 48
51 71 64
49 95 45
9 94 52
43 94 75
27 62 12
19 62 87
64 66 32
1 24 18
68 73 83
51 94 19
77 91 59
81 93 57
11 66 95
8 18 35
33 95 13
4 91 42
51 55 57
41 79 53
20 21 10
39 51 7
81 85 74
63 93 59
70 88 20
72 92 52
58 81 16
59 68 69
2 54 51
21 91 94
42 61 6
37 65 96
60 83 86
38 87 76
43 51 59
68 90 33
13 34 7
17 68 70
33 62 22
52 91 92
36 56 86
34 65 84
21 94 17
45 89 43
15 44 58
49 68 54
56 96 6
58 74 13
22 63 85
11 43 40
5 93 26
64 80 68
5 73 83
37 63 61
74 78 86
63 86 19
23 75 99
23 59 28
55 79 38
26 79 13
11 48 39
32 60 59
23 96 86
27 79 46
28 58 49
16 88 61
33 72 98
32 78 29
9 31 65
4 60 77
44 62 5
54 75 34
43 68 70
15 48 69
42 77 96
69 71 14
2 77 85
34 63 99
21 89 97
3 10 91
80 87 37
66 84 3
8 64 59
13 52 69
77 94 9
28 56 90
29 63 14
60 82 88
10 39 98
11 20 71
53 64 22
36 47 68
11 31 8
8 50 43
24 83 1
73 74 63
25 47 65
78 89 35
23 50 30
24 49 64
24 65 70
34 39 6
4 7 46
30 95 90
63 76 22
32 65 40
57 64 93
34 45 58
48 58 63
6 31 81
4 95 20
62 77 13
64 76 50
36 70 95
54 88 79
35 78 74
1 31 63
65 86 24
5 71 50
8 48 45
49 61 38
87 94 11
62 90 15
25 62 91
10 94 48
20 71 45
59 72 61
11 23 69
28 68 52
8 96 42
8 59 11
15 60 1
68 75 41
12 42 26
63 74 60
17 69 14
58 77 50
58 64 14
55 63 29
62 84 23
28 55 70
5 43 73
11 33 17
9 50 20
41 73 76
10 21 2
45 94 26
28 72 44
2 92 15
25 78 74
62 83 99
34 59 16
32 75 29
5 85 5
54 94 1
18 77 62
19 69 3
69 85 71
69 79 49
38 60 10
10 51 85
69 75 72
58 62 91
5 20 42
13 26 87
45 57 65
6 51 27
38 57 3
39 68 96
3 66 93
2 43 80
49 62 97
50 62 96
34 61 20
18 67 98
8 21 18
18 26 8
16 39 14
15 59 92
81 92 59
25 75 56
33 45 3
22 45 64
19 74 36
14 87 10
13 66 47
28 37 73
31 62 88
32 52 12
7 19 77
23 86 95
26 60 81
29 32 92
44 91 48
17 58 16
59 96 63
7 35 62
33 74 90
8 69 95
6 61 99
40 54 71
1 83 47
3 68 80
26 58 91
82 89 12
34 36 90
22 34 48
34 55 66
3 96 61
67 83 75
93 95 19
31 79 21
6 63 67
74 77 50
18 71 6
68 77 43
57 94 30
45 85 94
66 76 88
20 92 73
15 73 35
3 37 59
59 85 7
69 93 23
7 20 4
45 49 92
51 84 58
8 91 60
32 61 65
2 37 66
44 58 18
20 89 35
38 91 70
1 35 93
20 96 92
11 14 24
35 91 88
19 40 57
39 84 99
10 45 30
18 20 44
4 64 79
44 63 32
9 11 42
44 71 65
26 59 53
24 81 28
14 78 57
47 61 31
11 86 79
49 71 26
50 96 13
26 73 55
7 14 12
2 44 98
55 77 74
19 41 22
19 53 9
64 78 39
60 79 91
58 92 32
21 43 35
10 27 56
12 62 19
18 27 98
18 59 93
2 64 97
34 60 94
22 53 39
16 42 1
57 85 94
52 92 94
36 49 8
51 57 31
1 61 50
64 90 95
5 9 76
21 65 13
28 79 4
2 76 55
2 12 1
14 33 6
63 66 64
51 80 14
60 74 38
27 92 89
32 54 47
49 58 24
47 71 87
16 57 34
51 87 68
14 32 27
15 16 22
27 86 3
45 60 79
10 80 45
40 95 51
24 84 90
4 6 62
81 95 46
82 93 27
72 74 97
16 69 16
74 96 86
60 67 51
1 75 62
27 66 38
2 42 89
23 70 26
15 62 47
33 92 93
30 38 43
68 89 67
51 89 24
8 84 18
17 35 80
56 95 31
77 84 41
8 53 11
13 55 27
19 38 15
68 92 22
6 39 44
13 83 100
9 77 9
40 47 37
73 89 76
58 70 73
56 58 31
15 84 34
17 56 66
4 93 64
77 80 38
37 49 28
75 81 28
4 31 11
28 70 72
23 73 7
36 92 69
51 53 50
42 55 18
10 68 52
57 80 96
72 76 46
17 41 17
26 42 82
37 52 79
18 19 86
4 92 87
34 68 42
42 92 46
15 61 85
58 88 13
25 63 8
25 93 80
60 63 56
14 60 72
45 59 36
23 25 51
47 63 87
16 91 78
76 90 66
69 95 72
12 76 14
28 57 13
40 43 80
41 85 89
73 95 31
12 86 26
24 26 89
19 28 2
46 69 62
9 26 53
15 50 46
46 85 69
17 18 5
53 81 42
69 76 9
54 90 23
10 53 73
38 62 52
73 83 13
17 46 52
81 88 68
9 38 32
4 94 43
48 92 5
79 95 63
42 73 18
35 37 13
4 50 44
7 78 15
67 68 29
78 87 59
40 45 64
8 80 72
21 69 33
16 23 33
26 55 80
38 39 40
12 22 25
49 65 78
30 80 14
7 11 95
67 76 7
26 57 78
64 87 61
2 66 53
43 54 69
17 90 87
18 89 85
27 69 30
15 69 96
59 83 90
30 55 16
1 44 47
92 93 10
78 91 91
40 80 71
67 74 12
80 84 10
20 46 55
63 80 46
12 25 3
26 35 88
35 81 30
41 43 43
63 73 89
33 89 25
4 84 45
7 39 61
54 55 29
41 47 64
17 29 65
20 59 18
39 53 15
21 55 8
56 89 84
20 35 52
32 72 25
33 57 48
31 50 48
20 57 51
28 71 11
44 67 58
12 36 88
42 66 68
70 71 68
45 78 71
4 5 78
66 96 30
28 31 69
47 86 36
43 86 34
31 40 68
5 31 88
10 88 79
18 41 60
67 84 90
11 51 57
55 70 39
71 91 17
31 89 90
58 79 8
10 89 71
21 34 100
47 95 4
8 38 17
13 15 69
87 91 69
39 46 29
48 73 10
52 74 80
16 29 32
30 77 48
45 86 41
16 19 88
42 80 99
2 87 34
61 95 20
27 37 36
25 53 76
38 68 5
8 26 54
36 42 24
50 69 100
21 68 77
29 81 44
77 92 24
42 65 45
43 46 50
71 87 13
66 71 52
16 60 62
12 50 1
50 82 40
3 54 58
45 54 65
43 61 44
12 13 16
71 84 37
18 92 9
64 88 4
62 69 45
24 39 77
79 93 46
65 94 14
17 28 63
2 21 89
89 90 7
50 51 14
28 62 73
19 64 93
17 19 55
39 91 39
2 60 52
28 91 7
46 57 42
23 24 66
78 93 96
2 53 45
82 85 31
77 78 41
12 33 79
40 70 37
37 45 80
14 89 62
34 95 77
60 94 1
3 20 72
83 85 14
40 65 40
22 76 9
20 39 87
29 44 99
10 12 80
24 46 91
38 59 1
52 65 25
34 62 92
34 94 33
28 32 21
12 75 54
1 87 78
9 13 16
21 44 40
43 88 57
38 72 69
82 92 52
49 87 88
52 61 63
34 37 1
18 55 96
13 18 44
43 91 34
50 93 29
45 65 4
61 65 45
22 41 38
34 70 21
85 91 7
75 82 3
30 72 97
9 55 85
20 77 25
1 22 90
27 91 95
12 38 43
5 32 40
46 91 64
49 96 68
18 96 2
47 52 39
37 89 36
15 80 27
25 70 47
85 95 79
28 53 87
30 93 47
25 69 43
53 84 52
24 90 3
57 91 10
12 43 40
66 92 90
3 15 47
5 40 37
66 88 2
25 29 16
27 38 69
66 70 75
75 79 88
55 60 82
5 89 24
41 90 19
29 45 47
11 75 39
11 26 25
16 30 58
39 65 98
49 89 39
18 90 88
38 45 19
8 24 7
26 56 86
2 73 88
40 53 80
30 34 87
9 12 69
8 86 8
24 29 79
6 80 87
7 96 99
16 80 32
5 33 16
10 31 16
30 39 4
16 43 87
19 50 32
41 55 15
15 70 78
13 23 58
61 75 85
56 82 100
22 33 60
71 89 60
69 89 89
54 80 53
32 38 71
17 71 86
6 20 13
71 96 33
16 85 49
2 57 14
10 43 65
35 69 97
43 63 70
8 65 4
3 7 91
82 86 47
3 73 7
64 69 21
29 49 21
4 9 52
9 23 53
10 28 78
8 36 76
14 44 94
24 75 60
54 81 87
30 32 92
9 73 33
13 30 80
84 91 37
6 45 5
12 67 84
83 92 40
35 86 12
58 82 100
5 66 52
80 95 43
3 40 90
41 63 52
4 79 60
56 93 35
13 89 21
4 78 12
25 60 56
75 76 84
65 96 39
11 72 51
14 51 56
79 94 35
52 95 44
29 60 16
24 62 12
23 72 52
44 55 91
54 56 41
47 70 94
28 76 37
29 96 24
7 18 28
29 91 76
71 94 58
16 67 83
9 10 19
4 41 57
35 75 20
61 80 88
4 15 29
54 83 50
29 80 99
23 41 18
34 57 39
5 6 48
59 74 14
22 85 96
45 48 92
42 96 34
34 50 60
36 66 48
1 89 72
26 83 92
41 46 96
40 44 42
4 70 21
70 85 75
2 24 83
52 60 46
22 37 73
31 88 86
11 61 93
37 40 28
19 39 48
18 54 21
55 65 75
22 62 67
39 45 36
24 43 43
35 57 8
80 96 73
24 71 59
39 61 54
93 96 76
11 80 43
25 95 12
67 90 54
21 28 52
62 75 96
65 90 89
48 51 90
61 93 10
14 37 15
3 58 56
31 90 98
24 30 95
3 88 8
45 83 53
87 92 47
13 86 80
1 12 39
27 46 65
37 44 70
43 65 28
37 71 21
15 85 64
1 30 63
60 78 59
26 76 61
26 86 87
1 56 75
12 52 76
7 94 77
21 66 25
55 68 83
11 90 71
47 93 20
27 55 92
68 94 89
8 88 58
47 84 46
3 69 45
45 92 75
37 54 96
6 62 7
24 91 72
19 48 78
32 55 72
69 87 26
10 42 40
31 93 30
27 72 69
27 34 64
11 93 58
43 78 94
10 36 29
27 89 74
29 58 55
26 74 30
38 92 32
4 88 17
1 65 29
68 81 51
22 71 63
31 48 100
22 94 91
18 76 29
9 36 66
13 69 75
22 95 38
14 34 71
35 48 32
74 85 48
57 62 64
36 78 79
31 83 12
17 61 42
17 77 1
57 69 75
16 65 47
19 51 25
14 24 22
70 84 60
3 82 86
76 87 100
14 53 89
31 36 23
14 48 60
61 74 24
22 68 48
6 89 18
20 50 79
59 80 66
75 93 47
45 75 62
6 64 23
30 91 48
26 63 82
11 49 65
18 30 53
24 76 59
46 94 41
39 56 11
63 87 81
37 39 13
72 95 92
49 64 6
1 11 71
7 24 81
84 85 59
16 96 25
57 67 98
52 71 38
9 69 65
30 47 80
3 85 35
24 69 91
67 89 76
43 66 87
68 72 44
54 63 78
36 52 78
4 44 46
38 78 35
8 29 89
85 93 26
6 76 90
21 60 94
46 77 80
32 89 84
11 96 18
49 51 38
16 70 58
8 34 57
12 39 85
73 85 81
11 52 61
5 52 70
35 87 60
30 63 37
14 66 81
10 83 22
12 81 40
2 48 78
3 4 18
56 71 100
38 82 28
6 67 75
21 59 24
71 92 38
11 12 66
7 72 80
23 66 96
35 74 65
22 87 36
3 35 23
23 83 35
16 55 50
23 55 35
15 52 33
35 89 52
44 64 74
23 51 78
25 50 50
70 73 71
65 83 37
16 44 20
4 85 67
9 78 25
2 94 41
82 95 55
48 57 59
19 59 43
74 95 22
3 36 12
40 62 31
94 95 16
2 67 66
23 53 20
56 66 78
13 28 21
49 50 26
11 38 100
53 95 33
26 38 58
13 39 75
23 31 77
16 53 71
19 46 99
47 83 67
21 37 34
18 85 67
21 63 78
14 65 43
60 87 45
58 95 44
8 17 4
60 86 35
7 84 50
51 95 4
50 74 4
8 14 10
6 73 12
3 75 12
34 87 41
23 90 19
75 84 8
24 70 39
27 78 14
22 69 21
5 92 22
35 65 5
1 86 62
19 73 25
27 96 90
86 94 2
43 74 2
24 64 10
72 96 99
28 60 91
39 82 59
10 55 70
40 72 88
34 76 71
39 75 40
25 92 62
29 42 13
28 54 50
19 75 26
26 36 39
26 77 62
3 86 63
47 60 22
2 6 84
23 47 44
50 92 6
67 95 71
29 67 31
44 45 68
1 67 94
26 61 42
38 65 62
31 63 72
24 31 80
37 58 74
11 92 100
16 51 40
1 49 8
61 87 76
28 64 47
6 17 31
5 8 71
32 43 75
48 56 87
13 76 88
10 59 73
19 30 45
7 23 21
50 91 76
88 94 47
51 63 91
1 70 32
74 94 58
14 67 54
45 69 94
26 69 7
14 26 9
35 49 70
5 68 13
46 93 48
37 84 17
43 55 85
39 47 34
11 69 83
10 63 87
38 61 75
1 96 26
10 72 8
27 33 64
2 86 60
32 58 65
35 59 60
36 59 58
82 90 87
25 66 94
74 88 6
32 42 60
60 65 97
18 48 38
33 81 59
63 75 54
29 48 71
75 80 36
11 54 63
34 53 93
5 14 64
75 85 35
40 52 29
15 78 2
33 39 20
20 91 98
34 82 29
3 56 50
10 77 56
4 75 1
14 91 37
61 70 42
46 48 31
58 93 61
74 80 37
14 73 13
12 18 89
29 34 87
65 66 42
59 88 62
20 37 19
47 51 12
26 94 72
74 90 64
19 56 2
55 95 50
18 80 99
35 79 64
25 96 3
3 17 45
76 85 42
17 52 92
57 89 27
21 77 56
54 78 75
71 79 90
30 31 15
29 40 2
6 86 79
37 57 45
1 38 24
32 46 66
20 55 45
16 45 11
60 93 70
74 91 86
21 50 6
27 52 8
21 45 83
39 43 90
57 96 72
43 96 91
52 63 27
48 52 88
15 90 71
29 76 6
46 88 22
27 41 43
18 81 11
3 62 80
10 15 78
57 68 91
7 81 34
51 76 6
17 36 38
42 70 38
26 82 43
11 63 63
40 69 96
11 42 40
21 73 68
27 75 20
86 90 30
14 29 35
3 55 20
40 63 46
45 82 99
46 80 64
53 57 36
25 77 94
70 87 70
4 32 81
7 77 83
47 90 7
7 73 29
17 89 100
2 69 12
54 59 51
1 19 95
73 88 49
11 83 31
52 57 45
50 70 74
25 84 3
3 33 57
54 84 77
4 86 39
65 77 52
87 90 68
40 76 24
93 94 81
1 20 1
46 86 18
56 76 34
52 56 38
69 96 43
23 88 28
48 64 57
18 61 63
39 79 15
42 54 64
51 66 32
9 54 38
28 95 98
34 77 15
11 65 95
5 61 53
15 86 54
30 49 33
47 65 43
78 82 57
15 76 18
70 77 5
41 72 22
13 47 92
29 52 73
34 64 59
15 41 89
42 59 15
8 93 33
5 74 67
36 93 59
8 57 40
25 33 13
48 66 37
4 76 51
23 64 1
18 23 95
67 80 24
64 75 92
12 26 3
91 96 72
7 50 31
4 47 81
29 37 10
17 67 23
27 73 66
43 95 26
39 89 27
1 66 28
25 39 51
7 10 7
56 92 40
26 27 53
35 94 60
58 94 37
6 84 31
27 85 87
49 74 22
46 59 50
17 74 80
10 74 2
44 96 12
18 43 10
14 64 57
26 54 30
10 57 98
12 19 9
40 66 55
22 67 6
8 78 33
11 94 20
42 57 53
57 58 79
20 70 11
43 56 57
75 91 10
6 24 26
37 46 97
26 91 42
6 74 45
4 36 100
10 84 53
40 71 81
59 71 34
31 51 96
79 81 83
59 94 53
24 27 16
66 67 72
9 45 27
48 85 56
41 57 34
14 86 34
64 86 23
2 89 81
20 26 63
86 87 2
17 23 52
37 83 20
69 73 85
63 88 14
77 95 80
13 50 13
11 40 13
26 34 12
18 94 86
75 83 75
35 55 10
2 35 6
13 78 1
7 83 50
39 60 27
48 62 53
64 74 55
58 69 53
26 64 1
32 84 84
55 81 29
69 86 11
5 91 48
9 29 91
6 59 78
18 49 37
14 57 20
35 80 1
32 48 90
59 76 6
34 38 100
28 66 81
16 38 11
71 74 14
20 52 30
45 84 92
16 34 5
32 50 73
6 37 68
40 49 41
21 72 73
67 70 15
36 48 51
12 85 79
74 82 86
7 70 76
42 44 2
57 81 94
46 73 54
28 41 24
31 69 6
1 91 43
17 27 24
10 75 95
32 66 67
32 39 24
71 88 70
57 72 76
14 54 47
46 96 73
26 39 23
53 68 3
11 50 96
5 37 13
48 75 61
5 41 68
10 56 91
36 51 5
12 59 44
19 89 80
43 47 21
82 91 2
19 57 33
10 96 35
34 80 43
6 50 7
8 90 100
41 56 3
6 29 65
46 90 9
63 92 35
10 40 1
26 92 9
63 70 81
30 90 40
10 54 3
19 29 100
15 29 64
29 62 12
5 86 37
3 45 95
2 26 89
3 67 68
22 96 98
5 28 41
25 35 22
56 94 66
47 80 34
54 70 51
35 47 98
37 67 17
1 37 47
67 73 95
37 61 4
8 43 67
5 88 5
7 59 21
72 89 95
61 64 93
83 87 46
65 92 55
30 65 94
1 80 100
17 72 44
51 64 46
71 72 68
45 53 100
13 56 100
7 57 85
76 78 7
78 80 12
11 57 90
50 86 2
23 60 53
53 88 61
38 79 88
19 94 29
10 47 28
16 59 87
30 68 84
11 68 96
76 91 14
23 80 15
44 87 65
53 72 50
19 79 51
31 91 22
37 90 60
49 82 80
18 60 85
14 74 81
72 88 60
16 63 82
68 96 38
6 26 14
28 61 14
15 22 73
3 93 96
26 31 51
60 62 31
5 87 30
12 24 37
2 75 96
35 61 72
12 54 39
12 58 82
29 65 64
9 34 52
1 85 60
38 69 70
30 57 57
44 51 43
68 76 38
37 86 20
57 82 24
70 75 56
16 58 81
27 64 37
29 92 90
44 90 99
14 21 62
65 95 98
13 45 98
2 29 37
55 66 2
76 88 19
53 79 55
21 81 56
15 79 22
27 45 100
8 19 93
43 76 32
31 56 74
3 27 79
1 6 6
44 88 48
27 61 12
6 8 21
54 66 21
22 25 52
40 91 17
5 81 36
14 46 66
9 40 31
16 28 74
35 52 66
7 16 91
14 27 71
30 82 35
49 80 74
2 7 70
33 36 76
41 75 10
6 92 79
10 46 81
44 72 53
69 81 67
30 79 52
14 39 54
55 87 37
9 75 2
4 82 75
62 65 93
5 58 14
55 83 81
70 92 97
63 79 15
1 57 20
75 96 20
2 74 26
26 53 55
15 24 74
35 39 27
14 59 65
53 58 17
62 82 2
24 35 41
23 56 15
49 75 41
16 92 75
40 83 64
65 76 24
35 84 25
42 75 23
46 65 20
34 44 20
48 72 37
61 91 5
8 31 12
52 78 100
9 95 73
38 95 47
72 73 8
1 4 66
34 92 54
18 63 38
29 75 37
53 63 61
12 66 85
21 85 33
5 18 19
43 89 92
25 91 16
60 73 98
32 80 83
10 33 45
7 32 43
43 44 78
36 85 7
6 35 40
19 33 71
18 29 72
10 16 81
28 69 38
64 67 99
85 96 43
5 53 21
33 56 19
22 80 30
85 90 99
63 83 65
17 51 65
48 81 92
32 91 97
17 40 47
66 80 33
20 25 86
17 53 78
19 31 37
36 91 78
51 54 79
8 37 31
2 4 92
68 74 100
54 65 20
66 95 28
7 88 25
34 81 24
20 58 88
17 63 28
2 61 39
25 45 78
12 29 76
13 91 58
85 88 73
35 95 27
63 77 69
29 31 14
23 77 67
67 91 97
37 55 92
56 84 22
8 32 5
80 83 23
57 79 99
2 28 12
17 26 90
67 69 75
20 24 48
56 63 58
7 8 83
18 83 7
38 74 31
35 50 9
31 66 71
18 33 69
20 51 85
84 88 69
11 24 3
72 81 90
10 17 27
17 24 37
7 75 82
8 63 16
41 54 69
58 61 8
88 92 96
30 61 4
5 82 94
41 53 90
19 24 43
56 87 48
9 85 84
49 93 7
27 87 10
3 26 84
80 88 53
14 84 78
75 90 89
22 32 79
34 66 17
7 68 56
65 75 97
62 64 66
15 49 72
49 84 35
29 38 9
41 76 28
69 82 69
36 37 98
67 47 74 38 16 86 1 59 61 80 45 29 63 33 71 79 17 69 66 54 28 41 8 68 46 9 90 62 36 76 75 52 7 77 85 39 25 24 20 34 53 22 48 12 93 96 14 21 32 15 81 30 42 10 55 40 91 50 11 31 58 73 43 88 4 65 87 92 19 57 35 27 95 3 2 26 89 51 5 37 6 84
45 80
