29 90 21
18 29 41
3 12 65
4 29 3
4 21 86
16 17 49
4 11 74
3 19 44
2 23 77
11 21 46
14 24 15
4 8 65
20 22 88
11 27 48
7 25 4
5 14 87
11 15 54
9 14 3
22 23 61
9 19 100
22 28 60
26 28 96
6 7 43
4 19 2
8 13 9
10 24 79
15 16 12
5 20 44
5 12 89
12 27 49
12 25 71
23 26 11
18 22 63
9 11 45
5 17 19
14 16 38
7 23 70
6 10 29
3 22 18
5 7 79
5 11 68
19 22 86
8 17 7
8 9 62
8 23 47
14 27 50
3 10 35
13 29 6
7 12 75
8 15 69
10 19 2
6 28 84
13 26 2
8 16 40
3 11 76
7 22 66
5 19 8
19 21 81
13 22 62
8 24 65
11 23 51
9 13 40
4 24 77
11 12 37
6 13 71
1 17 85
7 10 21
3 25 31
11 14 5
8 27 67
21 28 6
22 26 17
2 29 12
9 15 48
11 22 86
3 17 53
17 28 19
15 29 45
7 14 71
12 19 90
3 24 13
5 25 65
15 20 1
11 18 34
12 15 97
6 26 86
18 25 68
14 20 79
9 23 2
2 17 59
2 11 67
18 2 29 12 15 6 23 17 26 21 20 7 8 14 9 16 10 25 5 22 3
26 13
