1000 1000
5051 7740
4863 7463
9546 311
509 5220
5786 3095
9539 1689
5082 3081
3276 6519
321 8252
6424 938
8303 8579
7385 5511
344 1543
9824 7150
3295 3312
7670 6447
774 8643
7152 7937
8026 3812
5162 7575
1845 3251
4117 7087
2106 7176
9524 5916
6291 3230
2458 4766
3462 3416
9581 2555
4380 182
827 9318
5515 63
8829 9481
2315 9013
3581 4146
1685 5041
9871 8667
1949 7665
9335 4156
5576 813
7721 7140
3962 3384
5257 2487
5467 4253
3887 4312
3214 2649
8694 6850
4499 2560
5118 4156
4532 2626
9045 7278
8775 631
6787 8882
2443 1945
1874 6333
6399 5899
7788 3702
3241 7508
9883 1138
6409 8438
627 1111
140 51
6314 2740
8760 3386
3155 7766
8489 4011
4495 9199
4442 1035
9678 3924
3421 1938
5572 7829
1632 469
5579 2630
4494 1643
6431 3937
4311 2521
6250 6816
3939 2540
7250 4921
9931 2467
4009 3629
4867 3215
5370 3273
9216 731
2587 9964
7114 6246
4153 6665
7819 6946
8533 7434
4799 5788
8817 9989
3849 440
530 7391
3452 2549
3519 8286
4543 9170
1014 7271
2236 327
6713 1647
8793 7999
2083 1192
5697 4295
1916 8676
8220 7226
464 1189
5433 6897
2665 5303
4976 3985
2399 3638
8739 417
3564 2795
3581 8459
4585 7174
3424 5777
475 4289
6578 7177
6670 3831
3765 5320
3600 7565
679 8172
8210 8637
8322 9163
2104 1858
4186 7609
415 6230
9269 3370
7748 4414
8125 2604
2147 3175
9000 4671
1528 2728
2965 9348
7194 1226
2871 9522
6787 7362
7172 2750
1139 1241
672 9178
3873 6983
121 2974
6838 7605
1212 9090
4769 8693
8034 3137
6179 7130
565 9744
9131 5416
5892 8902
4866 5862
1921 316
1117 9059
8924 4206
9321 7120
2612 9026
569 489
3053 4216
9401 9794
8675 1603
3324 6091
3661 3057
1908 5269
4789 5003
3607 1951
2684 1013
1473 1573
5450 3099
9791 4036
1119 7578
4745 4074
9052 1234
2705 6589
1650 6868
914 5693
7875 5947
5457 1894
4219 9010
6773 1687
3208 2662
6152 1079
6157 7563
8571 2938
331 901
8326 1656
6169 9333
6402 2634
2516 5739
3179 2582
3141 8834
1763 8297
8800 7208
693 3812
6272 3518
1618 8962
854 2482
4319 8409
9850 4865
5860 2950
4564 1405
6222 7704
265 5727
5187 2373
298 153
3474 8653
6182 1334
8758 6339
7009 4862
4409 2978
388 4643
5965 7796
4762 420
9636 8107
1368 8430
1747 8580
4244 3293
6452 3725
9161 8073
2810 3005
3940 4406
4143 5319
9441 6095
8647 3382
9675 1084
3562 1569
5694 5475
5110 5117
1226 5409
8656 1029
3178 2223
5103 9615
5032 7439
2480 1071
7308 5408
8938 5955
2795 7600
6139 6922
7399 3003
7512 8905
8313 2634
5123 6001
6222 4313
8650 9370
3259 7124
3245 3038
1133 7051
1890 5138
8509 5926
4181 3017
6905 62
6646 8274
6007 2108
1252 8532
9348 5609
380 4398
2458 2842
9263 8356
6668 7120
8445 3785
2645 1595
2278 7717
1498 4864
8424 9781
4529 2091
3883 6366
3637 5250
8229 661
703 6611
1337 9228
8148 8254
2168 4032
3721 3658
707 5295
3459 2661
7141 752
2106 8811
2641 5574
6155 8842
5421 8137
7668 5397
4286 3891
8033 2700
9660 1436
8312 4925
2655 3519
649 9712
4088 574
7371 3955
2103 9559
252 7993
6071 9337
1528 8840
379 6908
7687 3910
4433 9337
5665 771
3747 6683
2687 7068
5821 4456
2415 7318
2096 5160
1418 5669
9847 4771
7635 7558
4455 9779
2256 9489
6338 2243
5666 3643
8760 2499
3445 6278
3516 809
7531 7461
216 8378
5493 4229
3298 4078
6436 5992
3268 5824
5747 6364
5204 955
7848 9928
4474 9718
9042 6680
6262 1967
9967 8928
1594 2047
7606 8426
8941 5358
9366 7128
2659 2722
4161 4376
1635 9958
2524 830
4 8678
1796 8135
7341 7240
9410 9337
5087 9643
8872 9004
4547 2915
2462 55
7280 6593
7561 6345
941 1386
7030 2818
5704 2503
1243 5665
6937 5696
8287 2554
9100 9574
6716 5833
2081 8883
2396 9203
7794 9068
3321 5748
3976 7927
539 9812
1183 2081
6820 5123
8259 5655
168 5418
6649 3934
8818 3291
574 9508
9376 8858
2864 3620
8866 3653
6644 4799
3713 7502
2077 8881
2839 6067
9004 5321
5445 8091
2057 7490
8656 58
8435 6400
6314 6231
3319 12
9933 7822
4580 1738
1856 9537
9210 2881
5205 2336
891 3257
9582 4486
1759 6330
399 4715
4913 2424
5741 8385
6741 9615
2596 5699
7213 4832
1549 1350
4980 4703
9016 6816
717 391
5648 4931
8219 8147
8632 1546
5643 5221
2440 2323
5461 5773
7335 2255
67 7584
6506 6672
2262 739
3602 5497
8237 2399
2719 8914
9581 8597
7339 8226
8234 6499
2334 7588
4935 3089
7641 2992
7913 6559
3752 8264
8143 6133
1330 6580
4881 4749
7936 4243
156 7158
5877 3008
2228 7024
323 1603
2743 5165
7614 5704
2536 5709
6259 4920
4749 699
4561 9477
4338 7583
8254 9904
2033 9438
670 2435
5828 8229
7118 5832
1126 8412
5251 5735
2302 9393
4534 3556
7394 6364
8490 2994
6621 3221
4454 5097
9605 8613
578 3868
3132 8132
8818 7678
4780 9985
5119 5686
4112 717
460 2509
1476 6507
8054 2930
5614 2469
3748 9897
5761 1816
7623 9753
9128 7715
8022 8168
1863 3379
7744 7250
614 6099
3492 6409
4584 5257
6131 4251
6294 293
2678 6812
9535 7091
6899 4971
221 8283
8496 4070
8915 4594
5758 9455
5207 2936
310 8167
4980 7544
5535 1273
1820 2018
8513 372
5933 3685
5130 577
529 2571
3009 6148
9795 2188
951 2330
4267 7030
6117 6443
7197 1448
5605 1430
7234 2087
9757 4082
8258 3852
3132 2901
3670 114
989 5110
2753 2075
6094 5352
1388 5733
6700 4005
7049 7502
5720 2394
347 1916
8 7960
9091 1226
3263 2797
7910 506
1091 7174
3793 4585
8408 4827
1229 6978
5535 3178
7649 5367
27 4395
9389 2234
7241 7215
8105 2308
316 9970
4986 5485
750 4949
9837 8660
131 7962
2253 5934
5070 7491
7154 1423
7025 2360
5485 75
269 9873
456 7323
5031 4181
8521 1844
401 571
1163 4708
9530 3082
360 9493
7967 3331
660 3417
1766 7598
3231 1020
7635 1266
7474 9445
1396 1121
5908 1537
2791 885
6264 2355
9513 4450
1495 2051
9757 7700
8037 6224
1705 9632
5773 6152
3523 1641
2398 1918
938 5047
8197 8644
5869 6080
9417 5314
7064 1156
8834 4581
5530 2990
604 4007
6453 4413
9062 9288
7121 7022
8961 6211
4606 4836
8781 5538
8831 2854
6028 6924
3944 7228
3345 7927
5126 8826
9309 8565
4840 9789
6722 546
8886 2120
7000 3320
6796 476
1505 5009
5238 1635
7060 1886
236 3733
8413 9736
7638 4896
6877 2836
7022 7724
6072 9741
5383 930
2311 7300
6195 2173
6027 530
1432 6189
2235 6882
4374 4457
8175 8593
9907 3783
1051 5537
5119 5673
160 4809
71 406
3186 8051
4817 7528
2392 1522
2420 9191
3440 7168
2180 8783
2325 7419
1103 758
629 409
9210 7550
5044 7982
6880 8659
3210 2832
3898 1741
2826 8609
4550 2204
8513 9055
9428 3171
4484 3177
8396 3062
3825 9561
3935 4214
6243 2363
4147 3346
6678 3275
3801 3190
1133 4155
636 8018
5704 2246
253 5277
1166 1052
9492 3409
1964 3980
9811 5413
2870 8508
8179 7971
6868 2330
855 881
1806 4356
2710 778
2071 3429
8052 2005
2005 2215
7152 2498
9184 1220
5854 5374
4621 9241
9239 6009
6407 5551
4238 8384
9995 8867
4219 9120
4552 3950
7922 1174
9092 1018
5038 5323
5058 2401
903 7444
7069 6368
7295 4485
8101 4097
3696 568
1475 9144
7596 4836
3258 5851
2641 1411
4975 4212
9354 7918
1517 3287
5047 8142
113 2747
731 922
8253 7983
7950 1853
6012 1520
9390 3893
2699 5194
5451 8930
297 207
8080 984
2343 489
9665 4731
6620 8830
4351 8644
6097 8454
18 9945
6117 8572
361 5075
8120 2536
5041 5962
3870 9469
546 9822
9290 1278
5093 2283
7680 5296
6742 614
2233 8122
9450 6591
8537 6587
5285 6886
5839 6441
2387 3736
6720 3592
2388 8016
1482 9161
6123 9417
6354 5997
2225 5093
5535 5155
563 5474
3564 6211
329 42
8263 9139
9067 2260
2413 8516
2544 1223
726 1850
1841 3494
2133 3288
8158 8791
2778 5616
8902 9678
4998 1138
271 3856
5526 1417
638 3872
9325 1529
398 2934
59 6088
235 829
3278 5078
5233 1375
3882 5175
8538 8504
9104 1646
3011 6391
590 4511
6207 4003
522 1666
1108 2197
2261 7317
6076 9645
3688 3115
8002 1236
4506 223
7510 8394
5892 3306
136 7901
3218 8319
6251 5399
5638 3414
8402 3112
44 6551
278 709
917 3105
5909 3282
9852 9954
7942 4541
7526 1984
7072 6674
2306 4347
4631 7192
5594 2311
5523 3611
4610 1462
315 608
9910 7183
6317 8427
9770 2698
3666 7814
9467 5597
3143 4450
783 4797
2539 5030
634 3859
9867 521
4534 4738
9511 1130
3074 2155
8948 3861
9488 5252
4278 9525
2583 8396
3063 6434
24 4146
7122 3224
7945 1981
6732 514
2668 6835
415 986
3324 5222
3048 2202
7182 6559
6294 9283
557 3716
8821 3601
9222 1803
3282 534
6432 208
1993 6945
7580 8936
6881 9669
1271 8888
1100 6441
3688 2698
379 7282
9731 474
6698 6100
7231 7998
4697 3846
2642 136
2066 7239
1969 691
3957 6990
219 8806
8622 3510
6377 8410
8899 9017
8174 4040
3225 8396
4530 1625
202 9697
3953 4204
5124 9475
7519 7003
9012 2251
5103 8014
1067 4933
6976 9445
7903 6387
6202 9304
6935 9393
6157 2636
3597 8166
9826 8305
5724 9028
3133 2281
9589 8439
8964 3748
7360 7347
9497 7908
8889 7029
547 2419
7796 7549
493 4726
4394 2364
2750 4193
207 3600
7729 9663
7880 8318
2630 1440
997 8675
461 8949
3365 9787
4970 1231
2717 2673
2646 5171
748 2321
6981 664
7683 5785
1776 2414
2154 9140
9425 4191
5231 497
4309 3707
4555 9743
6337 6300
8611 6182
8735 4889
4087 6010
6886 5199
5828 8335
8889 3327
4344 8313
4448 8106
6466 2780
5419 7848
8838 3600
8273 4620
2349 116
5469 2157
6221 2464
8177 845
6498 409
1583 4445
3659 2411
3233 973
6247 3543
4808 8758
1852 789
2675 7512
5636 8357
1631 443
6907 8127
6299 2584
8430 6800
3702 2091
2180 3041
2399 9398
26 6792
5767 7572
344 5219
6829 9952
9167 3082
7256 4837
5742 4389
9651 1680
857 3660
3536 8300
3957 2231
967 380
334 8763
8719 2214
8452 6296
2116 6440
3459 8309
9646 762
3705 3008
1947 7029
7193 4691
6378 8218
9343 2584
9731 4261
7268 1669
9217 6614
9016 1024
8596 4628
1323 68
3087 9495
9962 226
2198 4694
5492 3784
5373 4344
8515 5684
1868 2190
9436 2245
8217 4924
3205 5029
1188 248
7074 7813
6564 1282
8674 2309
118 5733
5964 9597
2060 4141
2031 7478
5137 4016
9768 3923
8549 6465
6943 9662
1210 3339
9067 186
6096 6067
4136 4098
4038 1615
2471 884
5882 7119
645 8496
5274 662
8360 5348
1840 7606
1557 2189
2648 5495
4207 7849
1304 5333
3735 2292
183 3785
5555 5017
5260 2011
7972 2838
7619 1125
823 8380
7162 8409
8980 3164
6737 1698
7777 5353
2438 7659
4930 7332
9244 7794
2379 2128
8523 7856
4171 9512
26 316
624 6198
8455 2253
7181 4204
1174 2787
1600 2869
5413 6391
1851 2737
1760 1452
9333 1138
107 9416
9151 5584
3100 3996
759 9157
5048 8600
4417 7118
3015 1695
2583 7297
8737 6476
5894 3105
3883 4006
2671 6244 112
2728 9478 82
3366 7310 82
4649 8674 90
8525 3114 88
1956 2478 131
9674 7812 107
1351 3335 129
3755 6289 128
638 4672 127
3733 8371 92
8357 4102 103
8665 4185 85
9887 3972 109
8018 7846 141
9210 3957 115
6743 7475 113
6741 8494 104
8852 6905 86
832 9941 150
9986 3562 104
4938 1338 102
2615 4673 118
1934 3300 93
6039 8322 84
6306 6983 150
5094 2029 134
5111 8383 99
2194 3570 109
8962 8491 142
3073 963 151
2588 4924 87
6738 5276 132
4826 3932 130
4716 8978 157
1803 3592 96
7500 2335 125
7166 1106 86
680 2595 126
4069 5577 129
4540 4567 96
5600 4266 97
2023 5013 132
7391 8031 103
5633 1288 98
3155 1608 125
8359 8921 94
9228 2346 138
7266 9496 155
7372 2156 84
8102 6421 122
1895 7736 88
6111 3685 90
4276 7195 144
1135 5928 118
977 1036 159
9037 1750 98
2209 4874 85
4098 6329 81
6814 4129 152
7003 119 87
2418 1683 153
9552 4044 146
6577 5947 130
3148 5448 80
2890 7046 150
9164 4764 113
3773 1806 98
6629 7781 98
9940 7920 85
2701 9734 135
2447 563 84
7931 3021 85
3432 8449 142
3283 3905 99
9923 5534 117
9330 5306 86
9234 7979 104
3608 644 111
9810 2298 87
5981 5216 80
4181 1644 126
6250 6337 86
3989 8081 136
8555 5026 150
3328 9661 90
3525 31 110
6635 6964 134
1493 5163 123
1080 5664 83
5429 2585 146
5094 3491 93
5086 6282 135
9578 9005 80
6148 5125 84
7685 7933 133
9994 9386 123
1017 1889 80
822 5005 81
5383 6752 92
4833 1103 95
6084 2795 90
976 9733 80
5307 4227 127
1174 5260 135
2055 1702 87
8231 5411 97
3431 7544 159
8577 7734 81
7393 625 125
6505 5321 86
9541 3648 99
5325 3717 157
5165 8934 84
1308 5587 97
6059 7167 94
3081 9802 153
2839 3235 112
7867 5137 120
8579 2293 82
9992 1428 95
4708 5643 121
5843 684 145
8147 5173 86
6790 8166 98
656 5817 99
6610 6378 94
8235 9372 100
9071 2545 90
7872 2829 83
9492 8721 132
6074 3965 102
402 8384 104
7948 2577 112
850 313 84
1597 1106 116
4834 4246 113
6048 92 154
4227 9247 83
8489 593 129
9386 2111 105
1068 3234 101
6411 544 116
1696 3914 90
1815 9980 86
6435 3215 115
825 8863 96
5045 7309 107
8922 6504 104
2799 2897 104
6442 2108 120
1688 1581 140
6260 5887 91
2202 9604 107
8599 8206 121
3329 2690 121
9700 934 138
6184 6522 92
4030 1878 123
3788 8800 149
3788 4716 115
8431 2029 86
3544 3984 160
2779 1238 90
9993 8265 126
520 1836 80
3889 3309 89
4390 2126 85
2957 7587 118
7769 8809 121
2877 5375 138
5451 9196 121
5958 6151 101
7303 3597 148
9742 7262 110
4734 3286 116
7317 2591 160
5124 5440 99
8426 6112 124
5949 9493 80
2434 146 83
6666 4560 102
9256 8445 88
134 8689 80
2485 9125 85
3065 6612 141
4587 404 146
9882 5783 135
4452 1869 115
7928 8062 89
9473 7293 104
1518 6383 120
6082 8741 108
6322 4813 96
660 1702 105
8982 7915 126
43 730 136
5389 7315 131
9037 3281 124
7288 4118 81
6426 5047 137
6151 390 90
7575 7660 101
2945 5635 121
4008 4316 101
8611 1179 103
3043 3241 81
8004 9533 94
9464 9217 118
8933 5552 101
6398 4191 146
9796 3706 105
264 7448 134
9775 1320 112
2857 9189 139
7654 9194 82
7102 8557 133
4961 739 160
3090 1329 98
625 5095 116
9358 9981 111
4609 4309 95
9074 2831 89
6130 4369 99
2981 3841 117
4992 8748 137
7987 45 124
6646 2548 129
7038 7284 157
9419 9622 102
5382 8373 88
7565 5587 117
14 5856 128
7962 8993 124
1313 8719 132
8082 7345 80
3354 5972 115
5458 8824 95
5138 5791 92
46 9836 97
105 8177 121
3712 5458 93
7177 7572 132
9491 2493 87
9007 7630 115
2197 547 142
6602 2928 95
5268 2237 86
3373 8185 125
4305 8534 109
2247 2003 91
5915 2218 86
4602 732 110
474 8001 145
5600 6947 156
2549 7508 120
5236 3969 87
5594 8523 90
2876 8700 87
4295 2861 134
8406 7976 122
8358 3323 142
7457 913 160
7962 6835 97
5627 5824 92
6289 9889 125
7724 141 142
5620 7467 101
3065 458 140
3605 3308 159
6621 4304 96
928 1635 126
543 7187 82
9354 1722 102
9110 291 102
3114 7340 124
1991 9223 112
9423 6977 84
4875 4545 126
6874 2198 127
7801 3891 112
3238 4351 123
4137 6820 89
9739 6891 92
7392 6553 93
6717 1187 108
5481 1687 146
436 800 115
8034 738 88
2454 3780 80
4106 4791 127
2109 7005 89
6905 2462 81
5244 3161 130
6086 1763 95
1422 2403 82
8629 4778 104
4647 4755 86
3468 5197 143
8872 1205 111
8661 4450 86
6720 1532 92
7209 9188 124
5574 1005 140
4262 559 113
1258 7538 92
8466 3880 93
9978 6710 151
1823 5220 96
8669 7512 84
1141 4053 97
9575 5755 145
5315 8608 83
467 8716 107
5695 9996 95
5949 4930 85
640 2063 104
6041 3042 85
6587 48 99
1797 195 122
6104 2482 109
5386 6554 94
6015 6380 86
8192 3529 108
3176 3714 95
7008 3865 87
7983 7133 124
1458 8474 88
5717 5319 115
3709 4439 81
5643 7906 103
8715 9102 84
1943 8518 128
6775 4885 133
6523 3922 83
9984 1074 99
8586 6375 88
893 5373 134
3277 6873 139
3996 5913 114
710 7867 95
7339 1180 97
7925 3445 86
5744 3848 97
8822 848 105
354 4519 89
8072 9210 109
2905 4548 133
6463 1618 119
6088 6826 88
2686 373 142
37 8872 119
3944 8577 104
475 6684 120
4478 5549 91
9356 5984 111
377 5441 130
5 4832 107
1252 9968 93
7780 6150 131
5977 8580 81
7356 7819 90
5 2679 93
4529 6224 84
7769 1870 131
7210 6453 102
5002 4802 99
1569 3144 87
3434 5602 147
2466 8713 97
9100 9049 102
4554 9332 97
7750 453 154
2142 5295 88
5902 5668 144
170 4291 140
1027 7723 81
6950 1922 113
3629 6880 121
1884 3766 87
3914 6726 147
8733 5916 140
1934 7260 101
1668 7010 116
4736 5935 111
30 7325 130
6511 4714 88
6388 3434 100
2336 3040 140
6942 3543 102
6950 7572 82
9135 8293 98
2815 684 94
2264 5541 151
4439 3859 121
2097 9876 151
7980 337 94
1384 2839 136
1516 7415 84
3788 2115 89
4568 984 86
2391 1378 114
4648 2770 127
1304 915 159
5353 3436 87
8505 954 103
4213 6061 134
9320 2782 83
7862 4125 86
8294 760 87
3124 6172 86
5240 4917 131
2991 8917 143
7507 9642 111
1297 505 148
4170 2536 130
4333 4988 111
5269 8013 141
2820 4282 109
4926 5650 88
5834 8112 115
1168 7899 118
8918 8240 103
8526 1442 110
636 976 93
8343 9812 82
6129 3266 141
1199 6262 142
5693 3247 159
2581 5418 102
906 4182 133
7610 4669 93
1486 5407 98
7288 3228 126
7397 1815 153
5139 6618 90
7456 351 156
6755 332 144
3720 7645 81
2510 8130 129
501 7474 84
8253 981 137
3673 7138 116
6562 8175 103
1860 8924 90
6704 9224 83
6599 5525 137
4100 5057 89
209 3095 137
4839 3564 141
2304 1119 129
5708 9277 142
1853 4840 110
2692 3408 89
4873 242 115
920 6582 151
632 601 125
9552 8310 115
396 2196 160
8961 8777 91
7772 1167 140
8399 6542 138
165 8511 97
657 5409 100
8055 5680 101
2262 8510 97
8861 2295 133
6960 9971 101
1656 2165 86
6304 8962 121
2358 3404 107
1554 8146 154
6982 920 97
7218 2360 82
1495 4672 90
35 113 95
130 4569 122
5426 5367 157
4457 9586 129
5251 1733 87
3083 8644 107
3973 7614 94
9845 7549 156
6775 3077 129
7946 2333 125
5816 1456 115
6951 7893 82
8595 8968 80
3785 515 83
2533 7792 108
4861 2568 112
8408 8499 127
8481 2543 118
7004 4986 82
7072 4340 103
7719 9874 101
4626 6553 99
1869 1861 118
3379 2127 114
5153 2583 85
228 6264 148
4327 3492 159
4090 3252 84
5284 1522 82
4601 7948 111
6369 9401 134
1808 7464 104
2483 9539 131
5000 6855 99
1717 2699 135
8685 8560 119
4380 6826 150
350 7046 124
5272 7037 129
9513 452 140
8933 9589 94
7074 5319 104
2563 3235 84
4404 8790 128
5783 6752 109
7578 8203 129
4946 8501 96
122 2266 84
8078 4789 95
1286 1491 154
3523 6599 121
9812 407 86
417 7672 86
2830 1045 86
8877 549 115
1553 7673 149
6833 9537 112
597 9031 139
9796 2087 97
7819 9406 96
4458 8284 91
2440 5158 150
3874 9244 80
7066 5600 149
1319 8998 87
1465 3744 114
2597 4012 116
5456 9625 109
9430 2981 139
4043 9943 93
4394 4182 142
125 9082 106
7618 1529 143
3937 7101 105
620 3177 158
4874 9273 159
6563 3685 105
6630 744 152
400 4124 144
6991 6905 153
181 3372 111
1345 9461 149
2787 6805 100
7091 4677 100
3944 5346 116
5973 3796 81
5391 6028 121
850 7338 107
4754 6365 100
2629 905 95
729 6880 103
3937 986 108
2860 6405 132
5287 2829 132
2983 8380 107
2 7794 110
2589 4244 83
5661 2858 158
3643 1148 91
9598 1519 81
5586 6293 139
1915 6714 107
1193 3822 99
1021 2874 125
7525 5930 105
762 8260 97
4741 7302 82
7814 5636 99
9927 4571 156
5499 4801 130
3660 2493 82
2417 6189 128
1844 2288 83
8178 1995 102
9194 80 85
3588 7937 127
9028 9829 139
3591 859 86
364 9106 92
8318 2255 101
5883 9051 114
7299 4659 99
4048 2956 94
3885 282 129
2015 4580 155
2915 2652 117
883 9091 125
6900 9761 81
7093 9708 80
7454 9901 111
7626 2714 120
4622 1317 103
9648 227 92
3652 6017 116
7701 942 84
262 1739 103
24 4030 102
2660 1847 132
9822 706 91
9999 2162 95
3538 1757 107
8003 6004 104
3244 1867 81
8000 4409 136
4260 3130 97
5930 4256 118
2335 3996 135
8066 3330 87
929 2590 123
1596 9459 89
6247 5601 155
5426 4520 160
8570 222 92
3659 2907 96
9452 784 147
7497 7181 133
9383 1365 92
5562 487 128
4303 8018 147
1626 823 117
2053 9001 103
8795 3771 80
3971 3904 102
7402 8352 92
2939 5948 151
6359 2957 128
8348 2853 119
1487 3982 106
1765 468 113
1206 9668 83
2022 3094 119
172 6618 128
3069 2826 91
4439 1488 124
4936 2229 116
1289 1192 80
939 8569 120
9002 5053 130
6855 6311 149
82 3652 81
437 3557 115
8720 6614 90
6760 3397 121
2358 6466 128
1178 98 83
6463 9157 106
8707 5297 115
9255 9308 85
1826 9327 82
239 7885 99
5253 9387 143
1350 4383 155
8576 6784 126
6998 2708 84
6041 4682 111
5887 3455 121
3349 3382 85
3338 313 145
3633 2293 86
9123 528 108
1148 2637 86
7690 3294 128
7526 3982 84
8898 4481 110
7319 36 143
1733 3391 101
93 5268 152
5444 7681 155
2208 4232 123
3140 4086 93
9117 6123 122
8125 3041 93
1311 2218 90
5120 393 98
8371 7200 153
2050 3 154
6213 8492 113
6659 9915 131
6290 1201 141
4477 5315 118
3275 2432 111
2829 7874 126
9793 9801 92
2499 2689 82
786 2866 95
8671 9594 135
492 235 80
5529 5644 110
2116 1407 132
977 4880 98
2694 8696 84
1526 1847 156
4844 7686 153
9955 75 133
2568 6634 95
4882 9540 95
7786 6524 130
1713 8381 94
3245 4767 88
2927 2326 105
9897 4235 154
1689 5812 133
6312 7999 143
8378 4633 102
2593 702 110
8730 7339 85
7998 1536 107
6135 7842 93
7298 6981 149
6983 6575 83
4811 1814 160
2728 8291 97
553 6269 97
749 9419 89
1113 2387 148
8234 1534 114
6044 8083 87
4704 2355 145
5698 65 88
8683 5645 119
3910 9653 123
2616 2161 159
1015 6956 146
8544 3566 80
2088 5735 90
2999 8074 88
6727 1867 91
2590 6935 99
6987 8891 150
6987 8310 117
7166 2959 146
1209 6536 98
5891 2004 104
9453 8017 87
1674 4212 104
6297 1431 87
6782 6654 82
9443 106 130
4654 6919 136
9037 877 108
4592 7481 126
9748 9520 112
7013 9301 96
2991 2021 149
3703 8181 91
3864 5019 133
2670 2533 141
2216 8282 126
8131 3896 129
3956 617 102
4019 3710 81
8623 3753 90
4 1620 107
6073 7409 136
8131 9837 116
1058 3482 138
7413 2841 83
4100 1274 140
5905 1046 149
3388 1033 80
3063 4814 86
545 5984 101
1957 9624 120
8598 9890 107
4975 70 83
5309 53 159
3252 9490 83
9750 4928 102
909 7578 81
2431 4425 126
2063 2783 117
341 443 124
3481 3669 155
3207 9175 83
4841 6669 118
4660 111 111
1892 985 143
1006 9461 151
4191 9741 106
6499 8807 103
1650 8819 107
5787 4656 90
6437 6133 89
7986 8285 111
7471 5321 126
1412 218 126
9505 4320 105
4402 9145 94
8897 9302 150
5772 8771 143
7332 8923 120
2140 847 132
5763 274 84
4957 5139 135
811 2 86
7382 6177 126
7572 4348 159
2932 5150 89
8365 7726 97
4636 9870 143
225 1098 149
336 4890 147
9696 5284 147
242 2501 160
5187 1120 148
8877 174 152
8255 6842 118
6184 9669 80
1169 1797 92
9356 4503 91
2427 9875 116
9226 4324 110
8415 9227 109
1509 9024 87
6465 7601 121
9989 5069 152
370 3832 81
9190 7112 107
891 2111 149
6277 3814 95
9981 2768 99
9113 6900 94
4362 800 137
8378 3727 82
696 7558 116
4795 1506 115
7050 493 155
5146 4571 85
3931 3126 82
1739 1346 99
8779 2691 155
4659 4957 99
3968 6188 98
9464 7601 155
4043 9345 99
3312 1229 114
9072 2015 137
1046 4416 102
9649 2796 128
6461 6553 114
8153 445 107
5110 9872 141
8080 7517 80
451 1473 109
1443 6766 156
4520 3316 94
6324 8697 99
9482 6744 120
3383 4556 127
2884 21 141
1860 2909 110
8832 4074 106
4232 4535 117
881 6065 118
7716 3022 80
3394 3088 96
3500 9915 150
1594 2415 85
2844 1588 117
995 639 140
7818 4900 111
9222 9507 101
4200 7725 98
921 3786 120
5581 6666 95
9144 6372 111
180 1978 145
1944 5566 107
8354 8258 89
4466 2446 98
3088 182 87
5751 9782 106
9975 3165 158
3288 4954 80
6302 155 105
3904 7431 84
7926 905 96
4343 6527 150
9745 8502 140
9907 1613 97
7375 5044 128
773 6303 122
7886 8530 115
8099 6664 100
9985 331 97
9678 3171 103
9627 9949 108
9545 4916 95
3303 727 142
3625 1397 128
31 1326 99
3219 7930 124
7004 1494 89
2389 6926 100
5854 2473 121
9275 7304 88
2722 3763 153
1448 7187 123
8371 5846 126
4162 2121 140
2362 863 83
253 1466 88
413 9835 99
9258 5487 90
7436 8623 160
5620 8180 101
5411 9968 122
8521 7005 84
123 9299 86
9678 3414 112
5719 6050 85
5575 2033 148
2558 5878 93
2263 2473 159
9669 6522 147
9631 1947 108
5402 1349 121
2118 6133 119
9744 8841 94
549 2844 141
4166 200 152
4731 8279 129
8756 1864 156
2251 8913 102
6414 4504 98
6773 8731 101
6952 1272 122
4782 8015 82
1274 4866 105
5053 4386 95
6002 9997 160
1896 5957 95
3422 9282 132
3535 4770 115
5734 5048 130
8418 9529 105
6179 861 106
2258 219 104
8234 16 106
1815 8213 80
4424 5824 120
7142 2140 101
8299 1289 103
1479 9755 159
1397 5885 145
6597 9012 85
8806 3140 92
9362 5017 108
7621 3708 80
742 1363 139
5004 2826 119
4 7024 149
5340 815 100
7321 5732 91
3779 5725 154
9350 3488 116
6870 4613 104
1198 8170 147
4638 2071 99
2565 8517 104
8408 1791 98
2170 7978 140
9860 6237 106
1856 6513 92
6127 9157 105
9104 1486 149
2118 3882 96
3467 8865 155
1545 520 95
4016 2345 113
3809 4152 94
9000 3625 126
9502 4728 87
1516 6119 101
470 9497 94
4072 8919 146
7662 6869 138
3692 9452 100
987 190 87
9985 9089 153
3712 9101 109
3132 3492 119
2308 7113 80
3821 2750 119
6147 666 89
