150 140
107 187
133 754
358 499
355 934
119 155
334 593
415 949
783 421
179 955
964 613
795 170
205 373
122 388
393 907
438 466
910 579
51 526
80 596
281 796
728 833
662 218
876 968
350 776
780 618
285 271
293 477
339 953
158 205
570 713
189 521
482 563
664 169
889 421
549 507
492 478
380 883
173 960
933 43
112 504
2 953
171 564
187 134
469 751
263 449
29 534
476 667
327 953
835 710
534 13
8 286
654 476
119 142
300 742
571 45
920 792
603 160
851 530
452 591
606 891
853 445
419 44
666 666
39 152
283 533
875 75
360 894
823 742
556 70
938 346
654 998
369 962
56 468
288 563
280 67
995 361
562 613
281 650
192 231
852 934
650 267
291 946
972 757
831 717
228 398
797 131
805 212
194 348
853 465
391 851
52 588
162 969
890 383
371 392
308 358
745 892
494 180
395 694
659 892
138 991
421 67
288 252
407 594
605 572
735 189
158 137
304 539
369 965
607 368
186 86
139 756
167 143
506 867
172 840
923 239
87 911
353 635
346 953
732 520
947 790
181 37
962 501
715 678
201 17
164 447
694 589
665 740
655 338
183 345
980 762
892 966
650 987
437 715
924 274
421 282
791 178
180 38
446 722
454 683
615 565
51 81
126 971
141 252
606 892
169 607
529 38
153 583
279 354
726 486
866 139
365 145
467 505 30
125 218 32
600 606 31
899 838 31
849 585 41
315 311 30
399 443 39
314 912 35
895 742 49
619 770 34
10 587 42
601 534 31
975 709 37
212 258 30
213 320 30
243 491 33
825 918 31
996 844 49
626 691 40
441 901 40
981 22 47
243 685 31
521 329 36
958 371 30
530 151 40
828 407 37
65 991 38
133 319 49
756 647 35
687 866 30
309 504 30
894 484 44
248 19 45
148 7 38
508 631 47
427 142 50
303 599 30
751 81 34
839 100 30
707 148 43
367 231 40
497 995 38
785 863 37
10 368 34
618 333 34
563 270 31
829 667 39
8 691 41
411 11 31
890 5 40
240 780 42
712 17 40
537 846 36
672 627 35
930 113 46
9 5 32
908 917 38
993 198 40
771 557 34
873 257 31
845 184 39
72 168 32
537 749 48
190 188 33
681 532 46
382 550 46
143 925 44
528 543 39
20 69 31
892 351 31
341 33 39
166 651 36
470 832 31
392 796 33
92 645 31
10 131 30
225 984 35
196 441 32
488 231 40
15 474 41
521 421 49
38 785 47
777 777 34
590 1 44
173 729 34
227 883 39
990 639 31
406 352 50
153 496 33
288 837 30
714 720 38
602 92 31
995 986 36
130 436 31
783 482 39
332 389 30
317 698 40
626 428 34
743 360 35
336 989 31
115 547 30
401 642 42
678 947 48
972 454 38
407 726 30
564 907 30
842 806 33
908 648 36
207 109 30
967 559 45
30 237 43
264 411 33
49 313 31
111 708 30
706 796 35
414 998 42
959 300 40
354 852 30
343 106 30
669 75 31
613 209 46
917 995 33
55 415 30
79 19 31
748 238 42
821 312 37
273 121 34
582 970 30
128 809 45
698 448 39
91 99 37
277 208 40
812 29 36
758 936 32
481 26 37
47 887 45
815 990 41
684 293 40
228 575 47
612 840 31
