100 100
719 374
732 529
72 68
297 468
246 732
237 2
368 662
847 165
407 781
235 272
893 863
903 974
453 177
728 201
246 616
790 751
732 216
986 358
356 662
743 577
706 82
536 807
498 514
488 95
415 195
771 923
618 541
873 252
461 677
538 301
240 602
564 214
693 230
248 201
632 451
565 285
711 816
267 176
841 661
224 181
261 211
960 941
97 18
112 982
368 967
436 519
312 79
492 205
405 903
914 505
688 276
882 389
556 174
408 308
385 70
300 438
269 92
624 626
261 776
241 794
332 279
929 968
28 156
425 827
214 692
385 951
373 140
479 103
931 625
294 354
801 664
383 658
356 892
628 79
147 527
513 343
659 269
417 894
157 62
358 562
435 891
184 945
601 83
505 709
245 761
275 619
587 264
509 642
823 523
951 150
949 747
378 86
844 84
163 180
419 863
105 499
806 970
732 0
295 45
525 325
563 688 48
264 326 41
571 784 40
548 95 46
118 94 50
835 612 45
198 560 41
43 993 43
660 808 46
338 933 40
983 890 43
884 23 46
746 639 43
599 588 40
169 989 40
293 697 49
436 357 45
43 18 42
795 709 42
616 217 50
292 549 49
390 246 43
250 947 43
993 455 45
3 876 46
763 118 43
457 17 48
70 800 41
666 415 42
996 255 46
903 123 49
642 313 44
65 291 45
928 391 40
26 509 46
546 375 45
584 498 40
164 250 42
371 844 49
102 411 42
807 814 44
605 896 49
476 246 41
165 823 43
866 208 41
975 651 41
431 129 50
977 983 45
669 112 40
815 901 43
653 982 46
273 845 49
481 846 48
340 384 50
197 7 40
230 130 47
472 470 41
675 534 44
741 285 44
522 985 48
435 956 43
752 993 41
6 615 40
118 903 45
349 618 40
92 197 42
203 739 43
758 476 42
856 469 48
695 30 40
483 749 41
109 575 44
220 475 43
956 552 50
979 787 43
667 703 46
893 787 42
147 655 40
341 24 44
998 97 47
916 302 42
826 366 50
189 388 47
859 984 43
294 243 45
784 204 41
893 692 50
723 915 42
439 617 48
979 0 49
552 1 47
508 557 43
19 381 45
325 142 41
379 502 48
9 106 48
776 8 43
1 225 45
63 690 49
395 731 45
