1000 1000
26 7220
35 25
46 6047
47 8177
56 422
56 6105
62 1937
82 9720
85 2339
87 9571
138 6769
150 1979
161 4695
163 5373
172 8864
186 9120
189 6595
207 3631
208 3579
211 6140
234 6817
241 6541
241 9785
242 8961
248 5704
251 9007
266 2392
270 419
270 4139
275 6397
277 2808
280 6077
293 4711
302 3876
304 6003
304 9517
325 7561
327 5984
336 4993
343 6917
370 6436
389 3086
389 3477
420 1079
428 9443
432 4778
441 6223
459 8546
462 3609
464 1615
479 730
487 9215
489 1613
503 302
508 3398
515 5484
525 6241
547 5426
550 6335
554 2149
554 4783
562 812
578 6934
580 6654
609 8421
613 3270
640 9605
651 535
659 8785
663 3340
664 6073
666 271
676 8097
703 9691
704 182
708 7962
709 8488
719 2032
732 3711
737 7631
762 976
776 6943
777 7778
813 6212
815 4870
825 3912
826 1272
832 7286
832 7792
839 6562
846 7832
848 7026
862 9797
869 4675
875 2855
881 9648
886 4026
886 4756
893 1596
956 9883
975 6037
1001 8701
1012 2475
1020 4353
1052 3544
1059 2809
1063 8488
1085 6421
1086 6943
1095 2458
1120 8018
1121 974
1123 2850
1186 5751
1188 6730
1196 547
1197 9676
1219 6193
1228 92
1232 3561
1251 184
1251 7192
1257 9780
1265 4281
1276 6991
1280 2373
1287 5403
1289 6628
1291 5488
1303 2965
1305 828
1320 683
1339 2059
1340 8701
1343 2328
1388 2144
1422 910
1429 8650
1435 3016
1440 1919
1443 6767
1444 7229
1454 3451
1455 5814
1458 387
1471 1526
1475 3196
1487 7723
1491 8269
1494 4283
1496 3151
1502 8443
1532 5862
1540 1624
1545 1564
1545 6209
1548 5198
1551 1160
1553 7208
1589 5661
1600 2642
1629 3186
1629 6279
1630 4898
1637 4523
1642 5720
1671 8169
1678 4278
1683 7036
1710 4325
1714 661
1722 7488
1731 4305
1734 329
1744 739
1745 147
1800 7168
1801 530
1806 2986
1828 994
1834 2281
1842 2221
1846 8014
1862 2560
1865 188
1871 2245
1873 5780
1874 8405
1876 3431
1881 6922
1893 4925
1906 2012
1919 2624
1924 7001
1946 1455
1946 8028
1950 1679
1961 7554
1989 5839
1990 3234
1995 6335
2011 981
2013 6039
2021 1297
2022 8138
2038 7960
2038 9588
2051 9111
2052 1350
2081 8145
2083 7810
2110 2244
2113 2459
2121 6594
2126 2908
2136 9886
2147 9176
2169 1733
2186 8681
2206 6085
2211 2139
2217 4362
2229 4166
2231 1738
2263 2418
2263 4819
2277 1135
2285 5164
2286 8847
2287 1625
2301 8983
2308 7688
2312 1260
2315 1557
2318 9473
2321 7022
2336 9045
2350 7848
2351 3728
2372 9457
2374 3785
2376 5269
2386 4659
2400 4999
2402 6102
2409 8217
2423 7982
2434 80
2438 5269
2444 7758
2466 6089
2471 2229
2492 2127
2507 4927
2513 7824
2515 5719
2536 6386
2546 3114
2561 2246
2580 8583
2585 7913
2586 8741
2598 6971
2602 1913
2609 1493
2611 5767
2629 1699
2632 9607
2636 9286
2645 5774
2651 9619
2671 1004
2675 2668
2686 700
2691 7827
2693 7323
2704 3843
2705 6421
2707 6330
2708 5125
2711 231
2712 1960
2715 4418
2729 6763
2731 611
2733 5896
2742 6445
2750 2407
2755 5916
2762 1604
2801 92
2806 8092
2810 6370
2810 7464
2816 9312
2826 3858
2832 1408
2835 281
2862 93
2865 1178
2870 8601
2877 4843
2886 54
2895 9963
2898 1240
2899 2436
2931 8826
2945 338
2945 5843
2946 6036
2947 6714
2953 6136
2958 2823
2959 3900
2964 3369
2964 5241
2990 9313
2993 5923
3010 7261
3028 9500
3031 3373
3038 8894
3039 5228
3041 339
3042 5085
3075 7538
3080 2109
3104 3811
3108 6565
3114 8152
3119 8553
3135 4774
3141 7706
3160 371
3169 3594
3170 8158
3191 4896
3196 52
3210 3954
3213 2389
3240 6656
3250 3555
3255 4270
3296 7333
3311 1488
3312 5102
3313 5143
3328 8002
3328 8123
3379 938
3386 3352
3398 5860
3402 9362
3412 147
3417 9600
3428 3568
3435 2977
3444 4865
3471 4638
3491 7970
3506 644
3506 9314
3509 3514
3511 3461
3522 4878
3547 3585
3550 33
3559 4567
3576 497
3581 5871
3581 9889
3589 7029
3591 2524
3601 2486
3602 7480
3603 7236
3606 7462
3619 3166
3631 6604
3656 1748
3658 1684
3662 2747
3666 746
3676 6443
3677 4043
3684 3268
3689 7068
3708 6484
3718 7057
3721 7459
3722 9059
3733 2555
3735 4067
3737 842
3753 1667
3755 9056
3761 2620
3763 4466
3766 714
3782 2903
3783 9974
3793 4060
3819 9199
3827 9877
3831 869
3832 3254
3851 7292
3890 3908
3911 8040
3927 2232
3929 337
3943 2702
3944 9450
3949 6413
3965 6028
4019 8390
4024 2768
4027 2693
4027 3064
4045 9208
4052 845
4057 7451
4068 7969
4096 2747
4101 7304
4106 9428
4108 5746
4115 9488
4118 2385
4122 2292
4128 5783
4133 6610
4134 3463
4143 2597
4159 2695
4159 2855
4171 9644
4183 6589
4194 6018
4208 1120
4218 8544
4256 7867
4261 5582
4274 5289
4274 7305
4280 3634
4284 2103
4291 1432
4324 6010
4341 7759
4357 9893
4358 9897
4371 1527
4374 757
4375 9120
4380 8967
4392 4536
4404 1354
4424 6795
4428 95
4430 7522
4441 2282
4445 3960
4460 3404
4496 7741
4500 1775
4507 1137
4535 1479
4539 3478
4546 4264
4566 1444
4580 9299
4605 8502
4626 903
4634 1840
4658 494
4662 6807
4678 4683
4679 745
4691 8348
4698 9834
4701 909
4705 3363
4710 1718
4752 2274
4758 8361
4786 7460
4791 8127
4810 6377
4871 2928
4881 2763
4888 4204
4906 5811
4919 8147
4939 6501
4950 1728
4951 3485
4956 1750
4962 5208
4966 6011
4974 9445
4989 2549
5000 1808
5045 7989
5082 2034
5107 417
5113 2201
5149 3848
5162 6324
5187 473
5193 5885
5217 3231
5235 3792
5240 5271
5251 3198
5281 338
5288 3503
5296 242
5317 6045
5328 1893
5328 8535
5331 8421
5332 9573
5334 7393
5370 3649
5373 5574
5378 6734
5387 5546
5400 6826
5405 9425
5408 5281
5435 6246
5440 1010
5454 8817
5457 3697
5466 4940
5467 6101
5482 4614
5487 705
5494 1529
5553 8722
5554 8483
5573 4972
5576 2537
5577 3123
5592 1519
5603 5096
5612 1999
5614 9997
5635 3127
5656 7210
5665 9802
5679 6512
5696 8387
5698 9527
5699 2532
5708 8488
5742 8144
5749 674
5756 1161
5756 6941
5764 8240
5783 591
5783 2909
5798 310
5800 3415
5801 9601
5806 8520
5807 6625
5812 1340
5814 1016
5817 8080
5817 9132
5833 5740
5837 3518
5837 7937
5841 3347
5848 1384
5849 3008
5852 8985
5858 3986
5875 5708
5876 4590
5878 5807
5883 4945
5887 9253
5891 136
5920 5599
5940 2725
5968 3602
5987 6266
5997 9818
6001 9095
6014 8942
6018 719
6023 4075
6026 8256
6042 3269
6064 949
6066 4463
6070 7981
6079 8458
6093 1944
6096 9922
6111 1342
6117 9408
6128 5525
6140 8264
6146 4077
6169 7810
6182 5711
6191 3037
6197 8247
6202 2290
6238 4074
6242 1571
6246 3890
6247 5220
6262 8429
6269 2340
6283 928
6295 4266
6317 163
6318 350
6318 3714
6319 4863
6343 8696
6349 919
6351 1886
6373 110
6374 5814
6379 2809
6398 6958
6464 4475
6466 8899
6481 690
6482 6940
6492 3736
6496 4459
6499 2443
6524 9424
6537 5627
6540 4057
6542 3157
6556 6614
6565 6074
6574 3166
6581 6942
6582 8672
6593 4567
6599 8203
6627 1355
6639 8922
6640 1994
6657 6300
6669 1174
6719 3592
6767 2801
6771 5919
6772 6474
6782 6486
6795 6022
6798 8091
6802 5663
6812 8666
6817 5456
6826 5449
6842 106
6851 8958
6862 5294
6863 99
6871 6232
6879 5467
6884 3426
6884 4934
6895 8669
6897 4787
6914 6129
6922 737
6922 1478
6925 3917
6932 7439
6939 210
6946 3537
6957 1883
6961 3377
6962 5193
6970 4744
6975 5199
6982 5876
6987 694
7039 6466
7040 9664
7045 4526
7062 9680
7074 827
7074 1156
7083 1825
7086 8569
7096 315
7096 590
7096 2905
7098 200
7100 4865
7103 3609
7104 7849
7108 3215
7124 6749
7125 9472
7132 3117
7142 6048
7161 7840
7162 2302
7174 9209
7176 1720
7189 1480
7192 7845
7205 7628
7206 504
7211 6221
7218 1230
7225 98
7234 504
7242 6047
7252 4955
7260 3613
7262 2754
7288 7011
7322 2076
7323 2908
7331 2586
7337 5379
7353 4843
7361 3723
7362 902
7374 3783
7375 9085
7395 7012
7399 8553
7412 4082
7421 842
7422 4169
7442 6399
7448 5017
7467 7121
7484 9752
7501 5191
7513 5420
7523 1310
7523 8755
7533 3968
7537 1942
7541 5828
7558 7782
7560 5101
7561 1422
7561 6686
7561 8016
7575 3827
7612 8353
7617 3575
7623 3600
7665 2990
7665 5686
7678 9812
7687 1747
7710 2162
7740 2960
7746 7916
7755 7097
7757 5967
7757 8274
7760 5785
7762 4349
7780 998
7787 2575
7810 6284
7820 2057
7828 5242
7835 2479
7847 9063
7849 688
7850 1116
7850 5133
7858 5088
7859 6480
7865 1494
7890 7351
7895 7135
7904 5915
7909 5662
7916 3813
7960 6287
7964 6390
7968 7379
7992 8172
8050 4601
8054 8532
8061 5057
8065 4906
8082 4470
8086 9647
8088 7438
8090 127
8092 168
8092 886
8100 2666
8101 8181
8102 5583
8102 9688
8104 9553
8112 8148
8117 4059
8119 3229
8125 440
8125 6259
8136 9505
8146 1223
8158 5473
8159 9766
8197 7163
8202 2638
8213 2613
8223 1535
8241 4258
8245 4377
8252 8171
8258 1199
8296 4256
8303 7566
8310 1729
8348 8514
8355 2515
8382 1808
8389 1694
8396 3597
8401 8357
8401 9865
8421 6944
8425 2794
8454 7845
8464 3996
8469 2708
8475 2677
8489 480
8507 3344
8510 6656
8512 5054
8512 9520
8525 2724
8528 1831
8545 291
8570 8269
8571 5242
8579 6374
8580 4949
8593 4377
8593 9532
8618 6628
8621 4267
8635 4603
8642 6839
8652 9767
8662 6813
8678 2245
8680 4084
8684 2766
8686 2844
8733 8751
8744 4672
8752 1795
8757 6869
8759 6609
8773 34
8792 1000
8833 8164
8838 6490
8849 4606
8850 4569
8870 9636
8873 4614
8878 8856
8883 3881
8889 322
8899 570
8903 5466
8904 7413
8919 1037
8942 2181
8946 6186
8955 5735
8956 5812
8958 3861
8967 7531
8974 7419
8981 5285
8989 7776
9002 20
9010 6138
9031 7027
9048 7847
9050 6683
9061 5812
9076 2413
9080 7910
9091 7019
9095 2378
9095 3015
9098 9437
9101 2720
9116 5280
9117 201
9121 6580
9163 4155
9174 128
9184 2482
9196 1826
9217 9528
9218 5723
9221 6464
9233 1912
9233 6476
9245 5883
9297 1716
9298 2325
9299 2796
9306 8602
9307 5008
9321 8617
9331 7156
9347 2367
9349 4157
9388 9165
9394 6783
9394 7460
9395 5665
9401 7098
9409 1300
9411 5565
9428 6662
9431 7251
9435 754
9435 9495
9441 3580
9443 7461
9444 7155
9458 294
9492 9800
9495 4935
9505 3428
9527 6753
9528 1203
9532 8771
9549 9700
9554 1154
9595 5831
9598 7828
9621 8387
9622 8772
9624 7130
9626 185
9633 9787
9638 1677
9650 8607
9655 1148
9693 1041
9695 3336
9703 3786
9714 1751
9719 3738
9726 9113
9735 5826
9739 479
9741 5892
9744 3442
9744 6045
9749 4609
9767 4453
9769 1999
9769 6028
9772 7972
9786 2354
9793 9280
9798 4572
9811 3047
9821 3533
9826 6131
9827 9270
9845 2689
9851 2411
9856 3214
9858 1585
9862 4408
9863 9432
9866 1231
9903 1616
9910 315
9931 3236
9971 227
9973 3074
0 7916 131
8 4782 148
18 6648 132
38 188 91
40 3584 131
43 8849 103
43 9411 133
49 6286 103
50 1501 145
51 9138 115
59 4439 107
64 3287 135
67 8341 125
73 1001 130
92 4045 111
96 5207 119
100 5863 106
120 2830 133
127 2515 138
129 2109 103
130 6989 130
136 5580 130
152 9914 144
163 3064 99
170 637 110
170 7607 140
199 8711 97
217 7277 126
254 9621 99
270 4269 125
279 1694 127
289 9360 103
300 4842 130
307 3672 97
315 6212 110
318 834 110
321 2309 95
335 8512 120
337 8256 119
341 147 147
355 5505 94
377 5103 112
385 3310 137
389 6615 144
417 458 145
418 5311 95
428 1369 139
432 7049 98
443 7536 107
444 4601 119
453 9749 95
454 6857 91
455 9045 118
456 1937 128
463 2931 136
467 5907 127
493 8090 105
504 2653 133
531 7260 114
556 7850 91
557 957 112
572 8633 125
608 3888 126
614 658 104
632 2274 143
633 5754 98
643 9846 99
652 9434 134
657 3601 111
657 6438 128
664 5005 91
676 1605 121
689 5331 131
696 7072 101
697 6712 109
702 6196 90
714 9002 112
734 2584 105
753 4393 131
762 9 120
783 4722 94
784 8102 105
785 7472 144
790 2995 125
804 851 126
819 6021 112
840 5729 108
841 342 118
844 8601 110
861 8339 129
867 3223 103
880 9271 111
891 3687 107
900 3440 97
901 5075 148
908 9488 96
925 636 118
947 3918 91
956 2316 109
968 2702 121
969 1329 117
990 116 97
991 7802 141
1006 5559 101
1014 1001 97
1014 1780 146
1021 6535 123
1050 9729 104
1058 6788 132
1071 425 90
1079 4823 144
1080 7140 93
1081 2095 137
1113 1513 104
1113 8393 102
1118 4140 150
1133 6079 133
1138 9485 125
1155 728 119
1162 8708 145
1168 3441 116
1192 5280 140
1204 2939 100
1221 7651 125
1222 4468 138
1227 2693 96
1243 7959 106
1251 1216 111
1261 9960 119
1266 1928 93
1266 3865 101
1270 9073 137
1291 5861 97
1298 988 111
1314 7313 95
1319 9648 95
1329 1505 105
1341 8465 135
1358 276 141
1369 6286 97
1373 4840 138
1379 3270 115
1380 2450 122
1399 5667 118
1408 7054 111
1412 2891 102
1438 2034 97
1440 3704 113
1446 708 106
1453 9255 121
1468 6081 125
1516 4546 121
1517 7460 98
1522 5463 109
1522 8789 144
1535 1737 93
1544 1414 99
1557 8188 91
1557 9962 130
1579 6430 130
1579 9639 110
1585 123 110
1586 519 113
1589 4130 124
1589 5029 90
1591 3450 110
1592 6806 150
1623 9109 90
1635 2448 122
1644 2842 102
1646 7759 138
1682 2169 131
1688 1245 123
1691 1919 94
1707 9355 148
1708 8005 105
1730 6108 113
1747 4860 116
1765 4453 106
1770 5841 104
1771 3717 149
1774 9844 92
1779 1648 148
1779 3236 133
1781 48 93
1784 8252 91
1785 869 115
1805 8510 103
1817 7332 138
1845 6554 126
1846 5223 108
1856 314 100
1867 8810 147
1869 9143 106
1887 4138 111
1897 9519 90
1908 7727 114
1922 5624 143
1946 2371 120
1951 653 110
1954 1209 109
1960 1833 94
1964 2986 101
1970 3552 96
1975 6894 90
1995 2753 95
2008 5044 129
2011 8363 104
2022 2130 125
2051 4800 116
2080 3338 111
2094 1492 98
2095 8971 98
2102 10 137
2102 4354 111
2103 7384 142
2108 444 128
2116 5311 119
2120 6235 133
2145 5982 96
2145 7675 97
2147 6686 95
2152 3677 96
2164 9652 99
2197 1239 106
2203 691 127
2203 8073 136
2206 6932 127
2208 2737 101
2233 4657 91
2240 236 115
2240 985 116
2242 8327 115
2244 3992 139
2245 5685 102
2254 4935 113
2306 1989 127
2318 6468 129
2322 3048 106
2362 3371 138
2362 8730 119
2366 483 122
2366 4360 98
2377 7215 131
2399 5481 105
2407 2373 126
2412 1454 141
2437 9989 118
2445 9171 150
2450 3618 114
2453 8428 115
2464 9715 121
2465 6839 115
2492 1043 133
2501 1720 103
2510 9405 92
2516 757 90
2525 3916 133
2547 7551 146
2553 5939 137
2565 6570 127
2568 5102 137
2569 2568 93
2581 2775 108
2586 6248 112
2594 2039 124
2609 5421 112
2621 4675 150
2623 8102 102
2641 339 109
2657 3683 97
2671 3435 132
2673 1316 108
2683 7187 136
2710 130 95
2717 4288 99
2719 8642 124
2731 9209 102
2784 9626 114
2787 8955 96
2792 2552 95
2807 8255 133
2810 2251 106
2824 7640 115
2825 2975 128
2831 6177 114
2838 941 138
2838 5680 141
2839 7925 148
2845 6813 123
2851 6557 105
2867 5937 112
2872 664 121
2885 4971 128
2893 4164 93
2907 5395 146
2916 3713 134
2916 7434 109
2940 4510 112
2946 9829 105
2976 7051 135
2982 3216 109
2993 1720 109
3007 2540 99
3013 1443 132
3013 8596 97
3043 192 119
3065 2770 97
3083 4667 94
3098 823 97
3106 6775 110
3107 9261 90
3115 9034 111
3119 7303 95
3129 573 150
3129 6116 90
3149 6327 92
3154 9478 104
3161 1162 136
3163 9943 138
3166 4112 150
3173 5151 140
3180 5621 91
3190 5869 119
3210 7924 102
3220 8375 148
3252 3695 111
3252 9692 97
3266 2152 148
3272 8815 107
3278 2509 123
3308 7512 136
3312 2780 137
3313 6532 143
3321 4927 123
3322 4574 95
3322 7225 95
3335 6975 139
3365 3473 107
3373 3157 146
3387 1642 146
3408 8638 109
3412 1054 97
3413 7881 91
3416 5406 145
3430 9187 99
3441 6245 149
3446 5668 108
3465 9803 113
3468 432 100
3472 770 94
3474 3696 100
3476 5968 129
3479 9466 90
3525 6725 136
3528 1960 101
3529 8918 131
3543 144 94
3581 4144 138
3595 4965 106
3599 7695 142
3605 2643 113
3607 2931 149
3612 8267 129
3638 4422 94
3650 2367 90
3656 8543 134
3661 596 110
3672 1482 150
3709 4724 93
3710 3831 139
3742 7982 106
3746 5544 95
3758 3370 97
3758 6199 115
3764 7187 135
3768 9369 95
3790 187 136
3794 6909 137
3797 9591 106
3803 6407 93
3806 1043 128
3811 1931 137
3812 4269 116
3814 5863 110
3833 4925 126
3840 3114 118
3852 7537 146
3855 2768 97
3888 8421 110
3891 467 105
3894 3652 115
3914 4657 113
3914 9073 103
3916 1581 92
3926 8825 105
3959 6286 94
3964 5610 130
3964 9945 137
3973 7887 108
3979 2364 134
3993 721 135
4001 3327 107
4004 9640 104
4005 2942 109
4030 5129 132
4048 4232 110
4061 7188 97
4065 7676 108
4071 1307 122
4073 6531 98
4084 257 113
4085 6780 130
4118 9299 112
4124 1629 92
4124 1929 118
4126 8764 104
4129 3731 91
4156 6997 97
4166 8170 98
4172 927 124
4175 3104 114
4177 7412 120
4178 5430 137
4184 8410 126
4206 4747 149
4220 4053 119
4237 6193 143
4239 3424 96
4263 5817 129
4274 545 98
4299 244 98
4312 7 109
4313 7640 97
4317 1260 98
4319 4977 93
4340 3816 105
4350 7172 124
4353 2477 150
4360 8722 90
4361 8147 98
4379 9736 119
4398 9279 123
4401 1052 94
4402 5551 101
4407 4269 94
4428 416 97
4432 6661 115
4439 3599 108
4455 8493 100
4459 2991 102
4462 1621 128
4466 3241 135
4472 2777 110
4473 2042 133
4501 5275 129
4507 4581 101
4520 8906 102
4522 6944 147
4529 9992 122
4537 4983 90
4583 6393 142
4585 2266 96
4586 7888 98
4588 3823 141
4607 8197 144
4629 4403 95
4630 5604 100
4632 81 92
4640 1035 114
4640 6049 150
4658 7469 102
4659 4111 125
4722 8641 116
4724 9587 150
4733 3217 103
4735 4833 124
4738 2917 117
4746 5772 93
4768 6610 127
4771 5217 93
4781 9117 133
4785 9996 100
4791 5416 91
4806 408 108
4811 1562 134
4820 7705 138
4823 2498 134
4848 44 121
4848 1820 125
4850 788 148
4850 4527 108
4854 3664 128
4885 2112 125
4917 8465 134
4920 8845 99
4931 7030 137
4947 8004 97
4951 4746 98
4952 4321 98
4960 6296 133
4985 5644 95
4990 6722 97
5006 8223 105
5006 9826 123
5010 3968 120
5022 3154 136
5029 2381 101
5036 9542 98
5047 9253 91
5055 7376 98
5067 5129 111
5080 1194 134
5085 3386 95
5100 8629 93
5101 1598 111
5102 1894 100
5115 2832 137
5143 6595 93
5167 596 119
5177 103 138
5183 4173 93
5189 6121 138
5203 932 101
5217 7924 142
5220 9401 118
5224 3644 125
5232 7477 101
5244 5668 98
5273 1793 95
5274 6352 108
5280 4577 114
5281 2154 107
5281 7210 147
5282 6857 109
5291 1455 119
5293 9990 148
5307 8296 93
5316 5405 105
5331 9128 128
5358 7685 113
5380 5038 124
5381 1176 117
5383 2549 134
5405 2954 132
5414 332 112
5418 3860 105
5420 8650 135
5427 5830 92
5484 9755 99
5491 8119 91
5495 588 117
5498 7051 99
5508 4155 141
5514 6512 101
5524 7399 127
5530 4425 103
5539 6298 101
5553 1705 136
5563 5988 101
5572 6798 143
5583 8322 98
5587 9473 93
5630 2378 122
5632 2702 103
5640 4788 118
5646 3882 111
5652 3456 134
5655 911 146
5664 140 145
5665 5372 126
5681 9026 125
5694 8749 98
5698 7793 128
5714 4553 99
5716 9309 106
5731 4311 114
5735 5019 130
5752 5612 101
5770 1478 121
5772 5888 125
5796 3162 134
5827 9762 97
5835 1773 95
5835 3617 94
5850 7300 96
5860 721 113
5867 2086 101
5872 7037 135
5875 9480 114
5918 8802 124
5919 2606 96
5926 8012 115
5935 6097 95
5938 372 105
5939 1230 127
5943 6490 145
5946 8418 122
5955 9948 113
5956 5274 99
5962 2339 109
5966 3362 108
5978 7695 90
5988 4328 100
6014 4971 96
6019 5685 93
6020 3854 148
6025 2952 142
6068 1489 103
6078 11 142
6088 6787 141
6106 7439 138
6108 3622 97
6130 4753 146
6138 2053 94
6143 9601 146
6157 1829 111
6157 7096 127
6162 9231 144
6165 293 109
6173 5370 108
6179 8604 95
6194 539 111
6208 6051 147
6211 4310 92
6215 1012 90
6217 8115 131
6225 2710 98
6228 8922 117
6265 3308 130
6268 789 111
6293 1445 121
6331 7820 121
6339 5629 115
6355 2275 104
6355 3991 110
6369 5109 94
6386 7429 94
6393 6457 138
6395 6761 146
6398 1197 146
6402 2996 120
6402 8553 121
6422 5357 128
6432 2605 126
6435 1985 99
6448 520 93
6450 4291 130
6462 4611 135
6462 6187 139
6465 5917 131
6478 9776 97
6489 3558 144
6501 3289 106
6527 9566 109
6547 224 93
6552 902 124
6578 7127 119
6579 3833 105
6586 1604 117
6591 4940 123
6595 8376 134
6602 2832 126
6606 7702 112
6609 8794 124
6621 9965 98
6659 5509 128
6659 8060 114
6681 3080 104
6685 614 130
6686 6692 93
6693 30 149
6694 4163 110
6699 2234 131
6705 9352 146
6708 4720 117
6708 9014 114
6738 5202 150
6752 4482 94
6760 3353 133
6777 1016 126
6783 1972 118
6786 1300 119
6787 6286 99
6797 9657 114
6840 7304 118
6842 8285 98
6844 6582 93
6868 2452 90
6882 7048 106
6883 4305 112
6883 5905 102
6895 8797 127
6899 2855 110
6905 367 142
6921 1762 119
6927 8017 135
6956 3689 102
6957 2261 110
6990 9857 122
6995 5061 131
6997 9040 115
6998 7665 127
7017 5324 90
7033 9316 129
7055 6236 94
7058 6828 91
7067 3346 91
7068 8419 131
7083 3017 105
7106 6 102
7110 4670 110
7114 5916 121
7129 1965 120
7129 2649 109
7139 3929 150
7165 1334 109
7180 733 120
7184 256 99
7189 8712 110
7194 5568 135
7204 1016 133
7225 8188 122
7238 6765 98
7247 6514 128
7256 7156 124
7258 5201 141
7262 2393 130
7292 3360 92
7296 9865 148
7306 4246 137
7316 9582 123
7322 7938 126
7323 6280 93
7351 4715 107
7354 9271 98
7362 7471 146
7386 117 138
7386 596 110
7390 5823 149
7394 8924 138
7418 3566 138
7426 3026 95
7436 1795 145
7439 2578 99
7460 8646 107
7462 2136 98
7482 8375 94
7485 7241 98
7486 6853 128
7500 385 95
7503 4406 90
7507 1545 114
7532 5549 97
7541 6060 132
7541 9929 105
7550 793 107
7560 3291 115
7591 9164 113
7593 6395 136
7607 4809 145
7611 1081 111
7628 9713 108
7629 7907 104
7653 4179 121
7655 2554 96
7658 7046 90
7661 8165 126
7663 9487 95
7668 7582 136
7674 7288 93
7689 5278 113
7735 5044 91
7736 124 97
7745 2315 145
7757 8825 97
7759 1279 127
7768 6831 131
7772 6584 97
7781 406 127
7782 1859 110
7784 3318 101
7786 3863 91
7794 777 95
7795 5622 117
7827 8545 92
7839 9748 93
7844 3029 94
7856 6037 100
7861 4382 96
7880 8049 114
7885 2714 148
7898 4705 124
7903 3588 148
7930 8313 114
7954 208 131
7963 5087 102
7968 5362 130
7982 3158 91
7990 8657 93
7993 7541 106
7995 7832 113
8001 1004 139
8004 740 113
8021 4106 101
8031 2042 132
8032 8891 108
8045 9840 97
8057 1420 137
8063 9336 143
8071 7065 119
8074 1730 123
8118 5800 102
8120 2500 135
8143 3747 134
8156 3384 133
8158 6546 128
8165 2815 133
8170 5196 99
8184 2268 94
8189 597 110
8193 32 118
8207 3136 98
8208 7730 116
8219 252 103
8237 7996 130
8264 4009 111
8265 9962 120
8269 8294 110
8276 7334 149
8277 9604 137
8280 6194 143
8281 4507 99
8304 4734 116
8313 7014 99
8323 1946 122
8330 8667 106
8350 5893 128
8354 4949 101
8360 746 97
8374 451 96
8386 1425 139
8405 5186 125
8408 3755 104
8410 3237 114
8414 1157 102
8440 5604 115
8444 2206 129
8464 9111 117
8478 175 92
8486 7117 99
8499 6514 124
8510 3490 91
8515 2512 141
8540 7652 135
8540 9393 90
8544 2878 111
8549 8430 114
8556 9939 150
8596 8080 144
8601 8860 94
8621 3932 146
8623 7345 136
8628 4791 150
8652 6044 146
8653 1654 143
8673 1950 98
8676 3677 90
8681 6958 103
8682 946 117
8684 5739 139
8703 172 118
8709 9606 135
8723 5186 118
8724 479 126
8746 3296 141
8749 4510 103
8770 8602 138
8780 6755 113
8783 2568 99
8792 1304 148
8796 7807 96
8808 7601 103
8810 8998 91
8824 6302 120
8827 2369 100
8834 4242 148
8842 7131 105
8848 4928 104
8874 5367 98
8911 9440 101
8918 1851 129
8921 3041 104
8938 9792 109
8945 701 112
8977 943 91
8977 3499 107
8981 2540 93
8984 447 125
9004 3976 105
9011 3731 106
9019 5111 141
9020 6484 126
9025 1513 127
9045 2850 93
9045 8048 92
9046 8388 141
9053 6003 120
9058 9202 145
9077 6848 149
9079 8904 147
9099 4367 126
9102 4626 104
9112 5530 121
9152 2210 144
9160 1214 142
9173 7153 148
9186 9959 149
9208 7859 130
9210 761 131
9235 8177 129
9240 9689 90
9253 3012 130
9260 2597 109
9277 3970 136
9277 7420 107
9281 237 144
9287 8413 99
9295 2012 96
9301 4852 125
9309 6219 143
9311 1574 125
9316 3676 125
9325 5381 115
9342 3282 146
9382 509 102
9406 6479 115
9422 8613 91
9436 1122 96
9436 6890 92
9445 5037 93
9461 5806 136
9483 8911 93
9498 7632 125
9521 4498 149
9524 894 116
9531 7065 107
9536 2647 134
9543 2056 127
9553 1778 118
9559 9491 105
9560 52 98
9566 5265 90
9568 2958 119
9574 644 114
9575 3821 101
9579 9191 107
9592 5493 128
9596 8162 147
9607 344 134
9620 3481 111
9634 8491 103
9648 5001 95
9652 7373 115
9666 6157 91
9673 6367 109
9679 9889 108
9683 6851 91
9688 1390 130
9689 2417 103
9690 3194 112
9710 4724 102
9765 4231 141
9801 5310 99
9804 1694 95
9813 2221 127
9816 824 113
9824 8900 149
9845 2916 91
9847 5669 145
9847 8309 132
9854 168 106
9861 3932 101
9872 2557 107
9877 1077 125
9877 4953 111
9879 7692 105
9900 7980 110
9923 3441 116
9929 6043 96
9929 9310 107
9939 9706 107
9942 2020 90
9955 6380 115
9958 4576 143
9968 9997 118
9972 6901 97
9978 6589 93
9979 7273 104
9984 567 94
