900 1000
315 5942
1252 6333
4820 3582
5373 1587
4504 1036
5748 2541
1206 2507
1815 4180
2460 5371
4127 685
696 35
3642 4939
2405 4943
2924 1407
1949 2450
1124 4401
4961 3338
6932 1108
5206 2100
3837 2380
3012 5576
6188 1714
4276 606
4262 3955
110 5723
6815 5765
1984 6644
4838 1861
3432 3268
27 174
5859 6957
6293 6686
364 2720
580 550
760 2696
6642 5212
4976 3652
5646 6125
4077 4381
6120 1171
2212 5902
3804 2187
5642 1395
5466 5201
5070 4471
4731 2227
2768 118
1052 5196
6614 1169
4553 3966
852 3576
4018 2599
1044 5529
248 2199
4152 4449
2935 1855
5293 4348
3183 5040
3421 712
1997 4577
5779 5503
4130 107
2713 4401
1493 3642
6972 843
5723 6018
3915 6831
4824 1299
5258 492
1520 4865
1339 6060
5129 1824
2217 5892
5136 403
1476 1338
3030 6877
4377 230
3269 6286
4264 3080
2260 281
4395 6029
3632 6814
4777 2927
1262 4476
6333 1991
927 5376
475 6194
2803 2892
5421 660
980 5475
2015 5214
408 4240
3884 2275
807 3361
680 4807
5480 828
3569 829
344 5879
3372 6746
2402 3232
789 6481
1606 2173
1733 3011
2583 6664
3876 2960
395 4121
1797 2540
5070 3304
5432 1809
3558 5033
2159 109
1088 2215
4571 4367
5762 3401
5950 5912
4993 4235
3078 2353
3451 6287
3714 1443
6918 318
1122 1214
4350 2073
2104 1616
3582 3039
783 5220
1192 5889
406 4149
1551 6973
3713 960
1130 553
2446 2168
727 6028
6729 3527
3146 3
280 1881
3136 5887
4325 1943
4151 4174
4558 6819
4569 5345
19 4843
4105 3198
5750 3920
3424 1328
1660 2481
1312 1273
3674 6982
762 4418
21 6961
1152 6476
1693 630
4210 2485
4293 2390
5696 5791
4229 3335
2947 5799
5482 1000
2453 4699
4791 4333
568 6549
525 874
5235 4951
6929 5624
6453 2777
4234 3315
2294 3629
1013 1564
5187 5030
126 2898
5278 1403
3961 3115
2304 6201
3924 170
3005 5671
3394 17
6099 3283
6795 3767
5697 6206
5798 4346
1857 1168
1935 221
770 4841
2844 6087
1568 2932
6484 4666
5868 1558
3357 2673
3910 807
1594 5219
1784 3407
3252 6355
3868 3791
5949 4908
472 885
6323 6638
1980 5391
2297 2780
3019 6567
2468 3243
5220 3031
4167 381
5138 2333
4447 5511
2766 2889
1833 5494
1952 5149
4972 3128
3533 3783
5885 1
5528 3947
6518 5400
3261 5515
6339 3411
793 1561
4814 6545
3564 3170
4755 4694
6289 6857
3074 6356
3840 1458
4537 1780
3038 5263
6940 520
6477 3234
4596 4509
726 429
6548 2807
6772 6061
6067 4815
5238 2660
2922 1072
4065 3589
5576 823
3203 830
3655 261
6454 4748
5834 1441
2120 1128
5800 5251
5041 6501
3026 4817
976 4130
6758 1543
5277 516
1687 5818
4921 3517
1754 2729
1002 5746
3878 6475
5631 1402
6692 3087
5137 1631
5540 716
3450 6200
4551 5269
2695 5002
1816 3268
6618 1531
5916 2006
4775 479
2396 477
5130 3957
31 3613
2149 3165
2021 5888
4999 3166
4740 3393
2262 1787
1230 5699
3271 6984
4960 6347
578 5126
2398 3315
1730 1975
6114 6127
2224 1804
6950 1144
586 2367
5999 6294
4802 6897
2407 2092
444 426
4328 5309
1394 2712
1585 5504
3284 808
3861 49
5122 1102
2062 4181
5048 1891
5052 6707
146 1362
2781 4842
4746 1929
4737 3685
3282 6077
1066 1859
3646 80
2661 3499
3314 4742
10 3365
4517 4306
5773 3243
1179 828
5295 6672
6993 251
4924 117
6364 195
4678 4101
3998 5970
1566 3197
5936 6875
869 6273
6583 4613
6413 4719
1357 475
3900 3828
2920 146
786 30
52 5680
2603 3997
1340 1559
6127 2794
6765 4056
2728 2697
2628 1860
1091 5729
5974 5936
3273 2496
1634 4663
5302 3670
2360 4789
3183 6078
3215 2674
4136 3280
5615 2459
3081 4849
6762 686
4409 6535
4096 2458
4896 557
2973 13
2737 2366
5627 2228
733 4099
3200 4894
6594 2800
3327 6699
2752 4268
3214 5537
5976 5213
25 169
2986 2742
93 1624
4537 4206
6196 2187
5608 6193
4702 3764
2934 1496
1744 4963
3588 4306
1803 5564
804 5784
1213 2411
4175 6542
6401 5908
1322 2490
4056 2998
234 2377
2537 1145
6769 6102
4603 1730
3943 2055
6263 2698
2030 2866
5524 6524
1961 5428
2614 5949
6025 6700
1746 1756
2038 3573
2468 2866
562 460
995 3583
6836 1182
2695 2769
972 3338
604 1563
4090 3002
6807 5674
1787 3654
4739 53
841 5253
3910 2327
2467 4227
2208 6704
3542 242
3113 2050
1198 2136
1523 2252
3188 1928
5920 5905
787 3580
4214 5275
4265 4639
744 3331
6136 5366
3479 3402
6869 6148
4598 6406
1671 234
5232 4190
901 235
4732 4593
1821 2007
2660 304
5388 3394
4544 3005
4269 1011
608 6631
3551 5569
4031 5292
6978 3764
4686 4818
2242 330
2847 3191
6507 3135
4489 6139
6234 1738
2509 6198
1524 6187
3450 385
6141 6420
5633 3571
1859 5777
5010 5825
6141 6669
318 1118
3606 292
604 4677
1207 1288
552 3905
4519 2415
4783 3682
4175 2536
1231 5626
6746 3797
6928 5080
163 6680
881 4422
6600 2947
5015 2553
271 1593
821 24
382 1361
1366 1812
4480 1546
3813 4791
2629 3065
1851 4819
599 3081
232 1776
4967 310
2200 5150
2810 1093
1227 4651
571 4655
560 423
6151 3098
3658 5050
174 2521
1679 1309
1216 1574
2086 3011
4730 251
5386 1706
5925 5175
4264 4590
1510 3863
641 142
5804 6383
4347 1291
1425 6106
1698 6310
6288 3172
4858 4629
5464 4498
2380 3108
658 3573
1394 2835
1322 3443
1504 4812
5127 6114
5479 834
4961 4875
4376 2002
3956 1443
2944 5660
2335 1543
1054 6836
2048 1032
1945 2593
1520 4358
6246 3962
1416 5090
6159 955
2172 1087
5572 6151
100 6066
911 5735
6894 2338
4866 5086
5971 2701
3856 3321
5656 6925
495 931
4131 6825
3454 3843
477 3932
1026 389
3392 1170
1002 5322
6088 174
2297 5215
3079 5918
5751 1248
2337 5142
4645 4139
4770 5302
6958 6753
5713 1402
2150 1217
1159 1623
393 4027
4762 4963
4292 1818
1262 3462
6056 3681
5648 6576
5942 4432
78 3411
610 5532
6992 922
6111 523
4724 4973
3272 1807
3703 869
6529 2587
4049 377
2100 5455
3472 5136
4839 2571
2068 6161
5415 3170
6951 6557
6303 4077
3074 235
2912 3358
109 5269
5460 3034
119 6215
4217 61
1823 1229
6186 993
5997 6028
6276 2104
4415 5066
4048 2971
6710 2641
2020 6304
6691 947
6171 4321
3469 3024
4237 3701
6852 5687
3572 3452
3991 162
2006 4805
5789 2895
1912 508
2830 3384
1865 1694
6707 809
3498 3439
3205 1046
2892 5581
1616 5829
6980 1343
2227 3047
4582 2266
2731 5993
2370 1338
1090 1831
5911 2968
6879 5198
4652 5437
6230 3257
1265 933
3419 160
6007 2294
5486 3962
4527 5538
4187 3613
3377 2014
5078 5212
3820 5630
2812 321
2853 5250
4561 632
6057 2550
2187 6741
3082 3491
3840 667
6643 505
3125 1496
2886 5955
4663 6403
108 6990
3897 6756
5453 6780
4202 5247
2106 64
5343 5484
5679 1455
4465 6030
2142 265
743 170
1165 3659
5492 4140
2641 6607
3054 5917
846 2464
184 5084
1745 3050
1127 171
2671 2136
4103 1313
3402 3541
5841 4570
487 343
2496 1509
4484 1939
5808 6501
232 4212
2033 2027
4028 6834
2777 2106
2002 3515
2222 1102
5274 1713
2814 4511
5725 5265
6786 4791
5043 4409
883 6738
2058 5611
4228 3043
5915 77
3029 6385
4429 2726
1312 6643
2573 5888
1333 4731
6658 1310
2190 1336
4224 3782
180 796
2541 5280
1096 3711
5601 392
3981 4214
4563 1106
155 1631
2394 5043
4320 2099
5498 517
3468 2831
5258 6552
4283 1494
2630 1510
124 2163
5431 6691
540 2203
783 4160
5273 6816
2030 6656
2287 6382
2703 3325
2153 1445
4768 5815
5624 1485
1389 902
4879 306
2112 6324
5693 3909
5109 3949
3263 1615
4644 849
296 6952
5697 6996
5044 4775
77 3587
3644 421
767 3562
1853 5884
5486 5264
4362 1515
5421 5076
1701 5303
3573 1141
2643 3492
5094 6516
114 1180
2048 2883
6821 5755
5242 3530
1008 3250
1821 5220
5043 2241
1021 5481
5005 2057
3762 1778
4276 3030
754 3615
237 269
4230 4458
4604 2203
5176 3165
5305 4593
5711 3102
1680 6130
4282 3260
5911 3296
6705 6402
3876 5440
2232 4523
4198 1041
3354 4040
4691 5761
2869 5994
5597 5200
577 5486
4580 2374
2803 6345
1084 3171
3276 1362
2860 4752
2280 2409
4185 6002
2209 4238
3642 924
4910 860
4567 2538
5126 665
1484 3619
4303 2792
5586 6155
6676 780
4524 1132
6962 3305
2685 3607
501 6409
3478 6312
5865 864
2956 6467
829 1369
4764 3504
4774 2054
3134 4137
6693 4332
756 1004
1295 872
3862 3498
548 6152
3023 2221
4404 6248
6653 2347
450 3132
347 6661
5580 1982
1971 5235
3149 3552
4196 5406
4994 5371
5399 2451
4441 3611
1682 128
5341 5002
4522 4313
5323 5665
1041 4629
4783 5744
4811 2313
4890 3527
4733 1754
3427 570
1522 2076
1028 6850
1855 1459
4019 3167
5023 2480
2081 1534
1850 3614
6989 1118
4852 5097
4597 5416
6112 6033
2440 2469
2603 422
5032 3676
5465 2487
328 6616
6258 3700
4209 1170
6617 50
1651 6743
276 5902
3607 4979
5050 3138
3055 6289
1092 953
3658 241
3784 1126
2120 6691
1495 1807
4463 6953
6126 4186
3796 4254
4305 1484
335 6290
5069 2119
4278 510
1371 4689
6855 6594
4373 2527
996 6548
6855 6615
3134 1881
6144 2055
5673 1759
6047 2637
6726 4824
566 2563
3763 1084
6283 4662
1598 6049
4519 4535
2621 1017
4308 6756
4654 6968
3270 980
3895 3495
4245 1792
5868 1044
987 6438
6674 2312
4886 4952
6032 6429
5598 6965
5891 4779
32 1944
4164 225
4307 528
3784 5691
5792 5900
4197 2955
1025 3190
3623 3938
184 1027
5794 5256
3080 1472
6054 5589
3100 3263
6585 2955
1888 22
5394 4210
4669 1622
6455 3562
5236 6018
4634 5083
6355 2004
5467 5902
5418 2135
2408 1687
5216 514
3208 1848
67 2589
6168 4244
2977 2490
4848 2070
2975 5079
5563 4830
6785 2918
6579 1436
2364 5493
1742 264
4839 6742
5408 3965
5958 1697
256 5563
2682 4664 78
5800 731 65
6082 4537 90
6215 6633 77
2477 6962 64
1207 2211 71
2487 4979 84
2404 6395 82
222 2615 68
1079 4062 88
2772 3258 81
6162 3222 69
92 4087 86
5043 2345 63
408 6571 88
6989 5358 60
2771 5464 81
3965 3589 63
2895 4238 63
5306 3126 65
1942 2876 79
2261 3425 65
5379 6411 72
6206 175 85
1742 1653 61
6784 2019 69
3945 3285 62
2139 5219 88
4362 1003 86
1259 1031 75
3136 132 87
4067 672 60
2142 4355 62
3337 504 74
4289 6512 65
1661 6197 64
6847 6507 76
4023 521 68
4488 2919 85
3369 2933 87
5117 2637 81
3837 2589 86
4158 2761 71
6414 4363 87
3795 4695 87
1438 3009 71
1964 3621 80
1270 5477 65
2623 5593 78
1798 1342 62
5341 3477 87
5329 5107 78
5363 827 74
6338 6012 75
5717 5726 65
5593 6312 66
2485 385 86
2295 1171 90
2733 1879 86
6196 6097 66
3335 5209 87
2580 3246 68
6436 6909 73
2833 2279 74
33 4576 61
4445 6329 89
1748 1500 78
2273 6308 74
4684 1429 76
6698 4649 71
5500 32 61
4211 5076 81
4027 6734 89
5455 6198 71
4763 1580 88
1859 4003 79
3473 6712 73
5950 1457 67
1664 6894 71
244 1068 70
5394 1969 83
6571 2111 90
258 490 88
1626 3929 63
1236 3568 73
3846 6930 88
1868 6049 62
1063 5261 64
3079 3806 78
818 4960 86
1 1614 83
3952 1556 84
716 5124 85
6870 1519 83
3857 1194 83
4948 693 85
4934 1068 69
1855 4979 82
3713 4413 79
4300 198 82
416 3319 71
2060 163 90
5700 428 85
696 3659 65
3752 6694 86
3182 6702 87
614 1833 65
5919 5361 71
2165 1690 77
2900 3520 80
4824 3247 65
6499 1183 81
2384 6126 66
1757 4774 89
372 5255 60
1269 3969 85
1548 2383 79
4291 5945 79
6761 5088 75
5254 6207 87
882 1518 66
5068 6340 88
1519 6581 69
3379 2351 72
4772 362 68
496 5918 87
3210 6509 69
4356 5446 81
1420 6951 84
5666 664 71
2053 4500 69
24 3525 76
5102 558 84
5251 4259 61
6348 3584 62
3529 592 63
2208 6037 71
869 2792 70
1767 5771 66
3700 25 66
4965 6587 90
1923 3319 76
2908 6867 66
579 69 78
5047 4037 65
684 6772 62
6000 4179 73
994 1830 64
5270 5561 90
3568 6360 60
200 906 88
836 4357 73
5970 3163 67
6049 716 84
1875 2461 67
6735 6648 78
1280 6582 64
1130 2447 85
4664 6186 68
3131 825 60
1987 5064 67
5490 6882 79
1570 3594 67
394 6764 85
3088 5989 65
2920 2714 65
1949 936 60
501 2884 64
6756 3401 62
4179 2077 69
4041 1955 90
1479 4689 75
6020 6095 70
4283 4203 72
4337 646 70
6625 3951 85
3132 3131 70
1098 4523 88
2946 5503 69
5129 191 85
875 1732 88
6014 5827 71
2490 1052 74
1181 3360 81
5162 4433 84
755 3956 62
6657 3691 74
6301 2224 69
2553 2518 65
2715 4811 60
2914 1231 79
3515 3902 72
6706 5432 72
6757 5839 60
1539 5732 61
6096 1409 69
593 4370 80
6381 110 64
805 6325 71
5042 4873 61
2874 2095 74
2262 6566 87
808 5670 65
5031 5584 61
4105 4622 60
861 5378 65
4931 2483 83
2671 6108 84
602 2750 65
681 2913 88
6878 242 85
3910 618 80
5157 2197 88
5400 6616 61
6190 4672 74
5675 5898 86
3550 382 72
6223 4443 76
5917 4574 74
3659 5211 70
2394 3967 90
3747 4906 61
6062 1120 66
4503 2599 75
3200 1304 60
2268 3133 80
2939 5880 74
54 4900 62
2988 3667 78
1332 4171 68
4670 4902 71
6381 2836 63
5560 6598 78
3411 1821 83
1583 2004 89
3222 316 89
1035 2683 68
1614 1784 68
4258 1666 60
2822 2463 63
4474 4663 78
6386 3941 88
2735 6260 62
3226 2772 69
6214 1212 76
4809 3791 75
2735 3547 72
2565 4447 87
6782 1246 65
596 6236 87
4608 2789 78
676 1977 63
6082 4969 67
6913 5859 68
6060 97 62
3336 4169 65
6555 2407 79
5798 4967 75
966 1411 64
6259 3452 72
4875 6219 76
6971 3596 85
6902 2746 88
1603 1148 69
193 3680 64
2383 6697 87
4202 1530 67
798 2635 66
718 3221 81
2365 2481 66
507 257 64
6386 1691 62
4315 15 86
2137 3771 69
1481 787 68
977 1211 77
1102 867 61
5444 4038 71
1394 5979 71
331 6049 74
855 4662 89
664 1696 66
3740 674 71
5293 1118 85
1037 1658 71
6402 891 84
275 4823 74
4560 5023 80
3491 2151 78
644 5722 83
3724 3318 67
1784 5134 76
3149 6262 87
2325 2030 60
3720 4009 68
1880 4509 74
4067 6980 74
3537 2316 76
1149 5066 68
6130 6231 83
3193 2459 62
6530 396 63
5216 340 79
2155 2396 63
2784 5255 65
4605 5706 80
1846 6981 82
17 4235 61
4739 5501 73
4167 475 81
3929 5795 70
5226 5370 84
3161 4050 63
1033 3832 65
5739 5361 90
3499 4530 73
946 1967 63
1517 4239 73
5878 2209 77
6766 6314 60
365 6377 78
1515 954 90
281 5724 65
5193 1846 62
4449 1673 69
3533 1375 73
5735 4777 86
4857 4380 67
1456 3261 90
6201 562 65
1377 6273 66
4689 1835 63
2872 6454 80
1157 5652 76
1625 4877 74
706 1320 86
2314 5317 71
6721 6980 80
5567 2831 83
4454 4087 86
6815 1069 76
3752 3469 73
3698 6229 73
50 2138 78
4945 2101 72
1803 528 83
6901 928 74
2626 4258 73
3901 894 83
2427 4831 69
794 733 60
2433 1473 69
1559 5871 65
1583 1481 66
3054 2524 65
4867 4028 68
1953 1741 90
6097 3850 89
2124 6860 66
5797 1109 82
2713 5762 77
2290 988 64
424 5597 82
260 6875 60
80 1401 73
1354 4884 68
1190 1478 90
2971 4903 88
6861 3754 62
6374 1838 80
5717 2945 71
6630 6346 61
5843 5972 69
6253 2512 89
4488 1187 65
3415 1619 80
267 1468 87
5012 1809 62
598 2182 61
3966 3414 64
4342 5186 68
2931 5317 84
6492 3718 68
110 4732 78
6297 4815 88
3389 3724 83
5070 5732 79
4843 1997 67
1067 4882 80
359 326 61
3087 4433 75
2958 717 62
3758 5070 79
1274 1667 60
3524 70 66
2863 5102 90
5979 878 72
5530 3838 74
6994 2397 66
3071 5719 61
2974 2351 79
257 2289 77
4718 6532 84
3638 1788 87
3268 5903 78
907 963 75
2231 5534 85
2327 6936 72
4988 1448 80
2651 4090 62
4996 62 90
4717 3040 78
338 1802 83
4144 6080 74
5892 2853 79
4016 1373 66
6105 6843 61
3110 5391 77
2892 3000 87
6963 6336 89
2592 1651 74
6992 6120 75
4689 2171 69
2832 5634 67
6452 565 74
1731 4519 68
3686 1325 77
1276 1870 72
1276 1335 70
5353 1823 65
6703 1630 83
4194 3900 80
3880 4072 63
1329 606 63
150 303 89
5560 3053 72
6944 4912 89
3859 4435 68
783 6653 67
101 5514 60
313 2815 69
1110 1960 68
6741 2458 89
1433 6398 61
2170 2227 62
494 1077 86
5872 6281 70
3725 6017 65
2577 3767 83
5767 6900 82
3245 5737 63
5544 3244 75
687 4560 90
4201 1278 80
2206 456 71
6863 6065 61
3030 5162 81
1499 2796 83
682 2315 80
1570 6325 84
539 6075 61
5040 6060 80
6326 6353 90
2184 2051 69
654 674 79
5073 863 75
3331 1487 76
4718 4281 86
5322 5982 69
3563 5471 74
2429 5722 89
6130 1774 66
556 6909 78
920 6174 88
2122 3982 82
6199 5890 80
2036 5546 61
587 4921 71
5092 6906 90
5383 2902 77
1689 0 77
5802 5122 73
5217 977 69
5837 3754 74
1530 3444 77
3115 539 64
2385 147 83
1427 5440 60
5380 4378 83
3369 6615 62
4827 3435 88
3558 3575 83
4740 2634 86
6845 2986 87
1406 3710 66
875 3731 80
4442 5670 76
3864 6130 60
3865 5563 75
4154 2242 86
6693 1401 90
1232 4778 90
6031 2945 73
1915 800 73
5530 3499 62
3673 2827 75
4065 6518 89
5892 3926 61
4032 4457 88
652 3870 68
6028 3336 76
5332 4856 66
105 2774 74
1631 4136 73
2720 3007 81
2835 4623 80
6909 6987 80
2818 6161 64
6079 979 66
2383 698 65
1149 2911 89
4393 4399 74
1898 345 77
4163 5618 62
3104 4267 68
3398 5642 86
5642 1623 67
1761 716 85
2022 4720 83
5797 3134 86
6580 4367 62
3841 6303 68
3375 212 61
6657 5942 78
1228 4324 78
1197 6792 62
5973 6589 88
1215 738 84
6685 425 76
5173 2929 79
3766 4156 69
6944 2012 86
3294 1966 78
392 3044 64
3998 299 80
3787 2025 65
175 3300 80
3774 5883 62
6666 2851 87
514 2039 80
1257 464 64
1420 4028 69
4307 2605 86
3637 4644 78
4211 4525 66
2892 54 81
6011 280 76
441 4757 83
2601 205 87
190 3056 80
292 746 88
2708 5921 74
4646 4617 88
1474 5043 66
1172 1768 62
3094 1198 62
2239 2696 79
5736 2642 71
2770 4166 63
5655 4001 83
324 154 72
4702 6878 72
6355 286 71
5016 3583 72
4597 726 80
4600 1271 60
5834 2424 78
752 6890 62
5278 119 69
2047 2688 68
2564 1990 85
3830 1339 61
1668 2674 79
4517 5931 72
6130 5756 62
2568 1810 65
4676 5307 79
2304 1440 62
1239 63 76
996 6338 86
1276 5290 71
2488 3405 63
5420 2728 61
4210 4917 76
1612 5032 63
37 5150 64
6506 5265 90
6896 1704 69
3447 4971 90
2241 625 74
3152 979 66
3344 5457 76
2654 4947 68
2506 1304 89
2032 6533 89
326 3204 62
3832 3690 68
5087 1999 62
2534 3568 71
6326 1060 77
3219 666 78
6446 2684 84
5068 3436 74
6808 3619 75
1429 2128 75
5973 1918 79
6273 6987 89
5223 1529 88
985 2327 77
905 3970 60
5316 2144 63
2327 5927 66
6393 6507 70
6752 5266 76
1789 3788 73
4362 6976 83
790 2201 76
6781 798 67
4441 6827 73
5025 3877 74
4055 4120 88
6962 726 85
130 6355 73
5494 4591 69
6 990 90
484 2433 87
3459 3190 77
2520 6834 62
5288 3895 88
1282 2655 81
1475 5247 65
3345 6029 61
2127 5769 84
2 6502 82
122 6902 66
5732 3331 74
6156 843 72
3586 1528 74
585 4061 67
6038 4339 88
5713 4199 86
3225 2160 80
3875 3080 67
3538 5276 66
3674 2199 84
3714 2970 65
2838 457 64
3871 4292 67
1253 2050 79
1686 5482 90
4198 3479 60
3357 6302 83
4869 2860 86
2114 3262 79
2574 2193 74
3973 5094 70
46 6714 75
6808 2252 66
6625 3036 81
72 2482 81
2399 3495 63
4543 6969 71
414 1574 88
6650 6143 71
3679 5654 85
3704 2433 90
1066 6967 83
2010 4119 79
1748 981 85
3598 6978 76
570 6460 76
5607 251 77
2003 2489 63
6942 1267 77
4444 1425 63
5861 1267 73
482 1246 63
5543 5385 86
5592 2153 82
4546 339 62
3532 4141 90
1893 6662 81
4747 2375 83
6415 4603 76
949 3274 62
6261 1492 90
5029 5031 90
2225 4827 77
5633 2369 83
2338 4457 60
3469 895 86
4505 2193 75
5535 5589 68
465 4486 88
3338 4682 64
5170 3275 77
5426 368 61
1300 6721 60
4970 5898 67
2069 368 90
229 6467 76
4739 6332 90
3744 177 88
6053 2216 88
1673 6450 77
458 2224 77
2807 3987 73
6517 1609 62
2989 6658 85
1693 2284 67
1244 3164 66
940 3482 80
2953 6060 84
93 54 87
6303 3012 67
4654 3201 70
6833 6790 78
4086 5867 84
1592 309 82
1886 4290 84
5520 2563 84
148 1285 60
5961 5582 77
3148 4738 70
6556 776 83
4300 2948 69
6203 2839 78
5168 3671 85
2081 626 84
221 2018 87
4185 1844 72
480 759 61
938 5082 80
3873 443 74
6043 6966 67
4867 186 76
3565 5762 65
5159 1220 83
51 1814 80
15 5992 80
5987 531 80
6397 5441 60
3736 3851 89
4012 2466 84
6705 5607 87
1504 1660 87
4396 3251 69
2989 1911 69
398 3872 86
1918 1237 87
4115 5219 60
4023 1726 89
3003 943 80
6990 5153 83
2041 1915 84
5508 1069 67
179 3911 82
1880 2715 82
6507 2863 61
6563 6812 72
4991 5286 68
1886 3052 70
1475 174 82
6980 3377 68
1915 5821 64
112 4441 62
3925 4588 72
2297 825 75
767 269 72
6856 6220 68
3254 4999 76
4788 563 79
6489 5581 80
6612 596 78
4898 5774 69
702 941 79
4204 6361 89
3978 5406 63
4636 3396 81
5273 2479 79
5746 1347 62
3266 890 76
4019 4855 63
180 5161 69
1519 4511 88
6222 5500 78
1711 2864 88
2391 4274 80
834 2979 63
1728 1860 61
5804 1842 69
8 3713 89
3376 6882 82
6061 5282 64
2717 6642 80
2584 5210 73
2704 1356 85
974 5647 63
1377 4421 72
6631 3270 63
1995 1444 66
4238 6683 80
6500 4992 81
3279 3521 75
4040 1152 77
1054 659 89
5780 3594 90
4550 5478 64
6537 6653 72
2141 5015 87
547 5342 65
3730 6504 87
5853 149 71
6946 4567 90
2667 6960 69
1510 6114 64
4124 3678 69
5858 4293 63
1892 2226 83
4853 6977 64
6559 4214 88
1907 5639 73
3286 4425 83
3118 1810 72
5215 6678 79
4712 1116 74
1404 5637 89
5756 6150 79
5596 924 89
5078 3058 75
5696 2002 72
4430 479 60
6335 5645 81
3051 2108 64
24 595 60
1162 5978 88
1728 6002 68
1718 3528 79
1375 353 67
5758 1503 84
4791 850 81
5392 5766 79
4693 3933 81
6327 679 66
5698 3821 77
1561 5604 61
4471 3834 71
3740 3175 66
347 3563 61
5064 4609 77
6956 4036 74
1746 6605 67
6495 3301 68
2130 975 70
4829 4742 67
5101 4192 89
6645 1800 80
5166 4785 80
6451 3451 80
5471 4784 80
2685 5091 73
2531 4736 69
6584 5767 88
6020 2484 73
3863 2805 79
1291 5841 74
3966 2689 63
4320 2305 84
4682 129 74
1611 506 88
685 1517 79
6620 3450 67
167 4298 72
4551 3590 81
3922 5282 71
868 5839 79
6781 4224 76
4016 2886 82
1205 3806 87
4144 4249 61
3305 1205 84
1366 2384 63
3020 3984 84
2164 6205 69
6662 4099 60
232 3458 64
3192 1585 66
3338 3363 73
2275 2910 88
691 4235 74
581 3531 74
2320 4139 67
1127 273 67
6208 1903 72
6903 5521 78
2340 2292 74
4362 6146 87
6994 84 81
6371 3197 73
6844 3883 64
1597 689 71
3578 6049 60
28 746 64
5531 5067 63
5876 1635 65
4112 1004 63
1040 4711 67
3091 3377 69
6147 4087 66
1843 180 64
408 897 64
4752 5098 86
2134 3501 78
2915 269 70
413 4979 88
5458 1454 80
6475 2538 64
1126 6178 72
1968 5316 67
4330 3628 80
6822 2603 75
2700 6406 78
6296 5119 88
4619 2473 70
2146 4202 65
743 5487 88
3991 3964 73
267 6178 61
2685 657 68
2729 6830 65
2304 4617 79
6048 4003 60
1827 6444 74
4221 3188 79
5594 3655 85
4816 5989 75
5040 1658 86
6621 5071 60
3520 2613 83
6622 4813 89
6857 581 90
929 2536 83
5737 4564 75
994 6692 83
900 31 76
801 1912 74
2517 3114 77
6319 6786 74
5532 1298 87
6276 3789 66
4504 2024 87
1273 226 67
1158 1153 70
3463 5946 62
2531 807 78
3382 1049 88
559 3268 64
3339 3911 63
1481 1256 82
1011 2134 75
3536 4756 71
2262 3869 63
6933 4384 81
502 4231 76
5338 6912 68
1050 4241 73
2969 6282 64
3976 71 82
2658 2406 65
6497 196 79
5623 4376 77
3520 6537 60
2351 1739 69
2565 2747 87
2864 1551 83
5547 6741 65
2633 1102 69
4980 1201 62
909 313 72
2838 3734 82
5348 501 62
6070 1570 68
4951 390 67
2130 804 79
4163 787 85
5749 5587 72
4956 2709 65
4579 511 72
6701 7 88
1779 6141 66
