750 770
1889 712
3632 1975
1384 2911
3938 2975
1952 2723
3806 1778
2629 3849
269 98
2539 1721
2987 3190
2183 2029
382 2014
969 2757
1275 3379
1108 3029
1732 1605
2384 2836
627 2999
2688 453
1774 477
2693 2227
1689 2746
2451 744
2159 486
3594 3978
1021 2487
3010 1690
875 2652
3418 701
3949 2945
2585 1361
1390 2603
1866 1089
1348 2283
1105 566
417 2158
2453 531
1171 1765
1803 1894
2803 2546
2903 414
3566 1625
1674 3403
2511 1838
1940 3572
1259 928
820 2097
3217 2198
1082 2785
2973 2387
2281 2236
2784 2170
1219 511
3635 3633
3359 2949
2962 3180
759 93
1844 2873
132 650
2293 488
538 3004
3843 3337
2582 3264
3859 2781
776 1124
934 2154
2936 2058
801 37
2856 1689
920 3063
1650 1871
1759 2671
2424 2070
2597 1644
3708 408
3225 2182
337 2123
3324 3297
47 312
2411 902
2995 85
2912 3878
487 3828
2611 1320
564 3922
2230 2713
1114 1059
1783 1152
2809 1067
1210 666
3194 3869
3422 2681
3111 502
3302 66
1806 3025
151 481
1304 653
1377 3574
1684 3380
2806 1732
3372 1169
3876 560
2378 1713
1688 600
2328 2960
3732 1552
3253 1948
1995 1884
629 2478
1445 1054
3743 2634
798 2576
1527 1873
3359 755
2522 3456
2121 1128
3735 2552
3002 3783
1550 1107
1495 3467
3059 494
1837 2051
1488 273
1008 2579
1992 2017
1790 3983
1117 1362
734 3042
815 3157
1094 1913
2351 3136
2033 2767
435 3961
2383 1932
530 1302
3025 1640
2431 2071
300 3838
2362 2575
1978 74
9 3949
2587 2001
3425 3118
1349 1608
2968 747
1368 3141
2681 944
3620 702
1509 613
2275 2593
1729 2333
1318 2057
2666 841
2150 3864
3273 2888
2134 254
2469 471
486 3240
2218 1712
2460 667
3449 854
897 3790
3268 2721
997 3407
734 1864
2327 524
3103 2066
1010 2272
354 1152
1269 2495
2229 3282
2213 2931
1145 1956
701 1976
3197 389
3272 783
1885 769
444 794
2290 2428
126 1653
1464 2156
2469 877
790 277
1209 841
3234 481
3161 1900
3901 3999
2476 1532
2697 1631
1385 1207
1655 1061
1885 1148
2330 3580
2660 215
161 1133
3620 86
1028 3203
3896 1773
412 3121
384 1636
885 2235
2387 630
1999 964
3870 535
1539 3540
2949 96
2967 1986
3212 1320
2189 3696
2767 3490
2109 2177
3687 371
2536 2673
2768 254
1397 163
2030 1295
728 3280
1886 922
3045 2194
2450 1007
484 1267
1815 1282
1486 2208
2735 1491
1548 1848
87 3056
1041 3167
2379 47
1076 1521
1728 3279
1285 3721
770 1671
99 3467
3719 2507
1064 2089
3741 1897
634 8
3875 1241
2339 1455
1302 2160
2353 288
2099 658
3250 2343
1799 29
3660 2229
1936 2398
3449 2309
82 3594
1129 1271
3487 3751
1510 205
3766 988
1484 1961
2612 338
1229 2915
2010 17
542 629
3666 1909
3874 198
344 1767
3095 175
3233 2945
3036 2471
2491 3936
90 914
61 2071
2819 296
3184 2092
3986 1697
3206 868
3704 3608
1753 3911
3632 3077
685 1546
2216 3944
3886 43
1792 2436
2029 1031
922 1924
3562 2462
1105 1464
846 505
2756 2006
2975 2817
2883 927
220 3215
381 3705
3552 1658
801 2405
530 392
3687 1354
3151 1176
3771 1793
1725 3075
801 2432
50 2161
3002 3478
778 2427
2700 698
3520 2395
1792 617
2765 2297
3184 3148
1677 2587
1367 489
3301 2210
2698 3706
1801 920
3089 492
1514 236
1591 1586
554 1584
3076 3731
2442 3522
2291 3934
1714 184
3991 1304
570 3454
2430 3060
3962 3619
1590 3923
2755 993
1663 2277
342 1699
3666 805
781 1957
2800 2521
789 1641
3551 1097
2811 2635
405 2967
971 3144
3310 624
425 3430
1267 2429
2600 2993
3380 1508
393 3392
417 2426
3375 397
3121 2678
852 585
3854 690
1866 752
258 2375
3377 689
1876 2795
1624 463
1281 1897
656 1766
3999 653
3705 843
2816 2300
879 616
3382 1656
1970 2938
374 946
1968 953
1314 3667
2488 2594
180 763
2633 3701
2683 1417
1852 2823
868 2164
3741 3351
601 3081
1210 2722
239 2613
1118 3996
1068 2726
2317 2621
1538 3916
3817 3863
1949 697
427 113
2157 2852
3070 218
454 3714
2819 3654
1941 1013
2141 574
1723 2975
3377 3997
1444 1856
793 1243
1969 2947
1673 3558
2716 1480
2055 2528
3149 2705
1875 3216
3070 2678
211 1751
2364 3890
23 644
403 2892
1689 2337
1098 2067
2023 494
1994 1065
2635 3859
1302 1121
3373 2079
2494 1879
327 1615
306 2002
1336 3014
2222 2008
1282 2258
1337 468
2583 1193
489 327
1922 1958
3821 2902
1571 792
1764 2291
2911 1939
820 1776
3071 1203
1538 1992
1693 1556
2831 17
1392 3521
1316 995
54 2177
3288 1420
3538 1631
125 3093
3398 1509
2204 2431
3552 3678
3680 618
2774 804
2654 1558
3076 2587
2074 1826
1765 2716
792 2210
2531 1532
3638 3889
1385 3080
3999 1893
2865 3540
383 2938
970 3092
500 317
2718 1430
1361 2811
2864 1293
3418 1121
1147 3948
491 3866
352 536
3788 2024
1709 3999
634 1589
1283 3591
2490 2521
616 3042
3118 3866
3221 1367
3897 2537
2113 3283
2882 1526
2947 3543
612 1700
3877 1751
1058 1184
3547 327
1511 2221
3576 3376
2695 1306
3081 3746
3393 226
36 2858
3445 71
2003 2364
3212 1798
3938 2466
3878 1836
1702 518
614 605
990 2361
668 1563
1048 2648
3664 2546
2033 501
696 1117
3331 1219
2367 3323
1198 1221
1211 3270
2922 3632
364 3021
3872 29
3286 3857
3221 1679
2297 1333
2942 3793
2207 1206
773 2532
267 3719
1390 2734
2832 964
3552 1126
347 1655
3598 359
2475 3923
99 3257
2969 2060
2908 711
69 2119
1331 1580
1919 3784
2943 2678
3704 2596
1249 537
3237 2716
2779 3110
2245 1204
602 388
3622 583
3655 1372
2576 3991
1011 880
2786 1687
1620 3136
2711 1363
3503 1871
1993 2762
2696 286
1682 2918
2996 2058
364 3900
1444 2335
1663 1339
3707 891
329 2030
2598 2673
1616 2362
3943 1090
2459 3678
2316 3407
1240 2899
1141 240
728 575
2425 3513
1334 1927
2223 1673
1256 2865
559 3941
1340 2784
3676 116
3464 3446
2685 199
861 2772
530 978
725 3523
3098 3528
3567 1483
3140 3531
2761 2936
2755 3043
522 2459
1057 2637
271 3629
818 2336
3682 3695
168 3923
875 3705
368 1507
3454 2020
1563 14
3841 754
1766 3836
755 2459
3944 3061
2757 1480
2130 1525
3707 901
2497 3921
2257 2780
114 3232
841 2841
3662 1206
1220 3082
3062 565
3704 132
1787 2678
2841 485
1393 526
2952 386
177 2406
1564 2600
2190 2977
3373 2036
1371 1527
1415 595
3199 573
235 104
1843 3956
2962 3086
271 761
2101 3671
948 3665
2951 844
1012 3840
31 2834
104 2683
2226 558
2681 468
2139 20
3357 2604
1826 1357
785 940
988 1465
12 1879
1864 1654
1896 3287
3799 825
426 3880
877 1663
3839 2872
2794 148
718 91
935 1886
2359 1292
3319 1876
2144 627
2495 3151
2532 2507
768 574
468 3258
3174 3082
360 2715
2800 3870
2814 1272
2268 2466
1457 985
3175 1576
598 1442
2976 418
2680 1057
2208 2272
2360 1725
2582 1700
2480 2557
3655 2091
1091 2201
401 545
2896 31
3519 2152
2582 3813
701 1115
2423 870
2971 1222
1938 2347
2220 2709
2239 186
2969 121
392 3339
454 3568
1928 1437
1145 2733
969 1276
2639 623
3994 2329
1850 404
1946 3004
2208 3181
2760 725
1676 1480
2966 1648
912 2978
2937 986
1389 639
738 2030
3829 881
3281 3848
380 836
2836 898
3569 2703
1100 2094
3544 2334
978 200
976 2755
1657 70
1208 1902
190 1116
1419 1400
1705 1416
3767 2349
2469 3827
344 2709
3964 393
738 3474
3970 2745
2366 2474
2040 1342
247 3585
2304 1266
3356 2559
341 1616
1183 2762
1849 1116
1040 485
1119 3460
1692 1825
887 2984
2377 1596
3912 2765
1955 3295
2935 692
2980 3832
3753 2810
1953 3578
407 2830
2131 441
2457 2973
1427 1303
2503 2524
3340 603
1972 3406
1129 1949
3952 1493
2674 1948
3275 2751
3601 3945
2629 3563
377 1241
3497 3146
562 254
172 1445
3309 2228
524 602
741 2368
274 1505
2901 3933
3879 905
26 38
694 1087
1709 3938
637 752
535 1202
819 260
3938 3654
3253 504
1508 736
925 2647
653 2003 44
2485 1215 32
162 2733 51
2826 1558 42
1581 2295 60
2044 621 43
2355 994 31
160 2616 36
771 1859 31
1098 888 55
3963 2054 55
1805 1221 54
881 2451 53
3212 918 45
213 1812 56
2877 1019 41
3981 1353 34
3076 3346 55
1957 2795 38
791 194 56
3304 3413 51
2160 911 58
943 1223 39
2469 2456 33
3063 2109 40
2690 2050 43
3480 2953 51
2393 3951 44
1210 1376 40
3319 1455 42
3137 2760 33
3416 1457 49
3913 1900 47
474 2156 44
2476 3329 33
517 775 39
461 3648 39
748 1752 58
2088 1016 54
3131 246 44
1125 1439 31
69 745 31
884 1320 37
3001 647 37
2111 1399 32
3143 554 41
3705 659 37
2861 2596 55
776 2630 42
2363 2157 38
680 2646 35
691 1215 50
1722 2048 57
2044 1976 32
593 2519 33
2154 3948 35
2405 3361 39
1676 2148 39
1523 1776 53
1090 3250 43
2735 1633 32
818 548 44
2200 1828 36
1424 322 32
1479 11 55
534 905 48
1875 1445 31
3090 2985 39
1561 91 51
946 2711 46
40 2765 30
2740 617 37
3389 2315 52
164 3990 34
3286 420 37
203 3254 32
474 3332 30
1291 3976 49
3231 2636 43
3646 1320 35
1054 294 44
2456 2314 35
3009 2978 34
1163 3901 44
8 3844 42
359 3564 49
1326 2548 59
3912 3578 49
3495 663 43
1963 2657 31
3084 2869 31
3597 3820 56
3695 760 53
1232 1487 59
1836 2742 47
3370 1220 37
286 1694 42
736 3227 48
2192 1346 45
1445 3229 42
402 2103 36
528 1508 59
971 624 45
1943 1232 34
3617 2470 46
733 430 42
222 304 49
1530 2530 52
1702 271 48
2390 1424 59
2599 2312 30
477 2495 31
2598 443 51
3938 2525 37
3791 2083 41
3997 3895 33
1021 2687 32
2751 1828 59
1449 1679 50
1432 1102 45
1807 2380 34
3608 632 42
686 3700 57
3839 3002 58
1671 3118 45
3201 1461 33
1214 1723 30
414 1923 45
3447 3272 53
3402 3469 46
238 2027 58
3880 428 39
2327 2315 31
2023 2976 44
1930 663 30
922 3450 54
2251 1049 40
1932 3241 52
757 3327 50
2496 531 33
3611 1828 53
3687 3648 31
3694 3421 30
3760 2405 32
167 224 45
3468 1067 42
2098 3626 43
2082 329 32
1343 817 43
3611 294 44
149 563 32
1925 1559 52
2031 1162 54
1943 3132 52
2684 3946 54
656 1061 42
72 2617 32
2342 1856 54
3159 2597 31
936 3833 32
2253 438 50
1157 8 51
2915 481 36
1439 3396 37
2877 1883 57
2856 1448 43
3858 157 39
351 389 58
3023 1493 36
2703 1532 34
2220 2206 60
1436 2032 45
423 1458 50
3120 3734 33
1759 3784 35
3905 1465 31
83 2198 33
8 689 46
3402 3752 38
957 1783 44
1631 527 30
588 1233 30
113 350 42
2937 3583 34
2587 1582 36
1737 2880 58
2801 2813 48
1534 3601 52
331 605 37
3835 1729 35
940 2333 43
1542 1245 41
3439 2842 30
3334 2477 49
3191 3733 38
2951 928 57
3262 2121 31
3910 1040 42
1986 2552 57
189 1708 42
1888 973 35
2643 873 30
2068 477 40
3257 3143 45
1908 35 48
1726 3455 34
1044 2526 41
674 2337 51
1584 3324 59
3845 1503 38
1563 708 45
1747 352 38
2636 162 42
1042 1991 31
1795 1071 47
1000 536 45
3698 331 41
2511 2901 52
2042 3934 32
3770 1472 31
2212 282 60
1331 914 40
3564 427 52
1520 1572 55
3528 2850 41
661 2211 43
713 135 33
3390 95 35
2598 799 49
2151 1951 51
583 1650 56
3077 1844 49
1790 980 41
1118 3553 48
2053 768 34
2455 3485 30
1447 3928 59
2566 942 42
3399 1000 41
2532 3046 54
843 3999 43
1094 786 41
205 1415 31
1848 2111 55
3965 1212 60
750 40 42
708 3412 33
3426 205 33
980 3180 30
2319 1169 44
2323 877 40
3764 1960 38
3136 330 33
2352 1545 52
1269 2747 46
2681 1722 59
1587 604 53
3061 881 37
191 3136 41
2638 3267 54
1217 2828 49
3706 2256 40
627 271 31
3338 3001 44
3984 2651 34
1069 1018 58
2244 3482 47
1252 1604 58
1323 3129 35
2709 2539 33
1008 353 30
588 202 48
3305 2667 36
38 2369 60
2251 1623 44
1853 850 53
675 2479 41
3177 639 48
1938 2887 51
276 1151 58
2881 3989 49
2218 2362 53
2531 3598 41
1459 2276 57
2737 1965 42
3761 138 44
2874 196 53
2847 3590 46
3045 3830 38
2814 3802 46
2026 1710 41
894 793 59
3265 1224 34
4 830 35
3310 978 50
3566 1433 30
2866 802 53
2938 52 41
3339 1938 35
1429 919 34
1311 1354 53
571 509 60
536 347 36
2598 1055 59
1760 1716 34
1382 2989 34
2080 2412 36
1617 817 47
1691 952 53
3882 2235 42
1678 3244 36
3358 548 34
1326 3762 45
2499 644 33
1170 3006 42
2478 3738 42
2553 2365 30
3246 326 49
565 2055 35
3858 2458 37
612 3305 45
3581 785 53
2737 2904 33
2143 812 35
187 3519 54
2235 650 48
3689 2833 58
1429 3550 37
3435 1905 51
3704 2061 32
438 1207 30
1504 492 31
6 3108 33
2012 3415 31
762 2903 30
2616 1414 39
1714 701 49
958 1323 34
3021 3655 53
3797 57 34
3439 508 45
445 597 48
494 2653 30
1563 275 33
625 1320 36
623 3923 52
3446 1767 46
3045 329 57
3108 773 60
781 2977 40
217 2494 37
1920 1730 32
1683 114 42
636 662 39
886 384 38
601 3638 39
3932 1559 39
764 327 30
2910 3054 34
2187 3102 48
76 2492 45
966 2526 34
3932 50 46
3435 2619 54
3844 3980 50
2645 3636 46
471 2793 35
78 174 39
806 3607 45
2852 2370 57
1531 3128 37
3990 3362 48
1198 265 53
2443 1861 43
3188 2871 57
3992 3728 41
2506 2774 53
653 2980 32
2068 1558 46
3006 2737 43
2767 2446 48
1645 1262 55
2733 1048 41
2174 1156 54
3795 2849 44
1467 115 34
90 1101 51
3583 3454 43
286 1375 44
3795 714 48
1666 2539 48
3141 1641 59
1720 2262 49
905 1692 35
8 1019 45
3462 2228 40
934 139 33
3425 365 50
1625 3747 49
1360 2672 37
1645 3013 34
3534 2510 40
3486 2770 40
1048 2809 38
1585 2452 33
856 2363 33
1684 1670 34
575 991 46
1705 474 39
3709 3538 52
996 3300 51
2698 3569 33
389 1327 46
806 3069 42
1766 2163 35
2390 813 39
1564 2913 51
596 2449 34
484 3741 38
148 923 37
2111 1812 36
2281 3834 48
3560 2620 50
3358 1326 45
3326 3649 48
1781 3086 46
1906 3527 53
2276 135 37
3724 973 41
95 1750 36
128 73 37
3242 3932 51
320 1804 30
2607 573 51
508 1363 58
2102 2580 53
2350 2021 42
3124 2371 41
1220 1276 33
980 2093 57
2945 2433 36
830 3210 31
1940 501 54
3699 1073 49
3948 2165 37
48 3619 35
2393 942 30
1977 1785 42
543 3053 37
462 426 55
3739 222 37
3438 3863 50
3787 1647 40
163 3773 47
1862 3160 32
1003 3916 49
3744 471 49
303 3124 52
1257 2163 44
3249 113 45
3519 2289 38
2142 3357 54
1590 1872 45
2693 3152 42
3813 3687 51
1751 1344 40
2582 1955 35
585 2690 59
113 1219 40
2217 2058 41
2953 285 40
3719 3761 52
361 108 32
3703 2720 34
3163 450 53
2353 90 36
3414 3031 31
234 3042 44
716 1516 41
759 2766 49
3159 1086 39
57 3387 39
3950 2398 60
3422 12 40
2889 2065 45
1530 1041 46
3263 3050 38
3914 3277 47
2732 210 40
3637 897 43
3902 2818 36
1099 131 51
857 1906 60
1153 2053 53
2046 3520 40
1123 1608 41
2756 2229 59
3283 3242 52
1554 2101 55
689 1615 40
3305 2041 52
2570 2065 58
235 532 58
3063 42 59
2231 2530 44
2589 103 31
339 2419 52
2044 3767 57
1609 1352 39
1253 1044 53
3894 3758 53
1864 1936 30
3023 2619 54
3421 3381 33
270 2153 58
3205 3834 33
820 1007 37
1415 2170 43
2386 2238 32
3807 350 43
1831 3478 35
2099 1253 49
413 2695 51
415 3045 55
1276 3229 54
2646 2630 46
3658 532 46
2194 2789 52
316 3374 59
1153 639 44
2955 1697 32
3508 3342 35
1614 411 37
2256 3332 32
2218 753 41
1340 3892 32
1515 844 51
1632 1466 43
3504 977 37
3166 1235 59
67 1393 36
290 2759 60
3681 3295 43
2121 1484 32
1084 1319 50
3222 2485 56
2057 2289 55
2756 944 42
957 1067 50
2390 3017 38
3527 1215 57
2704 3018 41
647 444 40
2121 2081 53
1077 3141 31
94 2999 35
528 1873 54
2507 211 45
824 1174 35
3709 30 42
992 1583 46
2393 2697 30
3618 2975 60
759 2131 54
2413 2533 34
2263 3620 59
1812 1611 34
1848 2296 33
3248 3527 55
1744 1888 37
3337 1546 31
3202 1938 42
883 2901 51
2529 69 35
697 799 59
292 1476 31
417 3195 40
1834 253 53
2287 3976 39
141 2373 34
75 3906 47
3088 3589 33
3354 1101 56
111 1994 47
1855 1829 59
3786 1178 31
4 2164 39
395 1772 45
1193 2664 53
2794 530 55
2992 1071 47
3761 3891 59
1398 1459 56
3618 1675 60
859 702 37
2614 3772 38
2887 1333 30
2033 3271 53
1988 907 30
1071 696 50
3276 2799 31
3174 3322 39
42 1455 30
230 18 35
3542 3608 58
1589 3848 46
420 930 34
3113 1411 47
3754 888 35
1884 3884 58
2928 2154 37
3323 1643 47
3114 1536 34
2048 1882 40
619 3151 49
2865 1183 60
2222 1442 45
1437 3737 39
1155 2332 60
3606 1536 57
2291 2870 59
2297 1731 44
1480 2799 52
2553 331 30
2183 165 52
3452 3953 32
2885 3205 30
3913 1688 51
531 3834 41
3505 837 35
1152 3674 38
3249 2390 37
2622 2519 53
3168 79 36
379 1569 59
2977 1922 46
1988 247 31
2384 1650 52
2704 376 57
2743 3650 46
2368 3726 32
1303 315 45
475 2324 48
44 401 38
3539 69 55
1323 2378 58
1130 1849 44
992 3693 47
3605 2343 48
1819 2607 53
3244 2239 36
788 894 44
353 2855 43
609 3407 55
1983 2421 46
2083 132 50
839 2252 46
3572 2209 30
3064 1980 48
1746 3635 59
3003 1268 50
1145 512 37
3879 3161 55
2175 3570 39
3957 1780 37
3356 844 49
688 2861 30
2644 1886 36
2943 1528 33
3819 1319 50
2726 2624 34
856 2689 31
1277 751 36
2503 1747 41
863 1598 47
156 3372 32
998 1162 37
2 2974 53
491 3445 53
2560 3910 31
593 82 56
2468 2644 32
1472 554 33
166 2940 35
3124 3494 35
2751 3306 53
1112 382 47
80 1613 57
280 1285 35
1233 3140 40
1312 1719 38
2876 2945 45
1417 716 44
1309 2006 51
1849 3727 51
3868 3474 52
2249 2655 31
2348 219 58
3242 1117 45
286 704 53
202 1030 36
359 1860 30
956 920 60
2511 3989 42
2866 325 46
2163 3817 34
1314 1230 45
440 261 46
2513 1421 43
3430 2103 51
1094 1765 41
2629 2235 33
121 2855 41
545 2603 31
381 1047 42
1359 2882 37
1540 2693 40
1701 2651 33
879 3742 36
2481 1594 52
183 3623 49
2497 2170 60
3855 2662 60
2173 1656 35
2391 2404 45
1853 591 33
2744 117 51
2804 3051 44
2452 1492 31
2157 2286 37
3834 1881 33
3269 1837 31
2985 2503 30
2610 2943 30
77 1874 39
2392 685 46
2908 3359 53
2261 3230 60
2917 597 48
2714 20 46
2937 3459 45
1781 65 33
1221 3571 54
1826 359 33
3783 592 31
2683 3488 30
395 2216 40
1413 465 33
1157 3331 38
2644 2799 35
1086 3736 44
2127 387 33
6 1762 46
2603 3466 43
1692 3866 51
329 3245 58
3071 2522 48
2316 3083 54
3990 3098 39
3051 3199 31
3189 1362 32
1661 1786 47
316 3765 59
3021 2249 32
3480 3672 30
1920 3371 57
664 1403 46
87 3158 45
3927 739 45
2423 3215 31
