1000 1000
0 10
8 10
16 10
24 10
32 10
40 10
48 10
56 10
64 10
72 10
80 10
88 10
96 10
104 10
112 10
120 10
128 10
136 10
144 10
152 10
160 10
168 10
176 10
184 10
192 10
200 10
208 10
216 10
224 10
232 10
240 10
248 10
256 10
264 10
272 10
280 10
288 10
296 10
304 10
312 10
320 10
328 10
336 10
344 10
352 10
360 10
368 10
376 10
384 10
392 10
400 10
408 10
416 10
424 10
432 10
440 10
448 10
456 10
464 10
472 10
480 10
488 10
496 10
504 10
512 10
520 10
528 10
536 10
544 10
552 10
560 10
568 10
576 10
584 10
592 10
600 10
608 10
616 10
624 10
632 10
640 10
648 10
656 10
664 10
672 10
680 10
688 10
696 10
704 10
712 10
720 10
728 10
736 10
744 10
752 10
760 10
768 10
776 10
784 10
792 10
800 10
808 10
816 10
824 10
832 10
840 10
848 10
856 10
864 10
872 10
880 10
888 10
896 10
904 10
912 10
920 10
928 10
936 10
944 10
952 10
960 10
968 10
976 10
984 10
992 10
1000 10
1008 10
1016 10
1024 10
1032 10
1040 10
1048 10
1056 10
1064 10
1072 10
1080 10
1088 10
1096 10
1104 10
1112 10
1120 10
1128 10
1136 10
1144 10
1152 10
1160 10
1168 10
1176 10
1184 10
1192 10
1200 10
1208 10
1216 10
1224 10
1232 10
1240 10
1248 10
1256 10
1264 10
1272 10
1280 10
1288 10
1296 10
1304 10
1312 10
1320 10
1328 10
1336 10
1344 10
1352 10
1360 10
1368 10
1376 10
1384 10
1392 10
1400 10
1408 10
1416 10
1424 10
1432 10
1440 10
1448 10
1456 10
1464 10
1472 10
1480 10
1488 10
1496 10
1504 10
1512 10
1520 10
1528 10
1536 10
1544 10
1552 10
1560 10
1568 10
1576 10
1584 10
1592 10
1600 10
1608 10
1616 10
1624 10
1632 10
1640 10
1648 10
1656 10
1664 10
1672 10
1680 10
1688 10
1696 10
1704 10
1712 10
1720 10
1728 10
1736 10
1744 10
1752 10
1760 10
1768 10
1776 10
1784 10
1792 10
1800 10
1808 10
1816 10
1824 10
1832 10
1840 10
1848 10
1856 10
1864 10
1872 10
1880 10
1888 10
1896 10
1904 10
1912 10
1920 10
1928 10
1936 10
1944 10
1952 10
1960 10
1968 10
1976 10
1984 10
1992 10
2000 10
2008 10
2016 10
2024 10
2032 10
2040 10
2048 10
2056 10
2064 10
2072 10
2080 10
2088 10
2096 10
2104 10
2112 10
2120 10
2128 10
2136 10
2144 10
2152 10
2160 10
2168 10
2176 10
2184 10
2192 10
2200 10
2208 10
2216 10
2224 10
2232 10
2240 10
2248 10
2256 10
2264 10
2272 10
2280 10
2288 10
2296 10
2304 10
2312 10
2320 10
2328 10
2336 10
2344 10
2352 10
2360 10
2368 10
2376 10
2384 10
2392 10
2400 10
2408 10
2416 10
2424 10
2432 10
2440 10
2448 10
2456 10
2464 10
2472 10
2480 10
2488 10
2496 10
2504 10
2512 10
2520 10
2528 10
2536 10
2544 10
2552 10
2560 10
2568 10
2576 10
2584 10
2592 10
2600 10
2608 10
2616 10
2624 10
2632 10
2640 10
2648 10
2656 10
2664 10
2672 10
2680 10
2688 10
2696 10
2704 10
2712 10
2720 10
2728 10
2736 10
2744 10
2752 10
2760 10
2768 10
2776 10
2784 10
2792 10
2800 10
2808 10
2816 10
2824 10
2832 10
2840 10
2848 10
2856 10
2864 10
2872 10
2880 10
2888 10
2896 10
2904 10
2912 10
2920 10
2928 10
2936 10
2944 10
2952 10
2960 10
2968 10
2976 10
2984 10
2992 10
3000 10
3008 10
3016 10
3024 10
3032 10
3040 10
3048 10
3056 10
3064 10
3072 10
3080 10
3088 10
3096 10
3104 10
3112 10
3120 10
3128 10
3136 10
3144 10
3152 10
3160 10
3168 10
3176 10
3184 10
3192 10
3200 10
3208 10
3216 10
3224 10
3232 10
3240 10
3248 10
3256 10
3264 10
3272 10
3280 10
3288 10
3296 10
3304 10
3312 10
3320 10
3328 10
3336 10
3344 10
3352 10
3360 10
3368 10
3376 10
3384 10
3392 10
3400 10
3408 10
3416 10
3424 10
3432 10
3440 10
3448 10
3456 10
3464 10
3472 10
3480 10
3488 10
3496 10
3504 10
3512 10
3520 10
3528 10
3536 10
3544 10
3552 10
3560 10
3568 10
3576 10
3584 10
3592 10
3600 10
3608 10
3616 10
3624 10
3632 10
3640 10
3648 10
3656 10
3664 10
3672 10
3680 10
3688 10
3696 10
3704 10
3712 10
3720 10
3728 10
3736 10
3744 10
3752 10
3760 10
3768 10
3776 10
3784 10
3792 10
3800 10
3808 10
3816 10
3824 10
3832 10
3840 10
3848 10
3856 10
3864 10
3872 10
3880 10
3888 10
3896 10
3904 10
3912 10
3920 10
3928 10
3936 10
3944 10
3952 10
3960 10
3968 10
3976 10
3984 10
3992 10
4000 10
4008 10
4016 10
4024 10
4032 10
4040 10
4048 10
4056 10
4064 10
4072 10
4080 10
4088 10
4096 10
4104 10
4112 10
4120 10
4128 10
4136 10
4144 10
4152 10
4160 10
4168 10
4176 10
4184 10
4192 10
4200 10
4208 10
4216 10
4224 10
4232 10
4240 10
4248 10
4256 10
4264 10
4272 10
4280 10
4288 10
4296 10
4304 10
4312 10
4320 10
4328 10
4336 10
4344 10
4352 10
4360 10
4368 10
4376 10
4384 10
4392 10
4400 10
4408 10
4416 10
4424 10
4432 10
4440 10
4448 10
4456 10
4464 10
4472 10
4480 10
4488 10
4496 10
4504 10
4512 10
4520 10
4528 10
4536 10
4544 10
4552 10
4560 10
4568 10
4576 10
4584 10
4592 10
4600 10
4608 10
4616 10
4624 10
4632 10
4640 10
4648 10
4656 10
4664 10
4672 10
4680 10
4688 10
4696 10
4704 10
4712 10
4720 10
4728 10
4736 10
4744 10
4752 10
4760 10
4768 10
4776 10
4784 10
4792 10
4800 10
4808 10
4816 10
4824 10
4832 10
4840 10
4848 10
4856 10
4864 10
4872 10
4880 10
4888 10
4896 10
4904 10
4912 10
4920 10
4928 10
4936 10
4944 10
4952 10
4960 10
4968 10
4976 10
4984 10
4992 10
5000 10
5008 10
5016 10
5024 10
5032 10
5040 10
5048 10
5056 10
5064 10
5072 10
5080 10
5088 10
5096 10
5104 10
5112 10
5120 10
5128 10
5136 10
5144 10
5152 10
5160 10
5168 10
5176 10
5184 10
5192 10
5200 10
5208 10
5216 10
5224 10
5232 10
5240 10
5248 10
5256 10
5264 10
5272 10
5280 10
5288 10
5296 10
5304 10
5312 10
5320 10
5328 10
5336 10
5344 10
5352 10
5360 10
5368 10
5376 10
5384 10
5392 10
5400 10
5408 10
5416 10
5424 10
5432 10
5440 10
5448 10
5456 10
5464 10
5472 10
5480 10
5488 10
5496 10
5504 10
5512 10
5520 10
5528 10
5536 10
5544 10
5552 10
5560 10
5568 10
5576 10
5584 10
5592 10
5600 10
5608 10
5616 10
5624 10
5632 10
5640 10
5648 10
5656 10
5664 10
5672 10
5680 10
5688 10
5696 10
5704 10
5712 10
5720 10
5728 10
5736 10
5744 10
5752 10
5760 10
5768 10
5776 10
5784 10
5792 10
5800 10
5808 10
5816 10
5824 10
5832 10
5840 10
5848 10
5856 10
5864 10
5872 10
5880 10
5888 10
5896 10
5904 10
5912 10
5920 10
5928 10
5936 10
5944 10
5952 10
5960 10
5968 10
5976 10
5984 10
5992 10
6000 10
6008 10
6016 10
6024 10
6032 10
6040 10
6048 10
6056 10
6064 10
6072 10
6080 10
6088 10
6096 10
6104 10
6112 10
6120 10
6128 10
6136 10
6144 10
6152 10
6160 10
6168 10
6176 10
6184 10
6192 10
6200 10
6208 10
6216 10
6224 10
6232 10
6240 10
6248 10
6256 10
6264 10
6272 10
6280 10
6288 10
6296 10
6304 10
6312 10
6320 10
6328 10
6336 10
6344 10
6352 10
6360 10
6368 10
6376 10
6384 10
6392 10
6400 10
6408 10
6416 10
6424 10
6432 10
6440 10
6448 10
6456 10
6464 10
6472 10
6480 10
6488 10
6496 10
6504 10
6512 10
6520 10
6528 10
6536 10
6544 10
6552 10
6560 10
6568 10
6576 10
6584 10
6592 10
6600 10
6608 10
6616 10
6624 10
6632 10
6640 10
6648 10
6656 10
6664 10
6672 10
6680 10
6688 10
6696 10
6704 10
6712 10
6720 10
6728 10
6736 10
6744 10
6752 10
6760 10
6768 10
6776 10
6784 10
6792 10
6800 10
6808 10
6816 10
6824 10
6832 10
6840 10
6848 10
6856 10
6864 10
6872 10
6880 10
6888 10
6896 10
6904 10
6912 10
6920 10
6928 10
6936 10
6944 10
6952 10
6960 10
6968 10
6976 10
6984 10
6992 10
7000 10
7008 10
7016 10
7024 10
7032 10
7040 10
7048 10
7056 10
7064 10
7072 10
7080 10
7088 10
7096 10
7104 10
7112 10
7120 10
7128 10
7136 10
7144 10
7152 10
7160 10
7168 10
7176 10
7184 10
7192 10
7200 10
7208 10
7216 10
7224 10
7232 10
7240 10
7248 10
7256 10
7264 10
7272 10
7280 10
7288 10
7296 10
7304 10
7312 10
7320 10
7328 10
7336 10
7344 10
7352 10
7360 10
7368 10
7376 10
7384 10
7392 10
7400 10
7408 10
7416 10
7424 10
7432 10
7440 10
7448 10
7456 10
7464 10
7472 10
7480 10
7488 10
7496 10
7504 10
7512 10
7520 10
7528 10
7536 10
7544 10
7552 10
7560 10
7568 10
7576 10
7584 10
7592 10
7600 10
7608 10
7616 10
7624 10
7632 10
7640 10
7648 10
7656 10
7664 10
7672 10
7680 10
7688 10
7696 10
7704 10
7712 10
7720 10
7728 10
7736 10
7744 10
7752 10
7760 10
7768 10
7776 10
7784 10
7792 10
7800 10
7808 10
7816 10
7824 10
7832 10
7840 10
7848 10
7856 10
7864 10
7872 10
7880 10
7888 10
7896 10
7904 10
7912 10
7920 10
7928 10
7936 10
7944 10
7952 10
7960 10
7968 10
7976 10
7984 10
7992 10
4 10 2
12 10 2
20 10 2
28 10 2
36 10 2
44 10 2
52 10 2
60 10 2
68 10 2
76 10 2
84 10 2
92 10 2
100 10 2
108 10 2
116 10 2
124 10 2
132 10 2
140 10 2
148 10 2
156 10 2
164 10 2
172 10 2
180 10 2
188 10 2
196 10 2
204 10 2
212 10 2
220 10 2
228 10 2
236 10 2
244 10 2
252 10 2
260 10 2
268 10 2
276 10 2
284 10 2
292 10 2
300 10 2
308 10 2
316 10 2
324 10 2
332 10 2
340 10 2
348 10 2
356 10 2
364 10 2
372 10 2
380 10 2
388 10 2
396 10 2
404 10 2
412 10 2
420 10 2
428 10 2
436 10 2
444 10 2
452 10 2
460 10 2
468 10 2
476 10 2
484 10 2
492 10 2
500 10 2
508 10 2
516 10 2
524 10 2
532 10 2
540 10 2
548 10 2
556 10 2
564 10 2
572 10 2
580 10 2
588 10 2
596 10 2
604 10 2
612 10 2
620 10 2
628 10 2
636 10 2
644 10 2
652 10 2
660 10 2
668 10 2
676 10 2
684 10 2
692 10 2
700 10 2
708 10 2
716 10 2
724 10 2
732 10 2
740 10 2
748 10 2
756 10 2
764 10 2
772 10 2
780 10 2
788 10 2
796 10 2
804 10 2
812 10 2
820 10 2
828 10 2
836 10 2
844 10 2
852 10 2
860 10 2
868 10 2
876 10 2
884 10 2
892 10 2
900 10 2
908 10 2
916 10 2
924 10 2
932 10 2
940 10 2
948 10 2
956 10 2
964 10 2
972 10 2
980 10 2
988 10 2
996 10 2
1004 10 2
1012 10 2
1020 10 2
1028 10 2
1036 10 2
1044 10 2
1052 10 2
1060 10 2
1068 10 2
1076 10 2
1084 10 2
1092 10 2
1100 10 2
1108 10 2
1116 10 2
1124 10 2
1132 10 2
1140 10 2
1148 10 2
1156 10 2
1164 10 2
1172 10 2
1180 10 2
1188 10 2
1196 10 2
1204 10 2
1212 10 2
1220 10 2
1228 10 2
1236 10 2
1244 10 2
1252 10 2
1260 10 2
1268 10 2
1276 10 2
1284 10 2
1292 10 2
1300 10 2
1308 10 2
1316 10 2
1324 10 2
1332 10 2
1340 10 2
1348 10 2
1356 10 2
1364 10 2
1372 10 2
1380 10 2
1388 10 2
1396 10 2
1404 10 2
1412 10 2
1420 10 2
1428 10 2
1436 10 2
1444 10 2
1452 10 2
1460 10 2
1468 10 2
1476 10 2
1484 10 2
1492 10 2
1500 10 2
1508 10 2
1516 10 2
1524 10 2
1532 10 2
1540 10 2
1548 10 2
1556 10 2
1564 10 2
1572 10 2
1580 10 2
1588 10 2
1596 10 2
1604 10 2
1612 10 2
1620 10 2
1628 10 2
1636 10 2
1644 10 2
1652 10 2
1660 10 2
1668 10 2
1676 10 2
1684 10 2
1692 10 2
1700 10 2
1708 10 2
1716 10 2
1724 10 2
1732 10 2
1740 10 2
1748 10 2
1756 10 2
1764 10 2
1772 10 2
1780 10 2
1788 10 2
1796 10 2
1804 10 2
1812 10 2
1820 10 2
1828 10 2
1836 10 2
1844 10 2
1852 10 2
1860 10 2
1868 10 2
1876 10 2
1884 10 2
1892 10 2
1900 10 2
1908 10 2
1916 10 2
1924 10 2
1932 10 2
1940 10 2
1948 10 2
1956 10 2
1964 10 2
1972 10 2
1980 10 2
1988 10 2
1996 10 2
2004 10 2
2012 10 2
2020 10 2
2028 10 2
2036 10 2
2044 10 2
2052 10 2
2060 10 2
2068 10 2
2076 10 2
2084 10 2
2092 10 2
2100 10 2
2108 10 2
2116 10 2
2124 10 2
2132 10 2
2140 10 2
2148 10 2
2156 10 2
2164 10 2
2172 10 2
2180 10 2
2188 10 2
2196 10 2
2204 10 2
2212 10 2
2220 10 2
2228 10 2
2236 10 2
2244 10 2
2252 10 2
2260 10 2
2268 10 2
2276 10 2
2284 10 2
2292 10 2
2300 10 2
2308 10 2
2316 10 2
2324 10 2
2332 10 2
2340 10 2
2348 10 2
2356 10 2
2364 10 2
2372 10 2
2380 10 2
2388 10 2
2396 10 2
2404 10 2
2412 10 2
2420 10 2
2428 10 2
2436 10 2
2444 10 2
2452 10 2
2460 10 2
2468 10 2
2476 10 2
2484 10 2
2492 10 2
2500 10 2
2508 10 2
2516 10 2
2524 10 2
2532 10 2
2540 10 2
2548 10 2
2556 10 2
2564 10 2
2572 10 2
2580 10 2
2588 10 2
2596 10 2
2604 10 2
2612 10 2
2620 10 2
2628 10 2
2636 10 2
2644 10 2
2652 10 2
2660 10 2
2668 10 2
2676 10 2
2684 10 2
2692 10 2
2700 10 2
2708 10 2
2716 10 2
2724 10 2
2732 10 2
2740 10 2
2748 10 2
2756 10 2
2764 10 2
2772 10 2
2780 10 2
2788 10 2
2796 10 2
2804 10 2
2812 10 2
2820 10 2
2828 10 2
2836 10 2
2844 10 2
2852 10 2
2860 10 2
2868 10 2
2876 10 2
2884 10 2
2892 10 2
2900 10 2
2908 10 2
2916 10 2
2924 10 2
2932 10 2
2940 10 2
2948 10 2
2956 10 2
2964 10 2
2972 10 2
2980 10 2
2988 10 2
2996 10 2
3004 10 2
3012 10 2
3020 10 2
3028 10 2
3036 10 2
3044 10 2
3052 10 2
3060 10 2
3068 10 2
3076 10 2
3084 10 2
3092 10 2
3100 10 2
3108 10 2
3116 10 2
3124 10 2
3132 10 2
3140 10 2
3148 10 2
3156 10 2
3164 10 2
3172 10 2
3180 10 2
3188 10 2
3196 10 2
3204 10 2
3212 10 2
3220 10 2
3228 10 2
3236 10 2
3244 10 2
3252 10 2
3260 10 2
3268 10 2
3276 10 2
3284 10 2
3292 10 2
3300 10 2
3308 10 2
3316 10 2
3324 10 2
3332 10 2
3340 10 2
3348 10 2
3356 10 2
3364 10 2
3372 10 2
3380 10 2
3388 10 2
3396 10 2
3404 10 2
3412 10 2
3420 10 2
3428 10 2
3436 10 2
3444 10 2
3452 10 2
3460 10 2
3468 10 2
3476 10 2
3484 10 2
3492 10 2
3500 10 2
3508 10 2
3516 10 2
3524 10 2
3532 10 2
3540 10 2
3548 10 2
3556 10 2
3564 10 2
3572 10 2
3580 10 2
3588 10 2
3596 10 2
3604 10 2
3612 10 2
3620 10 2
3628 10 2
3636 10 2
3644 10 2
3652 10 2
3660 10 2
3668 10 2
3676 10 2
3684 10 2
3692 10 2
3700 10 2
3708 10 2
3716 10 2
3724 10 2
3732 10 2
3740 10 2
3748 10 2
3756 10 2
3764 10 2
3772 10 2
3780 10 2
3788 10 2
3796 10 2
3804 10 2
3812 10 2
3820 10 2
3828 10 2
3836 10 2
3844 10 2
3852 10 2
3860 10 2
3868 10 2
3876 10 2
3884 10 2
3892 10 2
3900 10 2
3908 10 2
3916 10 2
3924 10 2
3932 10 2
3940 10 2
3948 10 2
3956 10 2
3964 10 2
3972 10 2
3980 10 2
3988 10 2
3996 10 2
4004 10 2
4012 10 2
4020 10 2
4028 10 2
4036 10 2
4044 10 2
4052 10 2
4060 10 2
4068 10 2
4076 10 2
4084 10 2
4092 10 2
4100 10 2
4108 10 2
4116 10 2
4124 10 2
4132 10 2
4140 10 2
4148 10 2
4156 10 2
4164 10 2
4172 10 2
4180 10 2
4188 10 2
4196 10 2
4204 10 2
4212 10 2
4220 10 2
4228 10 2
4236 10 2
4244 10 2
4252 10 2
4260 10 2
4268 10 2
4276 10 2
4284 10 2
4292 10 2
4300 10 2
4308 10 2
4316 10 2
4324 10 2
4332 10 2
4340 10 2
4348 10 2
4356 10 2
4364 10 2
4372 10 2
4380 10 2
4388 10 2
4396 10 2
4404 10 2
4412 10 2
4420 10 2
4428 10 2
4436 10 2
4444 10 2
4452 10 2
4460 10 2
4468 10 2
4476 10 2
4484 10 2
4492 10 2
4500 10 2
4508 10 2
4516 10 2
4524 10 2
4532 10 2
4540 10 2
4548 10 2
4556 10 2
4564 10 2
4572 10 2
4580 10 2
4588 10 2
4596 10 2
4604 10 2
4612 10 2
4620 10 2
4628 10 2
4636 10 2
4644 10 2
4652 10 2
4660 10 2
4668 10 2
4676 10 2
4684 10 2
4692 10 2
4700 10 2
4708 10 2
4716 10 2
4724 10 2
4732 10 2
4740 10 2
4748 10 2
4756 10 2
4764 10 2
4772 10 2
4780 10 2
4788 10 2
4796 10 2
4804 10 2
4812 10 2
4820 10 2
4828 10 2
4836 10 2
4844 10 2
4852 10 2
4860 10 2
4868 10 2
4876 10 2
4884 10 2
4892 10 2
4900 10 2
4908 10 2
4916 10 2
4924 10 2
4932 10 2
4940 10 2
4948 10 2
4956 10 2
4964 10 2
4972 10 2
4980 10 2
4988 10 2
4996 10 2
5004 10 2
5012 10 2
5020 10 2
5028 10 2
5036 10 2
5044 10 2
5052 10 2
5060 10 2
5068 10 2
5076 10 2
5084 10 2
5092 10 2
5100 10 2
5108 10 2
5116 10 2
5124 10 2
5132 10 2
5140 10 2
5148 10 2
5156 10 2
5164 10 2
5172 10 2
5180 10 2
5188 10 2
5196 10 2
5204 10 2
5212 10 2
5220 10 2
5228 10 2
5236 10 2
5244 10 2
5252 10 2
5260 10 2
5268 10 2
5276 10 2
5284 10 2
5292 10 2
5300 10 2
5308 10 2
5316 10 2
5324 10 2
5332 10 2
5340 10 2
5348 10 2
5356 10 2
5364 10 2
5372 10 2
5380 10 2
5388 10 2
5396 10 2
5404 10 2
5412 10 2
5420 10 2
5428 10 2
5436 10 2
5444 10 2
5452 10 2
5460 10 2
5468 10 2
5476 10 2
5484 10 2
5492 10 2
5500 10 2
5508 10 2
5516 10 2
5524 10 2
5532 10 2
5540 10 2
5548 10 2
5556 10 2
5564 10 2
5572 10 2
5580 10 2
5588 10 2
5596 10 2
5604 10 2
5612 10 2
5620 10 2
5628 10 2
5636 10 2
5644 10 2
5652 10 2
5660 10 2
5668 10 2
5676 10 2
5684 10 2
5692 10 2
5700 10 2
5708 10 2
5716 10 2
5724 10 2
5732 10 2
5740 10 2
5748 10 2
5756 10 2
5764 10 2
5772 10 2
5780 10 2
5788 10 2
5796 10 2
5804 10 2
5812 10 2
5820 10 2
5828 10 2
5836 10 2
5844 10 2
5852 10 2
5860 10 2
5868 10 2
5876 10 2
5884 10 2
5892 10 2
5900 10 2
5908 10 2
5916 10 2
5924 10 2
5932 10 2
5940 10 2
5948 10 2
5956 10 2
5964 10 2
5972 10 2
5980 10 2
5988 10 2
5996 10 2
6004 10 2
6012 10 2
6020 10 2
6028 10 2
6036 10 2
6044 10 2
6052 10 2
6060 10 2
6068 10 2
6076 10 2
6084 10 2
6092 10 2
6100 10 2
6108 10 2
6116 10 2
6124 10 2
6132 10 2
6140 10 2
6148 10 2
6156 10 2
6164 10 2
6172 10 2
6180 10 2
6188 10 2
6196 10 2
6204 10 2
6212 10 2
6220 10 2
6228 10 2
6236 10 2
6244 10 2
6252 10 2
6260 10 2
6268 10 2
6276 10 2
6284 10 2
6292 10 2
6300 10 2
6308 10 2
6316 10 2
6324 10 2
6332 10 2
6340 10 2
6348 10 2
6356 10 2
6364 10 2
6372 10 2
6380 10 2
6388 10 2
6396 10 2
6404 10 2
6412 10 2
6420 10 2
6428 10 2
6436 10 2
6444 10 2
6452 10 2
6460 10 2
6468 10 2
6476 10 2
6484 10 2
6492 10 2
6500 10 2
6508 10 2
6516 10 2
6524 10 2
6532 10 2
6540 10 2
6548 10 2
6556 10 2
6564 10 2
6572 10 2
6580 10 2
6588 10 2
6596 10 2
6604 10 2
6612 10 2
6620 10 2
6628 10 2
6636 10 2
6644 10 2
6652 10 2
6660 10 2
6668 10 2
6676 10 2
6684 10 2
6692 10 2
6700 10 2
6708 10 2
6716 10 2
6724 10 2
6732 10 2
6740 10 2
6748 10 2
6756 10 2
6764 10 2
6772 10 2
6780 10 2
6788 10 2
6796 10 2
6804 10 2
6812 10 2
6820 10 2
6828 10 2
6836 10 2
6844 10 2
6852 10 2
6860 10 2
6868 10 2
6876 10 2
6884 10 2
6892 10 2
6900 10 2
6908 10 2
6916 10 2
6924 10 2
6932 10 2
6940 10 2
6948 10 2
6956 10 2
6964 10 2
6972 10 2
6980 10 2
6988 10 2
6996 10 2
7004 10 2
7012 10 2
7020 10 2
7028 10 2
7036 10 2
7044 10 2
7052 10 2
7060 10 2
7068 10 2
7076 10 2
7084 10 2
7092 10 2
7100 10 2
7108 10 2
7116 10 2
7124 10 2
7132 10 2
7140 10 2
7148 10 2
7156 10 2
7164 10 2
7172 10 2
7180 10 2
7188 10 2
7196 10 2
7204 10 2
7212 10 2
7220 10 2
7228 10 2
7236 10 2
7244 10 2
7252 10 2
7260 10 2
7268 10 2
7276 10 2
7284 10 2
7292 10 2
7300 10 2
7308 10 2
7316 10 2
7324 10 2
7332 10 2
7340 10 2
7348 10 2
7356 10 2
7364 10 2
7372 10 2
7380 10 2
7388 10 2
7396 10 2
7404 10 2
7412 10 2
7420 10 2
7428 10 2
7436 10 2
7444 10 2
7452 10 2
7460 10 2
7468 10 2
7476 10 2
7484 10 2
7492 10 2
7500 10 2
7508 10 2
7516 10 2
7524 10 2
7532 10 2
7540 10 2
7548 10 2
7556 10 2
7564 10 2
7572 10 2
7580 10 2
7588 10 2
7596 10 2
7604 10 2
7612 10 2
7620 10 2
7628 10 2
7636 10 2
7644 10 2
7652 10 2
7660 10 2
7668 10 2
7676 10 2
7684 10 2
7692 10 2
7700 10 2
7708 10 2
7716 10 2
7724 10 2
7732 10 2
7740 10 2
7748 10 2
7756 10 2
7764 10 2
7772 10 2
7780 10 2
7788 10 2
7796 10 2
7804 10 2
7812 10 2
7820 10 2
7828 10 2
7836 10 2
7844 10 2
7852 10 2
7860 10 2
7868 10 2
7876 10 2
7884 10 2
7892 10 2
7900 10 2
7908 10 2
7916 10 2
7924 10 2
7932 10 2
7940 10 2
7948 10 2
7956 10 2
7964 10 2
7972 10 2
7980 10 2
7988 10 2
7996 10 2
