986 985
32 15
32 36
32 57
32 78
32 99
32 120
32 141
32 162
32 183
32 204
32 225
32 246
32 267
32 288
32 309
32 330
32 351
32 372
32 393
32 414
32 435
32 456
32 477
32 498
32 519
53 25
53 46
53 67
53 88
53 109
53 130
53 151
53 172
53 193
53 214
53 235
53 256
53 277
53 298
53 319
53 340
53 361
53 382
53 403
53 424
53 445
53 466
53 487
53 508
53 529
74 15
74 36
74 57
74 78
74 99
74 120
74 141
74 162
74 183
74 204
74 225
74 246
74 267
74 288
74 309
74 330
74 351
74 393
74 414
74 435
74 456
74 477
74 498
74 519
95 25
95 46
95 67
95 88
95 109
95 130
95 151
95 172
95 193
95 214
95 235
95 256
95 277
95 298
95 319
95 340
95 361
95 382
95 403
95 424
95 445
95 466
95 487
95 508
95 529
116 15
116 36
116 57
116 78
116 99
116 120
116 141
116 162
116 183
116 204
116 225
116 246
116 267
116 288
116 309
116 330
116 351
116 372
116 393
116 414
116 435
116 456
116 477
116 519
137 25
137 46
137 67
137 88
137 109
137 151
137 172
137 193
137 214
137 235
137 256
137 277
137 298
137 319
137 340
137 382
137 403
137 424
137 445
137 466
137 487
137 508
137 529
158 15
158 36
158 57
158 78
158 99
158 120
158 141
158 162
158 183
158 204
158 225
158 246
158 267
158 288
158 309
158 330
158 351
158 372
158 393
158 414
158 435
158 456
158 477
158 498
158 519
179 25
179 46
179 67
179 109
179 130
179 151
179 172
179 193
179 214
179 235
179 256
179 277
179 298
179 319
179 340
179 361
179 382
179 403
179 424
179 445
179 466
179 487
179 508
179 529
200 15
200 36
200 57
200 78
200 99
200 120
200 141
200 162
200 183
200 204
200 225
200 246
200 267
200 288
200 309
200 330
200 351
200 372
200 393
200 414
200 435
200 456
200 477
200 498
200 519
221 25
221 46
221 67
221 88
221 109
221 130
221 151
221 172
221 193
221 214
221 235
221 256
221 277
221 298
221 319
221 340
221 361
221 382
221 403
221 424
221 445
221 466
221 487
221 529
242 15
242 36
242 57
242 78
242 99
242 120
242 141
242 162
242 183
242 204
242 225
242 246
242 267
242 288
242 309
242 330
242 351
242 372
242 393
242 414
242 435
242 456
242 477
242 498
242 519
263 25
263 46
263 67
263 88
263 109
263 130
263 151
263 172
263 193
263 214
263 235
263 256
263 277
263 298
263 319
263 340
263 361
263 382
263 403
263 424
263 445
263 466
263 487
263 508
263 529
284 15
284 36
284 57
284 78
284 99
284 120
284 141
284 162
284 183
284 204
284 225
284 246
284 267
284 288
284 309
284 330
284 351
284 393
284 414
284 435
284 456
284 477
284 498
284 519
305 25
305 46
305 67
305 88
305 109
305 130
305 151
305 172
305 193
305 214
305 235
305 256
305 277
305 298
305 319
305 340
305 361
305 382
305 403
305 424
305 466
305 487
305 508
305 529
326 15
326 36
326 57
326 78
326 99
326 120
326 141
326 162
326 183
326 204
326 225
326 246
326 267
326 288
326 309
326 330
326 351
326 372
326 393
326 414
326 435
326 456
326 477
326 498
326 519
347 25
347 46
347 67
347 88
347 109
347 130
347 151
347 172
347 193
347 214
347 235
347 256
347 277
347 298
347 319
347 340
347 361
347 382
347 403
347 424
347 445
347 466
347 487
347 508
347 529
368 15
368 36
368 57
368 78
368 99
368 120
368 141
368 162
368 183
368 204
368 225
368 246
368 267
368 288
368 309
368 330
368 351
368 372
368 393
368 414
368 435
368 456
368 477
368 498
368 519
389 25
389 46
389 67
389 88
389 109
389 130
389 151
389 172
389 193
389 214
389 235
389 256
389 277
389 298
389 319
389 340
389 361
389 382
389 403
389 424
389 445
389 466
389 487
389 508
389 529
410 15
410 36
410 57
410 78
410 99
410 141
410 162
410 183
410 204
410 225
410 246
410 267
410 288
410 309
410 330
410 351
410 372
410 393
410 414
410 435
410 456
410 477
410 498
410 519
431 25
431 46
431 67
431 88
431 109
431 130
431 151
431 172
431 193
431 214
431 235
431 256
431 277
431 298
431 319
431 340
431 361
431 382
431 403
431 424
431 445
431 466
431 487
431 508
431 529
452 15
452 36
452 57
452 78
452 99
452 120
452 141
452 162
452 183
452 204
452 225
452 246
452 267
452 288
452 309
452 330
452 351
452 372
452 393
452 414
452 435
452 456
452 477
452 498
452 519
473 25
473 46
473 67
473 88
473 109
473 130
473 151
473 172
473 193
473 214
473 235
473 256
473 277
473 298
473 319
473 340
473 361
473 403
473 424
473 445
473 466
473 487
473 508
473 529
494 15
494 36
494 57
494 78
494 99
494 120
494 141
494 162
494 183
494 204
494 225
494 246
494 267
494 288
494 309
494 330
494 351
494 372
494 393
494 414
494 435
494 456
494 477
494 498
494 519
515 25
515 46
515 67
515 88
515 109
515 130
515 151
515 172
515 193
515 214
515 235
515 256
515 277
515 298
515 319
515 340
515 382
515 403
515 424
515 445
515 466
515 487
515 508
515 529
536 15
536 36
536 57
536 78
536 99
536 120
536 141
536 162
536 183
536 204
536 225
536 246
536 267
536 288
536 309
536 330
536 351
536 372
536 393
536 414
536 435
536 456
536 477
536 498
536 519
557 25
557 46
557 67
557 88
557 109
557 130
557 151
557 172
557 193
557 214
557 235
557 256
557 277
557 298
557 319
557 340
557 361
557 382
557 403
557 424
557 445
557 466
557 487
557 508
557 529
578 15
578 36
578 57
578 78
578 99
578 120
578 141
578 162
578 183
578 204
578 225
578 246
578 267
578 288
578 309
578 330
578 351
578 372
578 393
578 414
578 435
578 456
578 477
578 498
578 519
599 25
599 46
599 67
599 88
599 109
599 130
599 151
599 172
599 193
599 214
599 235
599 256
599 277
599 298
599 319
599 340
599 361
599 382
599 403
599 424
599 445
599 466
599 487
599 508
599 529
620 15
620 36
620 57
620 78
620 99
620 120
620 141
620 162
620 183
620 204
620 225
620 246
620 267
620 288
620 309
620 330
620 351
620 372
620 393
620 414
620 435
620 456
620 477
620 498
620 519
641 25
641 46
641 67
641 88
641 109
641 130
641 151
641 172
641 193
641 235
641 256
641 277
641 298
641 319
641 340
641 361
641 382
641 403
641 424
641 445
641 466
641 487
641 508
641 529
662 15
662 36
662 57
662 78
662 99
662 120
662 141
662 162
662 183
662 204
662 225
662 246
662 267
662 288
662 309
662 330
662 351
662 372
662 393
662 414
662 435
662 456
662 477
662 498
662 519
683 25
683 46
683 67
683 88
683 109
683 130
683 151
683 172
683 193
683 214
683 235
683 256
683 277
683 298
683 319
683 340
683 361
683 382
683 403
683 424
683 445
683 466
683 487
683 508
683 529
704 15
704 36
704 57
704 78
704 99
704 120
704 141
704 162
704 183
704 204
704 225
704 246
704 267
704 288
704 309
704 330
704 351
704 372
704 393
704 414
704 435
704 456
704 477
704 498
704 519
725 25
725 46
725 67
725 88
725 109
725 130
725 151
725 172
725 193
725 214
725 235
725 256
725 277
725 298
725 319
725 340
725 361
725 382
725 403
725 424
725 445
725 466
725 487
725 508
725 529
746 15
746 36
746 57
746 78
746 99
746 120
746 141
746 162
746 204
746 225
746 246
746 267
746 288
746 309
746 351
746 372
746 393
746 414
746 435
746 456
746 477
746 498
746 519
767 25
767 46
767 67
767 88
767 109
767 130
767 151
767 172
767 193
767 214
767 235
767 256
767 277
767 298
767 319
767 340
767 361
767 382
767 403
767 424
767 445
767 466
767 487
767 508
767 529
788 15
788 36
788 57
788 78
788 99
788 120
788 141
788 162
788 183
788 204
788 225
788 246
788 267
788 288
788 309
788 330
788 351
788 372
788 393
788 414
788 435
788 456
788 477
788 498
788 519
809 25
809 46
809 67
809 88
809 109
809 130
809 151
809 172
809 193
809 214
809 235
809 256
809 277
809 298
809 319
809 340
809 361
809 382
809 403
809 424
809 445
809 466
809 487
809 508
809 529
830 15
830 36
830 57
830 78
830 99
830 120
830 141
830 162
830 183
830 204
830 225
830 246
830 267
830 288
830 309
830 330
830 351
830 372
830 393
830 414
830 435
830 456
830 477
830 498
830 519
851 25
851 46
851 67
851 88
851 109
851 130
851 151
851 172
851 193
851 214
851 235
851 256
851 277
851 298
851 319
851 340
851 361
851 382
851 403
851 424
851 445
851 466
851 487
851 508
851 529
15 15 10
15 36 10
15 57 10
15 78 10
15 99 10
15 120 10
15 141 10
15 162 10
15 183 10
15 204 10
15 225 10
15 246 10
15 267 10
15 288 10
15 309 10
15 330 10
15 351 10
15 372 10
15 393 10
15 414 10
15 435 10
15 456 10
15 477 10
15 498 10
15 519 10
36 25 10
36 46 10
36 67 10
36 88 10
36 109 10
36 130 10
36 151 10
36 172 10
36 193 10
36 214 10
36 235 10
36 256 10
36 277 10
36 298 10
36 319 10
36 340 10
36 361 10
36 382 10
36 403 10
36 424 10
36 445 10
36 466 10
36 487 10
36 508 10
36 529 10
57 15 10
57 36 10
57 57 10
57 78 10
57 99 10
57 120 10
57 141 10
57 162 10
57 183 10
57 204 10
57 225 10
57 246 10
57 267 10
57 288 10
57 309 10
57 330 10
57 351 10
57 372 10
57 393 10
57 414 10
57 435 10
57 456 10
57 477 10
57 498 10
57 519 10
78 25 10
78 46 10
78 67 10
78 88 10
78 109 10
78 130 10
78 151 10
78 172 10
78 193 10
78 214 10
78 235 10
78 256 10
78 277 10
78 298 10
78 319 10
78 340 10
78 361 10
78 382 10
78 403 10
78 424 10
78 445 10
78 466 10
78 487 10
78 508 10
78 529 10
99 15 10
99 36 10
99 57 10
99 78 10
99 99 10
99 120 10
99 141 10
99 162 10
99 183 10
99 204 10
99 225 10
99 246 10
99 267 10
99 288 10
99 309 10
99 330 10
99 351 10
99 393 10
99 414 10
99 435 10
99 456 10
99 477 10
99 498 10
99 519 10
120 25 10
120 46 10
120 67 10
120 88 10
120 109 10
120 130 10
120 151 10
120 172 10
120 193 10
120 214 10
120 235 10
120 256 10
120 277 10
120 298 10
120 319 10
120 340 10
120 382 10
120 403 10
120 424 10
120 445 10
120 466 10
120 487 10
120 508 10
120 529 10
141 15 10
141 36 10
141 57 10
141 78 10
141 99 10
141 120 10
141 141 10
141 162 10
141 183 10
141 204 10
141 225 10
141 246 10
141 267 10
141 288 10
141 309 10
141 330 10
141 351 10
141 372 10
141 393 10
141 414 10
141 435 10
141 456 10
141 477 10
141 519 10
162 25 10
162 46 10
162 67 10
162 88 10
162 109 10
162 151 10
162 172 10
162 193 10
162 214 10
162 235 10
162 256 10
162 277 10
162 298 10
162 319 10
162 340 10
162 361 10
162 382 10
162 403 10
162 424 10
162 445 10
162 466 10
162 487 10
162 529 10
183 15 10
183 36 10
183 57 10
183 78 10
183 99 10
183 120 10
183 141 10
183 162 10
183 183 10
183 204 10
183 225 10
183 246 10
183 267 10
183 288 10
183 309 10
183 330 10
183 351 10
183 372 10
183 393 10
183 414 10
183 435 10
183 456 10
183 477 10
183 498 10
183 519 10
204 25 10
204 46 10
204 67 10
204 109 10
204 130 10
204 151 10
204 172 10
204 193 10
204 214 10
204 235 10
204 256 10
204 277 10
204 298 10
204 319 10
204 340 10
204 361 10
204 382 10
204 403 10
204 424 10
204 445 10
204 466 10
204 487 10
204 508 10
204 529 10
225 15 10
225 36 10
225 57 10
225 78 10
225 99 10
225 120 10
225 141 10
225 162 10
225 183 10
225 204 10
225 225 10
225 246 10
225 267 10
225 288 10
225 309 10
225 330 10
225 351 10
225 372 10
225 393 10
225 414 10
225 435 10
225 456 10
225 477 10
225 498 10
225 519 10
246 25 10
246 46 10
246 67 10
246 88 10
246 109 10
246 130 10
246 151 10
246 172 10
246 193 10
246 214 10
246 235 10
246 256 10
246 277 10
246 298 10
246 319 10
246 340 10
246 361 10
246 382 10
246 403 10
246 424 10
246 445 10
246 466 10
246 487 10
246 529 10
267 15 10
267 36 10
267 57 10
267 78 10
267 99 10
267 120 10
267 141 10
267 162 10
267 183 10
267 204 10
267 225 10
267 246 10
267 267 10
267 288 10
267 309 10
267 330 10
267 351 10
267 372 10
267 393 10
267 414 10
267 435 10
267 456 10
267 477 10
267 498 10
267 519 10
288 25 10
288 46 10
288 67 10
288 88 10
288 109 10
288 130 10
288 151 10
288 172 10
288 193 10
288 214 10
288 235 10
288 256 10
288 277 10
288 298 10
288 319 10
288 340 10
288 361 10
288 382 10
288 403 10
288 424 10
288 445 10
288 466 10
288 487 10
288 508 10
288 529 10
309 15 10
309 36 10
309 57 10
309 78 10
309 99 10
309 120 10
309 141 10
309 162 10
309 183 10
309 204 10
309 225 10
309 246 10
309 267 10
309 288 10
309 309 10
309 330 10
309 351 10
309 393 10
309 414 10
309 435 10
309 456 10
309 477 10
309 498 10
309 519 10
330 25 10
330 46 10
330 67 10
330 88 10
330 109 10
330 130 10
330 151 10
330 172 10
330 193 10
330 214 10
330 235 10
330 256 10
330 277 10
330 298 10
330 319 10
330 340 10
330 361 10
330 382 10
330 403 10
330 424 10
330 466 10
330 487 10
330 508 10
330 529 10
351 15 10
351 36 10
351 57 10
351 78 10
351 99 10
351 120 10
351 141 10
351 162 10
351 183 10
351 204 10
351 225 10
351 246 10
351 267 10
351 288 10
351 309 10
351 330 10
351 351 10
351 372 10
351 393 10
351 414 10
351 435 10
351 456 10
351 477 10
351 498 10
351 519 10
372 25 10
372 46 10
372 67 10
372 88 10
372 109 10
372 130 10
372 151 10
372 172 10
372 193 10
372 214 10
372 235 10
372 256 10
372 277 10
372 298 10
372 319 10
372 340 10
372 361 10
372 382 10
372 403 10
372 424 10
372 445 10
372 466 10
372 487 10
372 508 10
372 529 10
393 15 10
393 36 10
393 57 10
393 78 10
393 99 10
393 120 10
393 141 10
393 162 10
393 183 10
393 204 10
393 225 10
393 246 10
393 267 10
393 288 10
393 309 10
393 330 10
393 351 10
393 372 10
393 393 10
393 414 10
393 435 10
393 456 10
393 477 10
393 498 10
393 519 10
414 25 10
414 46 10
414 67 10
414 88 10
414 109 10
414 130 10
414 151 10
414 172 10
414 193 10
414 214 10
414 235 10
414 256 10
414 277 10
414 298 10
414 319 10
414 340 10
414 361 10
414 382 10
414 403 10
414 424 10
414 445 10
414 466 10
414 487 10
414 508 10
414 529 10
435 15 10
435 36 10
435 57 10
435 78 10
435 99 10
435 141 10
435 162 10
435 183 10
435 204 10
435 225 10
435 246 10
435 267 10
435 288 10
435 309 10
435 330 10
435 351 10
435 372 10
435 393 10
435 414 10
435 435 10
435 456 10
435 477 10
435 498 10
435 519 10
456 25 10
456 46 10
456 67 10
456 88 10
456 109 10
456 130 10
456 151 10
456 172 10
456 193 10
456 214 10
456 235 10
456 256 10
456 277 10
456 298 10
456 319 10
456 340 10
456 361 10
456 382 10
456 403 10
456 424 10
456 445 10
456 466 10
456 487 10
456 508 10
456 529 10
477 15 10
477 36 10
477 57 10
477 78 10
477 99 10
477 120 10
477 141 10
477 162 10
477 183 10
477 204 10
477 225 10
477 246 10
477 267 10
477 288 10
477 309 10
477 330 10
477 351 10
477 372 10
477 393 10
477 414 10
477 435 10
477 456 10
477 477 10
477 498 10
477 519 10
498 25 10
498 46 10
498 67 10
498 88 10
498 109 10
498 130 10
498 151 10
498 172 10
498 193 10
498 214 10
498 235 10
498 256 10
498 277 10
498 298 10
498 319 10
498 340 10
498 361 10
498 403 10
498 424 10
498 445 10
498 466 10
498 487 10
498 508 10
498 529 10
519 15 10
519 36 10
519 57 10
519 78 10
519 99 10
519 120 10
519 141 10
519 162 10
519 183 10
519 204 10
519 225 10
519 246 10
519 267 10
519 288 10
519 309 10
519 330 10
519 351 10
519 372 10
519 393 10
519 414 10
519 435 10
519 456 10
519 477 10
519 498 10
519 519 10
540 25 10
540 46 10
540 67 10
540 88 10
540 109 10
540 130 10
540 151 10
540 172 10
540 193 10
540 214 10
540 235 10
540 256 10
540 277 10
540 298 10
540 319 10
540 340 10
540 382 10
540 403 10
540 424 10
540 445 10
540 466 10
540 487 10
540 508 10
540 529 10
561 15 10
561 36 10
561 57 10
561 78 10
561 99 10
561 120 10
561 141 10
561 162 10
561 183 10
561 204 10
561 225 10
561 246 10
561 267 10
561 288 10
561 309 10
561 330 10
561 351 10
561 372 10
561 393 10
561 414 10
561 435 10
561 456 10
561 477 10
561 498 10
561 519 10
582 25 10
582 46 10
582 67 10
582 88 10
582 109 10
582 130 10
582 151 10
582 172 10
582 193 10
582 214 10
582 235 10
582 256 10
582 277 10
582 298 10
582 319 10
582 340 10
582 361 10
582 382 10
582 403 10
582 424 10
582 445 10
582 466 10
582 487 10
582 508 10
582 529 10
603 15 10
603 36 10
603 57 10
603 78 10
603 99 10
603 120 10
603 141 10
603 162 10
603 183 10
603 204 10
603 225 10
603 246 10
603 267 10
603 288 10
603 309 10
603 330 10
603 351 10
603 372 10
603 393 10
603 414 10
603 435 10
603 456 10
603 477 10
603 498 10
603 519 10
624 25 10
624 46 10
624 67 10
624 88 10
624 109 10
624 130 10
624 151 10
624 172 10
624 193 10
624 214 10
624 235 10
624 256 10
624 277 10
624 298 10
624 319 10
624 340 10
624 361 10
624 382 10
624 403 10
624 424 10
624 445 10
624 466 10
624 487 10
624 508 10
624 529 10
645 15 10
645 36 10
645 57 10
645 78 10
645 99 10
645 120 10
645 141 10
645 162 10
645 183 10
645 204 10
645 225 10
645 246 10
645 267 10
645 288 10
645 309 10
645 330 10
645 351 10
645 372 10
645 393 10
645 414 10
645 435 10
645 456 10
645 477 10
645 498 10
645 519 10
666 25 10
666 46 10
666 67 10
666 88 10
666 109 10
666 130 10
666 151 10
666 172 10
666 193 10
666 235 10
666 256 10
666 277 10
666 298 10
666 319 10
666 340 10
666 361 10
666 382 10
666 403 10
666 424 10
666 445 10
666 466 10
666 487 10
666 508 10
666 529 10
687 15 10
687 36 10
687 57 10
687 78 10
687 99 10
687 120 10
687 141 10
687 162 10
687 183 10
687 204 10
687 225 10
687 246 10
687 267 10
687 288 10
687 309 10
687 330 10
687 351 10
687 372 10
687 393 10
687 414 10
687 435 10
687 456 10
687 477 10
687 498 10
687 519 10
708 25 10
708 46 10
708 67 10
708 88 10
708 109 10
708 130 10
708 151 10
708 172 10
708 193 10
708 214 10
708 235 10
708 256 10
708 277 10
708 298 10
708 319 10
708 340 10
708 361 10
708 382 10
708 403 10
708 424 10
708 445 10
708 466 10
708 487 10
708 508 10
708 529 10
729 15 10
729 36 10
729 57 10
729 78 10
729 99 10
729 120 10
729 141 10
729 162 10
729 183 10
729 204 10
729 225 10
729 246 10
729 267 10
729 288 10
729 309 10
729 330 10
729 351 10
729 372 10
729 393 10
729 414 10
729 435 10
729 456 10
729 477 10
729 498 10
729 519 10
750 25 10
750 46 10
750 67 10
750 88 10
750 109 10
750 130 10
750 151 10
750 172 10
750 193 10
750 214 10
750 235 10
750 256 10
750 277 10
750 298 10
750 319 10
750 340 10
750 361 10
750 382 10
750 403 10
750 424 10
750 445 10
750 466 10
750 487 10
750 508 10
750 529 10
771 15 10
771 36 10
771 57 10
771 78 10
771 99 10
771 120 10
771 141 10
771 162 10
771 204 10
771 225 10
771 246 10
771 267 10
771 288 10
771 309 10
771 351 10
771 372 10
771 393 10
771 414 10
771 435 10
771 456 10
771 477 10
771 498 10
771 519 10
792 25 10
792 46 10
792 67 10
792 88 10
792 109 10
792 130 10
792 151 10
792 172 10
792 193 10
792 214 10
792 235 10
792 256 10
792 277 10
792 298 10
792 319 10
792 340 10
792 361 10
792 382 10
792 403 10
792 424 10
792 445 10
792 466 10
792 487 10
792 508 10
792 529 10
813 15 10
813 36 10
813 57 10
813 78 10
813 99 10
813 120 10
813 141 10
813 162 10
813 183 10
813 204 10
813 225 10
813 246 10
813 267 10
813 288 10
813 309 10
813 330 10
813 351 10
813 372 10
813 393 10
813 414 10
813 435 10
813 456 10
813 477 10
813 498 10
813 519 10
834 25 10
834 46 10
834 67 10
834 88 10
834 109 10
834 130 10
834 151 10
834 172 10
834 193 10
834 214 10
834 235 10
834 256 10
834 277 10
834 298 10
834 319 10
834 340 10
834 361 10
834 382 10
834 403 10
834 424 10
834 445 10
834 466 10
834 487 10
834 508 10
834 529 10
