997 1000
58 5751
2272 9188
1071 8090
4630 9983
26 5501
9031 2046
413 6986
9140 7798
3915 120
8452 8613
8519 8547
9323 2493
3977 107
8497 8569
6067 117
9905 5952
218 3543
1939 1047
7686 785
9685 6738
9243 2358
9766 3498
9514 7143
1445 8514
9776 6470
9803 6380
256 3423
8878 1847
4473 29
200 3603
9986 5329
151 6213
5758 9939
2735 9455
2325 9222
995 7990
5321 11
2962 9563
9727 6620
9540 2912
9192 7719
6 4779
2514 9335
23 4528
5446 21
4755 7
1150 1810
4661 9986
7525 9312
330 6782
13 5345
1673 8730
9717 6649
9979 5423
2623 9396
276 3364
2541 9351
9243 7640
4038 9904
3 5156
976 7965
505 2812
921 7888
5478 9974
9323 7505
3282 305
4505 26
227 6485
6906 379
286 6664
2991 9576
3371 9724
2116 916
9982 5392
9976 4544
96 5967
2707 558
798 2292
1792 1165
2065 9045
68 5813
1581 8645
6098 123
9339 7478
7996 8999
6220 153
7 5250
191 3633
9068 7901
6819 344
7471 9343
4850 3
8145 8883
849 2213
1130 1835
319 3245
6312 9822
9086 7875
63 4216
7333 9419
8777 8271
4599 9981
23 5470
4944 1
5384 9982
3551 9783
4661 12
6848 9642
4913 2
8651 1586
8917 1896
5478 24
9737 6590
9737 3408
8046 8961
7765 9162
6642 279
7633 9247
5975 9901
2299 9205
2819 9497
3135 9637
63 5782
8406 8656
867 7811
1014 1983
8917 8102
6789 9665
533 7242
9662 6797
9996 5109
747 2372
6372 9805
9400 7368
1423 8491
2014 9008
9104 2148
7165 9504
4069 9910
8541 1473
6731 9687
308 6723
6964 404
4411 9962
9430 2686
319 6753
9866 6136
5227 9992
764 2345
9990 5266
5727 54
6098 9875
7686 9213
9997 5046
8169 8863
7416 624
9527 7115
13 4653
5 5188
2541 647
7221 9476
9566 7029
6251 160
9844 6228
1697 1247
143 6182
3762 156
9292 2439
4038 94
7193 508
3401 9735
5851 74
9140 2200
1191 8236
9674 6767
9013 2021
108 3969
7277 9448
4724 9989
9947 4294
1232 8283
4975 9997
1768 1186
8021 1018
7579 9279
1512 8580
1110 1859
8797 1750
4599 17
636 2562
519 2784
9616 6913
9706 6679
1964 1028
8383 1321
151 3785
2905 461
1650 1289
2514 663
9963 5579
5227 6
40 4372
376 3099
6129 130
7843 9109
9226 7666
1914 8932
6582 258
9591 6971
9963 4419
1 4968
1445 1484
115 6060
246 3453
6 5219
9747 3438
4100 9916
9706 3319
9122 7824
40 5626
8519 1451
7606 735
1052 8065
1721 8772
108 6029
5290 9
3732 9834
45 5657
297 3304
7079 454
341 6811
9308 2466
8956 8052
2040 971
9943 5735
6877 9631
4100 82
8360 1300
714 2426
8693 8365
4286 9946
7249 536
8452 1385
7895 9073
7249 9462
9859 3831
1841 8873
698 7545
885 7837
9472 2770
15 4622
5164 4
3885 9871
5571 9964
6964 9594
9527 2883
8218 8823
183 6334
478 2869
9859 6167
9651 3172
8672 8389
3 4842
7498 9327
6006 103
1294 1644
8858 1823
7660 768
1380 8446
1744 1206
11 5313
191 6365
1337 1598
7971 9017
18 5407
2679 9426
9917 4108
2220 845
4162 9926
174 3694
2596 617
9993 5203
1604 8667
2246 828
667 2507
9988 5297
4442 9966
7946 9036
5882 9918
9956 5642
5665 46
9922 5859
6819 9654
7791 854
3762 9842
590 7354
1091 1884
3223 327
9996 4920
8858 8175
1558 8624
341 3187
1989 8989
6372 193
4162 72
1535 8602
297 6694
9820 6319
4131 9921
6493 9769
5101 9996
5384 16
218 6455
8266 8782
815 7732
1890 8912
7277 550
6671 9709
9050 2071
1150 8188
5007 1
1232 1715
9911 4077
7996 999
8693 1633
9811 3649
8975 1970
6402 202
9820 3679
832 7759
5101 2
957 2059
2991 422
1358 1575
4944 9997
246 6545
8194 1155
2791 9483
9717 3349
5696 9948
3520 9773
3793 149
2014 990
158 6243
6159 9860
1768 8812
3048 9601
590 2644
5571 34
7817 871
1673 1268
3077 9613
6877 367
9836 6258
5070 9996
6190 145
1402 1529
9970 5517
9415 2658
6402 9796
6463 9778
2486 9320
731 2399
9068 2097
9938 5766
3823 141
266 6605
8145 1115
2905 9537
7108 9530
183 3664
605 2617
4787 9992
3671 181
6935 391
605 7381
9951 4325
8289 1237
976 2033
8586 1518
2379 9255
3106 373
5038 9997
9259 7613
5290 9989
9997 4952
7739 9179
5789 64
2220 9153
5133 9995
8071 1057
3341 284
7416 9374
236 3483
353 6841
9640 3143
9050 7927
3702 9826
9640 6855
9500 2826
9616 3085
3019 9588
4630 15
9209 7693
3371 274
90 5936
7920 944
20 4559
58 4247
9851 3801
7305 565
6037 110
9844 3770
2194 9135
9604 6942
8096 1076
6612 9730
45 4341
26 4497
451 7072
7443 9358
3732 164
1512 1418
6642 9719
3253 9682
8406 1342
8672 1609
6281 168
3194 338
5415 9980
9400 2630
1581 1353
1792 8833
3581 206
9873 6106
2168 880
3106 9625
2848 9510
4224 9937
9766 6500
4881 9996
4411 36
1294 8354
3946 113
1014 8015
2142 9100
4850 9995
3520 225
6251 9838
561 7298
849 7785
78 5875
3490 234
96 4031
84 5906
2735 543
9997 5015
6006 9895
9157 7772
7895 925
1627 1310
49 4310
9500 7172
7136 9517
4567 9978
3915 9878
2116 9082
2246 9170
364 3128
8897 8127
7305 9433
9928 5828
8021 8980
6159 138
8607 1541
9472 7228
7 4748
9514 2855
1817 1145
37 4403
3793 9849
2194 863
1468 1462
308 3275
7660 9230
9951 5673
400 6957
4567 20
4008 100
5509 9971
4008 9898
4505 9972
9727 3378
9970 4481
9994 5172
464 2897
8994 8002
53 4279
3702 172
5540 30
400 3041
330 3216
1989 1009
939 7914
1130 8163
3135 361
9031 7952
1490 8558
3490 9764
7971 981
651 7464
885 2161
9651 6826
9430 7312
5415 18
9990 4732
8289 8761
6523 239
143 3816
9385 7395
4787 6
5164 9994
84 4092
7739 819
9811 6349
6701 9698
1252 1691
1170 8212
49 5688
1033 8040
731 7599
136 3846
1 4999
8937 1921
9943 4263
651 2534
353 3157
4442 32
7471 655
9993 4795
1252 8307
547 7270
867 2187
464 7101
4255 9941
1558 1374
5944 91
9628 6884
5195 5
122 6090
200 6395
2405 9271
9486 7200
1604 1331
8360 8698
7388 9389
9976 5454
166 3724
5352 9984
2623 602
1914 1066
533 2756
491 7157
3823 9857
9757 6530
3854 134
8629 1563
7713 9196
5509 27
4975 1
9922 4139
5070 2
7361 9404
903 2135
9444 7284
8586 8480
3194 9660
3077 385
6342 185
9986 4669
425 2983
5195 9993
1170 1786
1191 1762
4317 9950
4069 88
9997 4983
9991 5235
1337 8400
4536 22
1211 8260
1 4936
8777 1727
5038 1
9370 2575
3461 244
6701 300
9175 7745
7633 751
5665 9952
9579 7000
7606 9263
9967 5548
1865 8893
4693 10
9803 3618
451 2926
957 7939
3165 350
8242 1196
1744 8792
5446 9977
2272 810
8818 8224
7552 9296
6760 322
9973 4513
3312 9704
7193 9490
682 7518
8607 8457
9275 7586
7765 836
2459 694
6067 9881
7051 441
8818 1774
5851 9924
4193 66
1273 1668
9893 3984
2091 934
8564 1496
8756 1703
102 4000
3 4873
7791 9144
6129 9868
2876 9524
6432 211
2379 743
9292 7559
6432 9787
1490 1440
3611 198
209 6425
5727 9944
832 2239
8194 8843
2091 9064
4913 9996
2679 572
1402 8469
9339 2520
7221 522
2432 710
1 5062
115 3938
8497 1429
9674 3231
4255 57
1697 8751
388 3070
8714 8342
4193 9932
5944 9907
4349 44
1964 8970
5258 9990
2651 587
8336 8720
9956 4356
9275 2412
33 5564
995 2008
5758 59
1865 1105
9893 6014
9959 4388
8797 8248
4818 4
9157 2226
78 4123
9933 5797
1535 1396
9794 3588
3282 9693
9905 4046
6935 9607
3611 9800
9828 3709
5540 9968
6993 416
6582 9740
5634 41
6612 268
276 6634
3581 9792
6463 220
620 7409
33 4434
9886 3954
1071 1908
376 6899
2 5093
4755 9991
3401 263
9967 4450
9994 4826
2933 448
1841 1125
9 5282
3461 9754
5603 9960
2651 9411
1110 8139
8975 8028
9553 2940
9785 6440
781 2319
2568 632
6281 9830
8564 8502
37 5595
9794 6410
5258 8
136 6152
903 7863
9579 2998
2876 474
9988 4701
1890 1086
2168 9118
9938 4232
8096 8922
3223 9671
30 5532
9947 5704
8313 1258
53 5719
2299 793
9851 6197
18 4591
1423 1507
714 7572
9591 3027
9104 7850
4317 48
3312 294
2352 9238
7498 671
8956 1946
174 6304
8266 1216
4881 2
9444 2714
9355 2548
9 4716
9604 3056
2040 9027
4380 40
8313 8740
6789 333
4536 9976
5007 9997
2763 9469
73 4154
815 2266
425 7015
7843 889
9086 2123
7136 481
438 7043
5820 9929
8046 1037
1091 8114
3946 9885
747 7626
3165 9648
2568 9366
4724 9
491 2841
9226 2332
2763 529
9984 5360
8429 1364
7869 907
9757 3468
9415 7340
166 6274
7051 9557
5882 80
8429 8634
7022 9569
5696 50
1650 8709
3854 9864
8629 8435
9836 3740
256 6575
4131 77
1939 8951
73 5844
9979 4575
68 4185
7443 640
8336 1278
781 7679
7361 594
7713 802
921 2110
8994 1996
6993 9582
2142 898
576 7326
2352 760
9828 6289
798 7706
3977 9891
698 2453
5 4810
7946 962
8120 1096
1211 1738
9696 3290
9785 3558
4349 9954
1627 8688
764 7653
505 7186
547 2728
3431 253
8242 8802
3048 397
9886 6044
30 4466
3641 9809
7333 579
9370 7423
7525 686
2933 9550
2459 9304
8756 8295
6493 229
227 3513
4286 52
9959 5610
3431 9745
4473 9969
9911 5921
2432 9288
5975 97
9880 6075
9995 4858
5634 9957
8120 8902
8937 8077
2791 515
5133 3
9458 2742
2065 953
8735 1679
364 6870
9899 5983
102 5998
266 3393
7920 9054
1468 8536
2486 678
6848 356
2848 488
236 6515
2405 727
6760 9676
4693 9988
2325 776
5913 9913
438 2955
7552 702
2 4905
9973 5485
1315 8377
3671 9817
6220 9845
8541 8525
129 3877
9540 7086
2707 9440
388 6928
9982 4606
6552 249
1 5030
122 3908
9566 2969
7869 9091
939 2084
5820 69
8897 1871
15 5376
9991 4763
286 3334
3885 127
667 7491
8474 1407
8735 8319
5789 9934
3341 9714
9696 6708
6671 289
3641 189
4380 9958
9458 7256
9662 3201
5603 38
9917 5890
158 3755
8838 8200
636 7436
4224 61
9747 6560
3019 410
9899 4015
1052 1933
7165 494
1315 1621
413 3012
9385 2603
6552 9749
9259 2385
6731 311
6342 9813
9933 4201
1721 1226
2962 435
2596 9381
576 2672
9880 3923
129 6121
8474 8591
1358 8423
6523 9759
9013 7977
9553 7058
9486 2798
7579 719
7388 609
561 2700
1273 8330
8878 8151
6190 9853
9308 7532
9866 3862
9873 3892
7079 9544
6312 176
4818 9994
3253 316
11 4685
9175 2253
90 4062
6906 9619
9685 3260
1817 8853
1033 1958
620 2589
6037 9888
9776 3528
682 2480
8218 1175
9984 4638
478 7129
7022 429
8651 8412
9628 3114
9192 2279
209 3573
8169 1135
9996 4889
5321 9987
2819 501
7817 9127
20 5439
9355 7450
9209 2305
8383 8677
5913 85
8838 1798
1380 1552
9995 5140
9122 2174
8714 1656
3551 215
7108 468
5352 14
9928 4170
8071 8941
519 7214
6266 164 1
8888 8139 1
8868 8163 1
6833 9648 1
3475 239 1
6627 9724 1
985 7977 1
5525 9969 1
2637 594 1
9987 4685 1
7235 529 1
1615 1321 1
8888 1859 1
6296 9826 1
3446 249 1
8059 1047 1
5743 9941 1
10 5297 1
7593 727 1
876 7824 1
9798 3603 1
858 7798 1
2665 9419 1
9980 5407 1
3005 9582 1
739 7613 1
3267 311 1
1242 8295 1
6447 215 1
9961 4403 1
9869 6121 1
5867 9921 1
9953 5657 1
6113 9871 1
841 2226 1
4740 8 1
8371 8688 1
382 3085 1
3327 9709 1
9668 6782 1
1878 1096 1
7804 863 1
1140 8175 1
324 3231 1
723 2412 1
7593 9271 1
5368 15 1
568 2686 1
292 3319 1
187 3649 1
9217 2319 1
4583 18 1
967 7952 1
7402 617 1
1201 1750 1
458 7086 1
6716 305 1
9408 2644 1
8946 1933 1
2233 9162 1
125 3892 1
9300 7545 1
87 5921 1
3686 176 1
9972 4497 1
2052 962 1
3686 9822 1
4116 80 1
9840 6243 1
9883 3938 1
5618 40 1
3150 356 1
4646 9984 1
7319 572 1
5960 94 1
7065 9550 1
8984 8015 1
9997 4999 1
9585 6986 1
5337 9986 1
2693 565 1
6537 9754 1
7882 916 1
2555 9358 1
7882 9082 1
2207 9144 1
7778 845 1
967 2046 1
9985 5345 1
4865 9995 1
9679 3245 1
4771 9992 1
3092 379 1
9940 4247 1
336 3201 1
1804 1155 1
154 6228 1
3626 193 1
930 2097 1
9732 3393 1
9983 5376 1
8108 8912 1
9701 3304 1
9712 6664 1
6296 172 1
2919 9544 1
458 2912 1
948 2071 1
7699 9205 1
99 4015 1
370 6884 1
8417 8645 1
1457 8525 1
4897 2 1
3297 300 1
261 6590 1
3900 9875 1
4614 9982 1
2259 819 1
4489 27 1
7093 461 1
3961 110 1
9890 6029 1
3 4858 1
8034 8970 1
1412 1518 1
8325 8730 1
9949 5688 1
1160 8200 1
4395 9960 1
4991 1 1
358 6855 1
2833 9504 1
4054 91 1
1180 8224 1
2103 925 1
3446 9749 1
1662 8720 1
484 2855 1
8157 1125 1
6478 225 1
1369 8435 1
554 2714 1
5085 9996 1
7646 760 1
9493 2812 1
9077 2110 1
9752 3453 1
643 7450 1
4520 9974 1
1 5015 1
1977 8980 1
6417 9792 1
8596 1529 1
4085 9913 1
2721 9448 1
8009 8989 1
628 2575 1
1242 1703 1
7804 9135 1
2027 9017 1
912 7875 1
1501 8569 1
9267 2399 1
6537 244 1
7235 9469 1
7539 694 1
2919 454 1
31 4450 1
6021 9891 1
2749 9462 1
9622 3099 1
4023 97 1
6979 410 1
9003 7990 1
985 2021 1
8946 8065 1
9978 4559 1
9507 7157 1
8440 8624 1
4708 9 1
5399 9981 1
8059 8951 1
2976 9569 1
6417 206 1
498 2826 1
554 7284 1
35 5579 1
1305 1633 1
8704 8354 1
4085 85 1
8787 8260 1
5774 61 1
8394 8667 1
2976 429 1
598 2630 1
6083 9878 1
3034 404 1
16 5392 1
7619 743 1
3747 9838 1
706 7559 1
1284 1656 1
772 7666 1
9832 3724 1
772 2332 1
2419 719 1
432 7029 1
7375 9396 1
3656 185 1
9992 5219 1
9890 3969 1
9113 2161 1
281 3349 1
6478 9773 1
2312 9213 1
10 4701 1
3869 9868 1
2527 9343 1
324 6767 1
5990 100 1
394 3056 1
3717 9830 1
42 5642 1
118 3923 1
1160 1798 1
1284 8342 1
1 4983 1
1878 8902 1
613 2603 1
1140 1823 1
6357 9809 1
3717 168 1
8325 1268 1
9996 4905 1
6144 9864 1
2155 889 1
8661 8400 1
930 7901 1
336 6797 1
9679 6753 1
5117 9996 1
526 2770 1
9437 2700 1
9362 7436 1
5681 48 1
9975 5470 1
125 6106 1
7752 828 1
706 2439 1
9997 5030 1
9762 3483 1
912 2123 1
3179 9654 1
3121 9631 1
5148 3 1
1201 8248 1
1004 8002 1
9847 6213 1
806 2279 1
105 6014 1
6950 9601 1
2103 9073 1
1061 1921 1
1709 8761 1
1081 1896 1
14 4638 1
3267 9687 1
9807 6365 1
2338 9230 1
3931 117 1
8181 8853 1
9183 2266 1
9798 6395 1
9771 6485 1
8965 8040 1
4147 9924 1
723 7586 1
76 5859 1
6083 120 1
5836 72 1
9634 3128 1
9995 5156 1
4333 9952 1
139 3831 1
6716 9693 1
5681 9950 1
2777 522 1
7150 488 1
39 4388 1
9113 7837 1
195 3618 1
8009 1009 1
7457 647 1
9985 4653 1
5148 9995 1
5305 9988 1
9958 4372 1
7512 678 1
3900 123 1
271 3378 1
7347 587 1
8965 1958 1
6175 141 1
8787 1738 1
419 2998 1
6863 9637 1
3747 160 1
6052 113 1
347 3172 1
5649 44 1
9989 4716 1
9690 3275 1
613 7395 1
3505 9769 1
407 3027 1
5462 22 1
755 2358 1
1081 8102 1
3808 145 1
8927 8090 1
8084 1066 1
76 4139 1
9993 5188 1
8553 8514 1
3 5140 1
9780 3543 1
5368 9983 1
9520 2869 1
6686 294 1
8661 1598 1
2052 9036 1
1263 1679 1
5929 9910 1
4897 9996 1
9815 3664 1
1391 8457 1
9251 2372 1
9393 2617 1
9975 4528 1
2527 655 1
2890 468 1
9166 2239 1
876 2174 1
5743 57 1
6052 9885 1
1638 1300 1
9789 6425 1
7673 9222 1
5054 1 1
1756 8802 1
2555 640 1
9752 6545 1
70 5828 1
5712 9946 1
4178 69 1
1927 1057 1
7484 663 1
8984 1983 1
7093 9537 1
1902 8922 1
6205 9849 1
7566 9288 1
7150 9510 1
6266 9834 1
3150 9642 1
9560 7043 1
47 4325 1
8704 1644 1
9855 6182 1
2473 9312 1
8348 1289 1
3356 279 1
187 6349 1
9493 7186 1
9131 2187 1
9807 3633 1
9742 3423 1
2312 785 1
5085 2 1
8725 1668 1
370 3114 1
271 6620 1
8277 8772 1
6804 338 1
2947 9557 1
12 5329 1
112 3954 1
2338 768 1
8108 1086 1
3992 9895 1
4427 9964 1
806 7719 1
6979 9588 1
4364 9957 1
4240 59 1
1853 8883 1
9451 7270 1
2259 9179 1
789 7693 1
6950 397 1
28 4481 1
8907 1884 1
12 4669 1
823 2253 1
162 3740 1
9968 4466 1
8084 8932 1
9622 6899 1
9251 7626 1
6205 149 1
1927 8941 1
5649 9954 1
261 3408 1
6236 9842 1
2 4889 1
4302 9948 1
2181 871 1
690 2466 1
147 3801 1
3238 322 1
7958 9027 1
1615 8677 1
232 6500 1
8596 8469 1
9980 4591 1
8254 1206 1
5462 9976 1
1685 8740 1
4458 30 1
347 6826 1
170 6289 1
7907 9064 1
2285 9196 1
7778 9153 1
3209 9665 1
3505 229 1
2446 9296 1
9945 4279 1
1524 8591 1
1829 1135 1
9824 6304 1
8486 8580 1
39 5610 1
4489 9971 1
9930 4185 1
112 6044 1
583 7340 1
4552 21 1
8683 8377 1
9965 5564 1
6327 9817 1
4054 9907 1
6567 253 1
5023 1 1
659 7478 1
2582 624 1
8553 1484 1
9316 2480 1
1853 1115 1
2890 9530 1
8301 1247 1
93 4046 1
9520 7129 1
2207 854 1
6021 107 1
3238 9676 1
9362 2562 1
9131 7811 1
241 3468 1
9722 6634 1
382 6913 1
5556 9966 1
9200 2292 1
9378 2589 1
8 5266 1
5243 9991 1
8206 8833 1
9847 3785 1
3839 9860 1
9902 4031 1
1732 8782 1
9284 7572 1
894 2148 1
9234 2345 1
6327 181 1
7347 9411 1
281 6649 1
7291 9440 1
5525 29 1
1023 1970 1
7856 898 1
139 6167 1
6745 316 1
9995 4873 1
6597 263 1
8301 8751 1
5898 82 1
9573 7015 1
5399 17 1
6804 9660 1
858 2200 1
484 7143 1
9393 7381 1
7933 953 1
7646 9238 1
6921 9613 1
1347 8412 1
3386 9730 1
5305 10 1
4928 9996 1
7512 9320 1
9451 2728 1
4646 14 1
9095 7863 1
4834 9994 1
154 3770 1
9958 5626 1
178 6319 1
5 4795 1
1120 8151 1
9997 5062 1
9949 4310 1
8927 1908 1
9534 7101 1
9989 5282 1
302 6708 1
4677 9987 1
3566 9787 1
471 7115 1
8394 1331 1
9987 5313 1
170 3709 1
3992 103 1
9712 3334 1
8746 1691 1
498 7172 1
3121 367 1
5867 77 1
9149 7785 1
7375 602 1
8463 8602 1
6567 9745 1
1061 8077 1
6597 9735 1
6508 234 1
9560 2955 1
7 5235 1
2027 981 1
5712 52 1
213 6440 1
4395 38 1
9347 2534 1
9166 7759 1
4271 54 1
7036 9563 1
2285 802 1
8206 1165 1
2078 9054 1
7457 9351 1
292 6679 1
1391 1541 1
313 6738 1
4991 9997 1
445 7058 1
9690 6723 1
31 5548 1
5337 12 1
7065 448 1
7830 880 1
9993 4810 1
8618 1552 1
9742 6575 1
8463 1396 1
1546 1385 1
5493 26 1
4520 24 1
7122 474 1
9815 6334 1
1829 8863 1
9732 6605 1
5836 9926 1
894 7850 1
4147 74 1
1546 8613 1
8618 8446 1
70 4170 1
1479 8547 1
789 2305 1
5243 7 1
6627 274 1
9465 2756 1
5960 9904 1
5023 9997 1
1662 1278 1
22 5454 1
7402 9381 1
1709 1237 1
3034 9594 1
9422 2672 1
1780 8823 1
2129 9091 1
1221 1727 1
7430 9366 1
2610 9389 1
9598 3041 1
5774 9937 1
2129 907 1
9200 7706 1
9935 4216 1
1977 1018 1
6508 9764 1
7984 9008 1
99 5983 1
5054 9997 1
8828 1786 1
3808 9853 1
3297 9698 1
1412 8480 1
3961 9888 1
6175 9857 1
7566 710 1
3356 9719 1
2 4920 1
4458 9968 1
3063 391 1
1042 1946 1
9832 6274 1
7958 971 1
675 2493 1
8766 1715 1
1 4952 1
9995 4842 1
8034 1028 1
9902 5967 1
9003 2008 1
9610 6928 1
1804 8843 1
9610 3070 1
9668 3216 1
4960 1 1
1592 8656 1
6686 9704 1
6657 9714 1
5180 4 1
4960 9997 1
7673 776 1
1479 1451 1
9996 5093 1
7830 9118 1
9598 6957 1
28 5517 1
251 3438 1
3063 9607 1
9378 7409 1
6775 9671 1
9983 4622 1
9771 3513 1
948 7927 1
195 6380 1
2365 751 1
9940 5751 1
241 6530 1
2002 999 1
4834 4 1
9945 5719 1
7726 9188 1
2473 686 1
8486 1418 1
81 5890 1
42 4356 1
7619 9255 1
2805 9490 1
568 7312 1
4302 50 1
9930 5813 1
5805 66 1
6387 198 1
2233 836 1
9267 7599 1
8575 1507 1
8725 8330 1
9862 6152 1
9437 7298 1
9059 2084 1
1524 1407 1
9995 5125 1
9316 7518 1
9896 5998 1
8348 8709 1
5211 9992 1
7752 9170 1
4583 9980 1
7726 810 1
6892 9625 1
9855 3816 1
4999 4999 4996
8254 8792 1
9059 7914 1
7907 934 1
5211 6 1
9869 3877 1
432 2969 1
7484 9335 1
9862 3846 1
1369 1563 1
7207 515 1
540 2742 1
4 4826 1
9997 4968 1
2392 735 1
1305 8365 1
3475 9759 1
132 6136 1
65 5797 1
4116 9918 1
4364 41 1
6657 284 1
5274 9989 1
9961 5595 1
9585 3012 1
3092 9619 1
1902 1076 1
3209 333 1
6745 9682 1
232 3498 1
9408 7354 1
6387 9800 1
5929 88 1
5 5203 1
9908 4062 1
4209 9934 1
628 7423 1
9479 7214 1
204 6410 1
2637 9404 1
419 7000 1
4928 2 1
7263 543 1
93 5952 1
4209 64 1
9840 3755 1
9953 4341 1
3778 153 1
5274 9 1
222 3528 1
3416 9740 1
823 7745 1
9645 3157 1
1457 1473 1
1434 8502 1
9876 3908 1
9022 2033 1
9465 7242 1
204 3588 1
3005 416 1
9657 3187 1
9991 5250 1
6833 350 1
1101 1871 1
8640 1575 1
6447 9783 1
5431 20 1
19 5423 1
394 6942 1
8828 8212 1
5431 9978 1
3869 130 1
1326 1609 1
4 5172 1
6892 373 1
3596 9796 1
471 2883 1
25 4513 1
9149 2213 1
9965 4434 1
9920 4123 1
8807 8236 1
8230 8812 1
9234 7653 1
55 4263 1
2777 9476 1
51 4294 1
8181 1145 1
35 4419 1
9422 7326 1
2365 9247 1
2862 481 1
7933 9045 1
8133 8893 1
9935 5782 1
445 2940 1
3566 211 1
9077 7888 1
14 5360 1
7007 9576 1
4552 9977 1
690 7532 1
1569 1364 1
9347 7464 1
8640 8423 1
5117 2 1
9883 6060 1
4240 9939 1
9534 2897 1
8530 8536 1
8848 8188 1
8508 1440 1
5898 9916 1
2 5109 1
8157 8873 1
1501 1429 1
2155 9109 1
313 3260 1
2749 536 1
7207 9483 1
9479 2784 1
5618 9958 1
1 5046 1
3656 9813 1
7984 990 1
9573 2983 1
4865 3 1
1347 1586 1
4614 16 1
2181 9127 1
9183 7732 1
5556 32 1
9300 2453 1
7007 422 1
3778 9845 1
132 3862 1
105 3984 1
55 5735 1
8508 8558 1
8277 1226 1
9041 7939 1
1434 1496 1
2805 508 1
9217 7679 1
526 7228 1
5805 9932 1
841 7772 1
178 3679 1
8371 1310 1
9896 4000 1
2078 944 1
16 4606 1
3179 344 1
9914 4092 1
2002 8999 1
7856 9100 1
8230 1186 1
9634 6870 1
1952 1037 1
6113 127 1
9722 3364 1
8907 8114 1
7291 558 1
3327 289 1
2721 550 1
7036 435 1
213 3558 1
9992 4779 1
8766 8283 1
7319 9426 1
8440 1374 1
87 4077 1
1221 8271 1
512 7200 1
6357 189 1
302 3290 1
3839 138 1
1780 1175 1
60 4232 1
540 7256 1
8133 1105 1
19 4575 1
7179 501 1
6144 134 1
1023 8028 1
9789 3573 1
3386 268 1
9968 5532 1
3931 9881 1
9022 7965 1
8683 1621 1
1569 8634 1
9095 2135 1
60 5766 1
8746 8307 1
2693 9433 1
5587 36 1
407 6971 1
4740 9990 1
9824 3694 1
9547 7072 1
9645 6841 1
5587 9962 1
65 4201 1
1120 1847 1
7699 793 1
4178 9929 1
4271 9944 1
739 2385 1
4708 9989 1
4677 11 1
222 6470 1
1592 1342 1
7179 9497 1
81 4108 1
9908 5936 1
8868 1835 1
47 5673 1
2610 609 1
9701 6694 1
5493 9972 1
4803 5 1
9914 5906 1
2862 9517 1
675 7505 1
7 4763 1
4333 46 1
5180 9994 1
2500 671 1
583 2658 1
9991 4748 1
2665 579 1
3535 220 1
1732 1216 1
8807 1762 1
358 3143 1
755 7640 1
6921 385 1
4771 6 1
9284 2426 1
5990 9898 1
162 6258 1
9331 2507 1
1638 8698 1
3535 9778 1
9331 7491 1
2833 494 1
9997 4936 1
659 2520 1
7430 632 1
9507 2841 1
6863 361 1
9762 6515 1
1952 8961 1
9657 6811 1
1756 1196 1
7122 9524 1
4803 9993 1
6236 156 1
9972 5501 1
1004 1996 1
6775 327 1
118 6075 1
25 5485 1
1180 1774 1
9925 5844 1
2500 9327 1
4427 34 1
3626 9805 1
22 4544 1
9041 2059 1
7539 9304 1
3416 258 1
9920 5875 1
8530 1462 1
147 6197 1
9978 5439 1
9547 2926 1
4023 9901 1
598 7368 1
51 5704 1
2392 9263 1
1042 8052 1
643 2548 1
9925 4154 1
251 6560 1
8417 1353 1
8575 8491 1
2582 9374 1
7263 9455 1
8 4732 1
1263 8319 1
2419 9279 1
9876 6090 1
2446 702 1
512 2798 1
1326 8389 1
2947 441 1
2 5078 1
3596 202 1
8848 1810 1
9780 6455 1
1101 8127 1
1685 1258 1
