1000 10
5891 3005
1854 8768
6245 1420
3111 5798
5538 5897
4781 815
7028 2905
4551 827
9458 5426
879 8107
5082 3922
1295 9106
3216 1669
9885 6933
9493 2572
1225 3321
3156 5538
2262 2116
9905 6263
3133 4710
9159 1352
6904 8840
8233 8355
6129 7754
6603 1021
367 1466
8926 7685
5443 7335
3152 652
8046 4134
484 715
5031 4861
2359 5201
9839 7200
6212 3616
5310 6335
569 1771
6975 6615
1526 3114
1920 7694
5521 7948
4941 4557
4639 1618
2362 532
4767 720
3647 3597
2732 4771
5413 1446
9504 3984
8056 4226
2193 6725
9209 3834
1607 8279
6743 7422
9478 568
8257 2185
9406 8239
6567 1038
574 7989
9945 5611
6574 490
8536 3328
2095 9584
7971 888
1208 6047
4789 4168
2813 7536
5318 4988
5891 5255
8782 5839
9920 7140
406 5326
3057 9814
248 7410
7452 486
7904 7799
5257 1416
9512 8233
5753 9620
984 3663
9831 6424
6432 3564
2413 0
963 688
6954 5530
3721 8464
1850 8092
9674 6589
8607 9426
1067 630
8528 4519
2672 3888
7020 5877
9568 8713
962 6188
4738 9804
2830 1734
7887 3662
3747 9433
7088 9737
8341 6345
6634 6006
8003 612
4244 210
7797 2077
6782 3393
9335 4837
3196 4600
4668 8433
4269 5238
4525 2504
2465 8212
1702 444
6523 5520
8955 7152
3805 978
2447 9487
9206 4620
2326 7328
6698 8226
5989 2062
9621 9498
9357 4764
6743 7371
7587 1519
2022 6014
8997 6879
7334 5362
988 6050
1125 8067
8817 9946
9881 6657
7516 1442
1219 9920
5945 9372
8600 5054
6282 7158
7995 1191
9117 5198
9116 4052
8723 6663
2614 1549
9705 4511
9117 2383
9514 8557
8553 3922
2768 7793
8612 4766
1067 1423
6696 3383
4138 4796
8689 7098
8250 6416
6665 3716
8545 9320
1293 3601
9911 9339
7309 2972
7093 9411
3315 3938
605 2543
3232 5527
3038 8242
2842 1075
8943 5574
731 4022
1017 5435
9101 4567
7536 1183
6524 9865
5647 7064
7804 8195
5283 8899
8708 2014
4047 3256
6977 2713
4411 6333
1498 9076
4437 3044
6520 5092
6689 184
265 6772
7324 638
5598 1296
8146 5331
2006 8054
5788 7551
7889 5369
6594 6114
9568 6642
7260 9387
8095 949
2033 9529
782 5149
4561 3514
1610 391
706 3821
3270 5558
1597 8112
8825 500
2176 1144
6362 5838
7966 4057
3896 2874
9118 6074
3002 4159
565 2546
7744 3897
1696 7033
5504 1383
3944 3812
8043 5346
5596 3358
200 6252
4536 2208
1899 865
4351 9048
5865 6603
3751 6083
1277 7650
3972 5565
982 8377
8030 1249
237 4048
2043 1421
8603 2772
6896 8542
9124 5631
1760 6825
9464 6030
9219 9624
2497 7691
3733 7588
3399 9890
5103 5029
2884 3197
9518 6931
7810 5096
2323 5613
9370 5720
1847 4408
6284 5998
7277 3388
9188 2568
9338 5317
6333 7750
9967 1452
942 9432
6739 4343
8758 266
4758 447
7249 3977
7981 4048
5245 6761
6137 9884
1129 7747
2739 9702
2574 7506
1770 90
6796 9143
8533 9413
7508 1879
9092 1353
6577 5455
1062 7839
8890 6348
920 6231
4223 1823
5021 5575
834 2410
1153 5873
1863 9358
5876 1934
214 3843
7946 8034
1647 3384
2586 4071
4580 5680
7327 8384
9106 2626
3852 6291
6244 1525
9726 3217
9546 8599
158 1588
9296 590
9042 9528
3502 6153
4516 5786
281 6129
4146 5667
7538 2054
171 8104
2863 9471
930 4940
1009 8156
5171 5026
9688 1781
8113 5042
4324 9134
647 18
755 437
5242 3038
6023 2610
637 3564
9589 4237
409 3818
8500 2081
2616 6174
3674 9936
6697 5465
9892 6345
9038 1515
9826 346
874 7384
3787 6069
452 9619
6244 6609
4413 9585
9726 9540
5608 256
3470 8175
8679 1064
4768 4241
45 5360
3436 4558
5034 100
5670 8384
5766 6770
7296 5883
8755 6494
3674 1238
2686 3879
781 7631
8747 1404
6870 5416
9781 9296
99 5966
9038 9076
9003 7593
3145 9862
9046 9901
6408 368
7631 5792
1473 4909
4399 5437
4438 9165
305 4586
9368 657
5207 2516
9973 9517
5369 6958
200 594
3836 7273
7978 436
6026 5075
2326 2850
8802 1422
5952 7648
5418 673
3106 7968
9809 9078
9945 5457
5004 2107
8473 4101
3879 6873
5889 4026
158 6760
5151 6548
5920 8685
3124 3001
6707 8888
504 2348
1433 8505
8375 5676
9004 4396
1991 8542
6171 3293
9343 5849
8816 3616
686 9645
3421 5667
9828 7494
7241 1507
2605 1864
9023 5314
4821 9392
304 9408
9005 4303
9661 5543
1967 9116
9548 6455
3179 3890
7115 1717
3306 7595
4395 9659
1147 2724
6269 8847
5735 6151
6447 7562
3766 4454
8589 805
878 2619
6997 8248
2901 8048
6234 8869
3728 8304
2637 9974
8076 6841
4882 7780
4337 7021
5343 3528
6195 3319
724 9293
682 4198
4242 8974
2703 2848
1320 9392
5570 3055
5267 1894
1917 897
9602 9971
6441 5318
9562 2001
9136 6231
3673 4498
852 8909
5728 2768
9678 9271
6132 2555
9476 5681
3925 5787
4498 6768
4474 4474
1376 4959
5856 264
6423 9458
7646 6542
770 8527
5636 4693
75 4052
8867 2658
2045 4821
5696 4356
2684 8057
143 3993
9510 5273
222 5676
5348 1045
9768 4154
5256 8077
5496 8005
9146 277
2230 2760
9743 5614
252 8920
3031 5688
9810 1378
1038 8263
7625 9875
6716 2606
6002 1826
4187 2489
2650 7112
1893 3292
8868 2719
2847 8711
5536 9922
2279 3769
2804 213
1999 9600
7973 6575
4944 9691
1944 7451
9437 3041
8772 2749
4024 5692
4550 2540
5264 3978
4031 3518
9534 724
4823 9832
4603 3063
8664 2121
3053 5388
4046 8049
9484 5943
9653 7404
91 7231
8016 9111
7243 6415
8962 9981
1653 9216
1924 882
3384 7641
3166 9185
846 1196
6898 3555
7420 4117
3758 2549
9102 1004
9652 4859
1568 6462
4557 3334
2839 7235
4108 6346
7163 7992
9826 8467
7600 2303
5157 2046
9229 5268
5641 4830
3073 6006
9511 8488
4554 6445
6434 9852
4740 2288
1263 8648
1423 9055
804 6448
3201 893
9238 5217
3079 3424
145 7877
9913 5947
6689 1439
8672 9550
5229 3816
7451 9541
1294 5672
9159 4074
7953 4045
7074 9501
8010 359
7858 45
3278 1673
4284 3516
8224 8786
4639 3438
7138 89
5362 748
3735 2853
5465 317
952 5867
9822 3428
5716 7446
9796 5696
9665 9522
2740 6260
2224 7787
2019 976
452 984
2300 695
4021 3081
6766 2951
1129 3145
4017 2611
5539 2888
6571 1816
3439 6365
9436 2278
4785 9243
4770 8994
2957 526
3550 550
3584 484
5673 299
210 7689
8721 9776
4438 4443
3040 4916
3767 6954
8369 6133
3729 9223
3006 7706
8703 7374
6273 8282
3525 4627
5711 428
8000 7234
8703 4271
2236 1964
9972 4824
4965 2579
3748 7991
1060 2391
5395 7662
8746 2063
8729 6059
2791 2488
1126 7380
4085 8426
3409 6055
8417 2802
5059 6419
4296 9292
6574 6500
3763 8409
3690 1620
931 5529
3762 1574
4864 1272
2615 1486
3870 7593
960 792
7313 9302
1307 7703
4801 6796
4640 2042
5602 7546
8679 5948
2700 9967
9214 5505
4165 384
8632 5431
1315 8820
4294 6722
8873 7049
1343 4974
6896 5938
3623 7482
331 4940
380 1813
8158 7893
6731 1595
4608 3961
7652 2902
3091 8865
5587 7112
7237 2856
9222 9218
6859 4148
7208 5954
4335 40
8283 7096
8593 6479
6596 6401
1743 7679
7878 268
1659 53
7391 4184
9507 7636
8855 3553
6020 7311
1740 5057
9250 3626
5803 9278
7996 7298
3020 1231
5375 4676
708 8455
2556 5412
3290 2290
7555 5565
1003 1344
3559 9282
9560 7481
6836 6617
5886 9265
8359 9838
5563 2775
9971 5536
8279 3321
9116 3678
8721 6805
3179 6896
8877 1731
9294 7522
6502 5129
1652 8075
7189 1285
1422 3198
3657 8879
7402 9645
9896 9099
8004 8930
5002 8195
7113 9272
7533 3340
8100 1782
8193 6825
1221 6661
368 700
2081 4659
9489 4994
2464 128
5891 3407
6891 3404
9157 7241
3857 9152
7541 7074
3057 7456
2785 1337
6532 2107
1780 1057
6563 327
1245 8641
9695 8398
6478 5003
8494 5619
4025 7613
3565 4599
4234 4954
1241 3989
8034 8973
9017 2090
3016 9746
9943 3100
6795 7446
9085 4603
3280 5940
2675 8533
2107 7204
1037 6350
5562 287
2534 4684
2205 1711
4143 5029
9465 5644
7496 1916
2389 5668
2314 8804
3459 3668
6124 3810
1640 2918
5348 254
3620 4640
6505 9787
9088 6452
9655 3154
3149 6623
8453 5196
3803 3017
3774 3618
9298 3148
7357 1585
1172 3403
3065 749
294 8759
9285 1690
2944 233
5731 3523
2042 5390
5004 7596
3344 3274
7045 3547
5829 8837
2711 493
8838 2896
6643 901
9646 7523
3703 2359
87 5519
2684 8598
301 935
4920 5500
4607 3086
4829 1854
7771 5342
6984 809
3550 2414
4219 8657
8602 9465
1373 6983
2167 6350
5844 5581
8238 6295
5305 6305
9894 8667
9753 4264
4400 2301
6119 6004
2392 3236
953 606
1774 125
2154 4610
35 9175
3677 3001
1182 4784
8523 3154
7274 9865
1620 848
7242 8189
8113 4962
6954 5755
6979 5525
5453 3558
3955 8079
2113 6699
7371 7860
2297 9797
5523 537
5510 3095
9218 807
973 9163
2765 9365
2447 8119
3038 7843
2197 2134
7269 5147
7625 1455
1426 8914
4475 6249
5222 8082
2171 6444
9656 6640
6342 730
5588 1144
3303 8677
5319 7939
4256 1046
2861 3556
7119 5290
5478 7791
211 1836
759 6716
9844 8362
7392 8209
7867 8430
2147 7881
9387 9089
2409 7831
1900 7443
4226 1025
1736 1055
3836 3406
9352 4832
9735 1528
3358 7990
7735 7512
2677 2704
9546 6302
8657 6575
3831 5165
4330 4010
3097 8440
4645 2694
5164 4136
5747 745
2711 4554
9354 8160
4931 6762
2498 1402
790 1227
2810 988
4726 2261
3822 1541
7989 3076
8758 8902
6048 5381
9238 1687
8249 830
2750 9465
4851 6911
5694 412
4749 8466
3886 4295
4312 7903
4285 3905
3540 3086
3791 7067
2004 8021
8776 3657
6346 8100
102 7159
8750 3596
8426 8488
3492 5825
266 4163
7905 264
887 5321
2971 4771
466 4577
5817 1194
245 5303
1254 4168
334 4477
1920 286
4778 7796
5495 9900
9370 6020
1023 8238
3092 6956
7716 1450
818 9664
7689 8788
6759 4304
6088 1952
9416 3534
5719 194
928 382
9933 9729
5898 9476
7210 5767
6769 4473
9180 5993
7441 8873
5228 7950
9954 3490
176 4837
8665 612
7066 583
5097 9086
3065 6003
4053 2282
6435 2892
4007 6157
7466 7672
9013 3580
9171 1286
9581 7760
4449 5581
9098 980
9002 3178
9703 715
7323 889
1020 7305
6349 2036
9457 4928
4695 6322
9296 3463
8333 4244
4970 33
5773 2793
7646 6892
9952 7698
5952 1276
1634 1240
1374 4322
6328 684
1758 6390
8726 7933
2435 3198
3250 361
8855 8414
5016 9801
5986 6130
6016 6465
9194 9870
2554 8927
3141 1154
9859 1641
5937 2967
783 5652
831 9815
4779 7540
6584 5634
7004 9172
170 3116
9630 3512
5363 5422
9991 120
8624 3749
2170 9401
8026 740
270 5292
1632 1328
1016 7187
8431 1798
7791 6803
9453 9726
4310 7653
2507 8807
9112 2709
4993 1253
4813 4190
3656 6759
4480 188
9909 1654
2695 4360
5875 1434
3669 2586
8794 1205
2239 6692
5500 9414
6150 7995
7025 5203
679 6957
4780 6158
5268 2301
9286 7132
2248 5647
9434 7505
1072 2495
9665 5558
7887 5811
2508 9382
6054 1231
6367 250
5531 8603
3528 8344
7701 5765
5045 4564
6083 1461
8456 7659
3664 3924
3230 4893
8933 3589
9709 4768
5321 8553
9814 2170 142
7868 1527 99
1074 9842 85
8189 4758 118
1778 4521 97
1500 6058 114
8942 4931 112
4924 7101 159
3539 9947 91
6433 3713 120
