1000 1000
0 10
8 10
16 10
24 10
32 10
40 10
48 10
56 10
64 10
72 10
80 10
88 10
96 10
104 10
112 10
120 10
128 10
136 10
144 10
152 10
160 10
168 10
176 10
184 10
192 10
200 10
208 10
216 10
224 10
232 10
240 10
248 10
256 10
264 10
272 10
280 10
288 10
296 10
304 10
312 10
320 10
328 10
336 10
344 10
352 10
360 10
368 10
376 10
384 10
392 10
400 10
408 10
416 10
424 10
432 10
440 10
448 10
456 10
464 10
472 10
480 10
488 10
496 10
504 10
512 10
520 10
528 10
536 10
544 10
552 10
560 10
568 10
576 10
584 10
592 10
600 10
608 10
616 10
624 10
632 10
640 10
648 10
656 10
664 10
672 10
680 10
688 10
696 10
704 10
712 10
720 10
728 10
736 10
744 10
752 10
760 10
768 10
776 10
784 10
792 10
800 10
808 10
816 10
824 10
832 10
840 10
848 10
856 10
864 10
872 10
880 10
888 10
896 10
904 10
912 10
920 10
928 10
936 10
944 10
952 10
960 10
968 10
976 10
984 10
992 10
1000 10
1008 10
1016 10
1024 10
1032 10
1040 10
1048 10
1056 10
1064 10
1072 10
1080 10
1088 10
1096 10
1104 10
1112 10
1120 10
1128 10
1136 10
1144 10
1152 10
1160 10
1168 10
1176 10
1184 10
1192 10
1200 10
1208 10
1216 10
1224 10
1232 10
1240 10
1248 10
1256 10
1264 10
1272 10
1280 10
1288 10
1296 10
1304 10
1312 10
1320 10
1328 10
1336 10
1344 10
1352 10
1360 10
1368 10
1376 10
1384 10
1392 10
1400 10
1408 10
1416 10
1424 10
1432 10
1440 10
1448 10
1456 10
1464 10
1472 10
1480 10
1488 10
1496 10
1504 10
1512 10
1520 10
1528 10
1536 10
1544 10
1552 10
1560 10
1568 10
1576 10
1584 10
1592 10
1600 10
1608 10
1616 10
1624 10
1632 10
1640 10
1648 10
1656 10
1664 10
1672 10
1680 10
1688 10
1696 10
1704 10
1712 10
1720 10
1728 10
1736 10
1744 10
1752 10
1760 10
1768 10
1776 10
1784 10
1792 10
1800 10
1808 10
1816 10
1824 10
1832 10
1840 10
1848 10
1856 10
1864 10
1872 10
1880 10
1888 10
1896 10
1904 10
1912 10
1920 10
1928 10
1936 10
1944 10
1952 10
1960 10
1968 10
1976 10
1984 10
1992 10
2000 10
2008 10
2016 10
2024 10
2032 10
2040 10
2048 10
2056 10
2064 10
2072 10
2080 10
2088 10
2096 10
2104 10
2112 10
2120 10
2128 10
2136 10
2144 10
2152 10
2160 10
2168 10
2176 10
2184 10
2192 10
2200 10
2208 10
2216 10
2224 10
2232 10
2240 10
2248 10
2256 10
2264 10
2272 10
2280 10
2288 10
2296 10
2304 10
2312 10
2320 10
2328 10
2336 10
2344 10
2352 10
2360 10
2368 10
2376 10
2384 10
2392 10
2400 10
2408 10
2416 10
2424 10
2432 10
2440 10
2448 10
2456 10
2464 10
2472 10
2480 10
2488 10
2496 10
2504 10
2512 10
2520 10
2528 10
2536 10
2544 10
2552 10
2560 10
2568 10
2576 10
2584 10
2592 10
2600 10
2608 10
2616 10
2624 10
2632 10
2640 10
2648 10
2656 10
2664 10
2672 10
2680 10
2688 10
2696 10
2704 10
2712 10
2720 10
2728 10
2736 10
2744 10
2752 10
2760 10
2768 10
2776 10
2784 10
2792 10
2800 10
2808 10
2816 10
2824 10
2832 10
2840 10
2848 10
2856 10
2864 10
2872 10
2880 10
2888 10
2896 10
2904 10
2912 10
2920 10
2928 10
2936 10
2944 10
2952 10
2960 10
2968 10
2976 10
2984 10
2992 10
3000 10
3008 10
3016 10
3024 10
3032 10
3040 10
3048 10
3056 10
3064 10
3072 10
3080 10
3088 10
3096 10
3104 10
3112 10
3120 10
3128 10
3136 10
3144 10
3152 10
3160 10
3168 10
3176 10
3184 10
3192 10
3200 10
3208 10
3216 10
3224 10
3232 10
3240 10
3248 10
3256 10
3264 10
3272 10
3280 10
3288 10
3296 10
3304 10
3312 10
3320 10
3328 10
3336 10
3344 10
3352 10
3360 10
3368 10
3376 10
3384 10
3392 10
3400 10
3408 10
3416 10
3424 10
3432 10
3440 10
3448 10
3456 10
3464 10
3472 10
3480 10
3488 10
3496 10
3504 10
3512 10
3520 10
3528 10
3536 10
3544 10
3552 10
3560 10
3568 10
3576 10
3584 10
3592 10
3600 10
3608 10
3616 10
3624 10
3632 10
3640 10
3648 10
3656 10
3664 10
3672 10
3680 10
3688 10
3696 10
3704 10
3712 10
3720 10
3728 10
3736 10
3744 10
3752 10
3760 10
3768 10
3776 10
3784 10
3792 10
3800 10
3808 10
3816 10
3824 10
3832 10
3840 10
3848 10
3856 10
3864 10
3872 10
3880 10
3888 10
3896 10
3904 10
3912 10
3920 10
3928 10
3936 10
3944 10
3952 10
3960 10
3968 10
3976 10
3984 10
3992 10
4000 10
4008 10
4016 10
4024 10
4032 10
4040 10
4048 10
4056 10
4064 10
4072 10
4080 10
4088 10
4096 10
4104 10
4112 10
4120 10
4128 10
4136 10
4144 10
4152 10
4160 10
4168 10
4176 10
4184 10
4192 10
4200 10
4208 10
4216 10
4224 10
4232 10
4240 10
4248 10
4256 10
4264 10
4272 10
4280 10
4288 10
4296 10
4304 10
4312 10
4320 10
4328 10
4336 10
4344 10
4352 10
4360 10
4368 10
4376 10
4384 10
4392 10
4400 10
4408 10
4416 10
4424 10
4432 10
4440 10
4448 10
4456 10
4464 10
4472 10
4480 10
4488 10
4496 10
4504 10
4512 10
4520 10
4528 10
4536 10
4544 10
4552 10
4560 10
4568 10
4576 10
4584 10
4592 10
4600 10
4608 10
4616 10
4624 10
4632 10
4640 10
4648 10
4656 10
4664 10
4672 10
4680 10
4688 10
4696 10
4704 10
4712 10
4720 10
4728 10
4736 10
4744 10
4752 10
4760 10
4768 10
4776 10
4784 10
4792 10
4800 10
4808 10
4816 10
4824 10
4832 10
4840 10
4848 10
4856 10
4864 10
4872 10
4880 10
4888 10
4896 10
4904 10
4912 10
4920 10
4928 10
4936 10
4944 10
4952 10
4960 10
4968 10
4976 10
4984 10
4992 10
5000 10
5008 10
5016 10
5024 10
5032 10
5040 10
5048 10
5056 10
5064 10
5072 10
5080 10
5088 10
5096 10
5104 10
5112 10
5120 10
5128 10
5136 10
5144 10
5152 10
5160 10
5168 10
5176 10
5184 10
5192 10
5200 10
5208 10
5216 10
5224 10
5232 10
5240 10
5248 10
5256 10
5264 10
5272 10
5280 10
5288 10
5296 10
5304 10
5312 10
5320 10
5328 10
5336 10
5344 10
5352 10
5360 10
5368 10
5376 10
5384 10
5392 10
5400 10
5408 10
5416 10
5424 10
5432 10
5440 10
5448 10
5456 10
5464 10
5472 10
5480 10
5488 10
5496 10
5504 10
5512 10
5520 10
5528 10
5536 10
5544 10
5552 10
5560 10
5568 10
5576 10
5584 10
5592 10
5600 10
5608 10
5616 10
5624 10
5632 10
5640 10
5648 10
5656 10
5664 10
5672 10
5680 10
5688 10
5696 10
5704 10
5712 10
5720 10
5728 10
5736 10
5744 10
5752 10
5760 10
5768 10
5776 10
5784 10
5792 10
5800 10
5808 10
5816 10
5824 10
5832 10
5840 10
5848 10
5856 10
5864 10
5872 10
5880 10
5888 10
5896 10
5904 10
5912 10
5920 10
5928 10
5936 10
5944 10
5952 10
5960 10
5968 10
5976 10
5984 10
5992 10
6000 10
6008 10
6016 10
6024 10
6032 10
6040 10
6048 10
6056 10
6064 10
6072 10
6080 10
6088 10
6096 10
6104 10
6112 10
6120 10
6128 10
6136 10
6144 10
6152 10
6160 10
6168 10
6176 10
6184 10
6192 10
6200 10
6208 10
6216 10
6224 10
6232 10
6240 10
6248 10
6256 10
6264 10
6272 10
6280 10
6288 10
6296 10
6304 10
6312 10
6320 10
6328 10
6336 10
6344 10
6352 10
6360 10
6368 10
6376 10
6384 10
6392 10
6400 10
6408 10
6416 10
6424 10
6432 10
6440 10
6448 10
6456 10
6464 10
6472 10
6480 10
6488 10
6496 10
6504 10
6512 10
6520 10
6528 10
6536 10
6544 10
6552 10
6560 10
6568 10
6576 10
6584 10
6592 10
6600 10
6608 10
6616 10
6624 10
6632 10
6640 10
6648 10
6656 10
6664 10
6672 10
6680 10
6688 10
6696 10
6704 10
6712 10
6720 10
6728 10
6736 10
6744 10
6752 10
6760 10
6768 10
6776 10
6784 10
6792 10
6800 10
6808 10
6816 10
6824 10
6832 10
6840 10
6848 10
6856 10
6864 10
6872 10
6880 10
6888 10
6896 10
6904 10
6912 10
6920 10
6928 10
6936 10
6944 10
6952 10
6960 10
6968 10
6976 10
6984 10
6992 10
7000 10
7008 10
7016 10
7024 10
7032 10
7040 10
7048 10
7056 10
7064 10
7072 10
7080 10
7088 10
7096 10
7104 10
7112 10
7120 10
7128 10
7136 10
7144 10
7152 10
7160 10
7168 10
7176 10
7184 10
7192 10
7200 10
7208 10
7216 10
7224 10
7232 10
7240 10
7248 10
7256 10
7264 10
7272 10
7280 10
7288 10
7296 10
7304 10
7312 10
7320 10
7328 10
7336 10
7344 10
7352 10
7360 10
7368 10
7376 10
7384 10
7392 10
7400 10
7408 10
7416 10
7424 10
7432 10
7440 10
7448 10
7456 10
7464 10
7472 10
7480 10
7488 10
7496 10
7504 10
7512 10
7520 10
7528 10
7536 10
7544 10
7552 10
7560 10
7568 10
7576 10
7584 10
7592 10
7600 10
7608 10
7616 10
7624 10
7632 10
7640 10
7648 10
7656 10
7664 10
7672 10
7680 10
7688 10
7696 10
7704 10
7712 10
7720 10
7728 10
7736 10
7744 10
7752 10
7760 10
7768 10
7776 10
7784 10
7792 10
7800 10
7808 10
7816 10
7824 10
7832 10
7840 10
7848 10
7856 10
7864 10
7872 10
7880 10
7888 10
7896 10
7904 10
7912 10
7920 10
7928 10
7936 10
7944 10
7952 10
7960 10
7968 10
7976 10
7984 10
7992 10
4 8 1
12 8 1
20 8 1
28 8 1
36 8 1
44 8 1
52 8 1
60 8 1
68 8 1
76 8 1
84 8 1
92 8 1
100 8 1
108 8 1
116 8 1
124 8 1
132 8 1
140 8 1
148 8 1
156 8 1
164 8 1
172 8 1
180 8 1
188 8 1
196 8 1
204 8 1
212 8 1
220 8 1
228 8 1
236 8 1
244 8 1
252 8 1
260 8 1
268 8 1
276 8 1
284 8 1
292 8 1
300 8 1
308 8 1
316 8 1
324 8 1
332 8 1
340 8 1
348 8 1
356 8 1
364 8 1
372 8 1
380 8 1
388 8 1
396 8 1
404 8 1
412 8 1
420 8 1
428 8 1
436 8 1
444 8 1
452 8 1
460 8 1
468 8 1
476 8 1
484 8 1
492 8 1
500 8 1
508 8 1
516 8 1
524 8 1
532 8 1
540 8 1
548 8 1
556 8 1
564 8 1
572 8 1
580 8 1
588 8 1
596 8 1
604 8 1
612 8 1
620 8 1
628 8 1
636 8 1
644 8 1
652 8 1
660 8 1
668 8 1
676 8 1
684 8 1
692 8 1
700 8 1
708 8 1
716 8 1
724 8 1
732 8 1
740 8 1
748 8 1
756 8 1
764 8 1
772 8 1
780 8 1
788 8 1
796 8 1
804 8 1
812 8 1
820 8 1
828 8 1
836 8 1
844 8 1
852 8 1
860 8 1
868 8 1
876 8 1
884 8 1
892 8 1
900 8 1
908 8 1
916 8 1
924 8 1
932 8 1
940 8 1
948 8 1
956 8 1
964 8 1
972 8 1
980 8 1
988 8 1
996 8 1
1004 8 1
1012 8 1
1020 8 1
1028 8 1
1036 8 1
1044 8 1
1052 8 1
1060 8 1
1068 8 1
1076 8 1
1084 8 1
1092 8 1
1100 8 1
1108 8 1
1116 8 1
1124 8 1
1132 8 1
1140 8 1
1148 8 1
1156 8 1
1164 8 1
1172 8 1
1180 8 1
1188 8 1
1196 8 1
1204 8 1
1212 8 1
1220 8 1
1228 8 1
1236 8 1
1244 8 1
1252 8 1
1260 8 1
1268 8 1
1276 8 1
1284 8 1
1292 8 1
1300 8 1
1308 8 1
1316 8 1
1324 8 1
1332 8 1
1340 8 1
1348 8 1
1356 8 1
1364 8 1
1372 8 1
1380 8 1
1388 8 1
1396 8 1
1404 8 1
1412 8 1
1420 8 1
1428 8 1
1436 8 1
1444 8 1
1452 8 1
1460 8 1
1468 8 1
1476 8 1
1484 8 1
1492 8 1
1500 8 1
1508 8 1
1516 8 1
1524 8 1
1532 8 1
1540 8 1
1548 8 1
1556 8 1
1564 8 1
1572 8 1
1580 8 1
1588 8 1
1596 8 1
1604 8 1
1612 8 1
1620 8 1
1628 8 1
1636 8 1
1644 8 1
1652 8 1
1660 8 1
1668 8 1
1676 8 1
1684 8 1
1692 8 1
1700 8 1
1708 8 1
1716 8 1
1724 8 1
1732 8 1
1740 8 1
1748 8 1
1756 8 1
1764 8 1
1772 8 1
1780 8 1
1788 8 1
1796 8 1
1804 8 1
1812 8 1
1820 8 1
1828 8 1
1836 8 1
1844 8 1
1852 8 1
1860 8 1
1868 8 1
1876 8 1
1884 8 1
1892 8 1
1900 8 1
1908 8 1
1916 8 1
1924 8 1
1932 8 1
1940 8 1
1948 8 1
1956 8 1
1964 8 1
1972 8 1
1980 8 1
1988 8 1
1996 8 1
2004 8 1
2012 8 1
2020 8 1
2028 8 1
2036 8 1
2044 8 1
2052 8 1
2060 8 1
2068 8 1
2076 8 1
2084 8 1
2092 8 1
2100 8 1
2108 8 1
2116 8 1
2124 8 1
2132 8 1
2140 8 1
2148 8 1
2156 8 1
2164 8 1
2172 8 1
2180 8 1
2188 8 1
2196 8 1
2204 8 1
2212 8 1
2220 8 1
2228 8 1
2236 8 1
2244 8 1
2252 8 1
2260 8 1
2268 8 1
2276 8 1
2284 8 1
2292 8 1
2300 8 1
2308 8 1
2316 8 1
2324 8 1
2332 8 1
2340 8 1
2348 8 1
2356 8 1
2364 8 1
2372 8 1
2380 8 1
2388 8 1
2396 8 1
2404 8 1
2412 8 1
2420 8 1
2428 8 1
2436 8 1
2444 8 1
2452 8 1
2460 8 1
2468 8 1
2476 8 1
2484 8 1
2492 8 1
2500 8 1
2508 8 1
2516 8 1
2524 8 1
2532 8 1
2540 8 1
2548 8 1
2556 8 1
2564 8 1
2572 8 1
2580 8 1
2588 8 1
2596 8 1
2604 8 1
2612 8 1
2620 8 1
2628 8 1
2636 8 1
2644 8 1
2652 8 1
2660 8 1
2668 8 1
2676 8 1
2684 8 1
2692 8 1
2700 8 1
2708 8 1
2716 8 1
2724 8 1
2732 8 1
2740 8 1
2748 8 1
2756 8 1
2764 8 1
2772 8 1
2780 8 1
2788 8 1
2796 8 1
2804 8 1
2812 8 1
2820 8 1
2828 8 1
2836 8 1
2844 8 1
2852 8 1
2860 8 1
2868 8 1
2876 8 1
2884 8 1
2892 8 1
2900 8 1
2908 8 1
2916 8 1
2924 8 1
2932 8 1
2940 8 1
2948 8 1
2956 8 1
2964 8 1
2972 8 1
2980 8 1
2988 8 1
2996 8 1
3004 8 1
3012 8 1
3020 8 1
3028 8 1
3036 8 1
3044 8 1
3052 8 1
3060 8 1
3068 8 1
3076 8 1
3084 8 1
3092 8 1
3100 8 1
3108 8 1
3116 8 1
3124 8 1
3132 8 1
3140 8 1
3148 8 1
3156 8 1
3164 8 1
3172 8 1
3180 8 1
3188 8 1
3196 8 1
3204 8 1
3212 8 1
3220 8 1
3228 8 1
3236 8 1
3244 8 1
3252 8 1
3260 8 1
3268 8 1
3276 8 1
3284 8 1
3292 8 1
3300 8 1
3308 8 1
3316 8 1
3324 8 1
3332 8 1
3340 8 1
3348 8 1
3356 8 1
3364 8 1
3372 8 1
3380 8 1
3388 8 1
3396 8 1
3404 8 1
3412 8 1
3420 8 1
3428 8 1
3436 8 1
3444 8 1
3452 8 1
3460 8 1
3468 8 1
3476 8 1
3484 8 1
3492 8 1
3500 8 1
3508 8 1
3516 8 1
3524 8 1
3532 8 1
3540 8 1
3548 8 1
3556 8 1
3564 8 1
3572 8 1
3580 8 1
3588 8 1
3596 8 1
3604 8 1
3612 8 1
3620 8 1
3628 8 1
3636 8 1
3644 8 1
3652 8 1
3660 8 1
3668 8 1
3676 8 1
3684 8 1
3692 8 1
3700 8 1
3708 8 1
3716 8 1
3724 8 1
3732 8 1
3740 8 1
3748 8 1
3756 8 1
3764 8 1
3772 8 1
3780 8 1
3788 8 1
3796 8 1
3804 8 1
3812 8 1
3820 8 1
3828 8 1
3836 8 1
3844 8 1
3852 8 1
3860 8 1
3868 8 1
3876 8 1
3884 8 1
3892 8 1
3900 8 1
3908 8 1
3916 8 1
3924 8 1
3932 8 1
3940 8 1
3948 8 1
3956 8 1
3964 8 1
3972 8 1
3980 8 1
3988 8 1
3996 8 1
4004 8 1
4012 8 1
4020 8 1
4028 8 1
4036 8 1
4044 8 1
4052 8 1
4060 8 1
4068 8 1
4076 8 1
4084 8 1
4092 8 1
4100 8 1
4108 8 1
4116 8 1
4124 8 1
4132 8 1
4140 8 1
4148 8 1
4156 8 1
4164 8 1
4172 8 1
4180 8 1
4188 8 1
4196 8 1
4204 8 1
4212 8 1
4220 8 1
4228 8 1
4236 8 1
4244 8 1
4252 8 1
4260 8 1
4268 8 1
4276 8 1
4284 8 1
4292 8 1
4300 8 1
4308 8 1
4316 8 1
4324 8 1
4332 8 1
4340 8 1
4348 8 1
4356 8 1
4364 8 1
4372 8 1
4380 8 1
4388 8 1
4396 8 1
4404 8 1
4412 8 1
4420 8 1
4428 8 1
4436 8 1
4444 8 1
4452 8 1
4460 8 1
4468 8 1
4476 8 1
4484 8 1
4492 8 1
4500 8 1
4508 8 1
4516 8 1
4524 8 1
4532 8 1
4540 8 1
4548 8 1
4556 8 1
4564 8 1
4572 8 1
4580 8 1
4588 8 1
4596 8 1
4604 8 1
4612 8 1
4620 8 1
4628 8 1
4636 8 1
4644 8 1
4652 8 1
4660 8 1
4668 8 1
4676 8 1
4684 8 1
4692 8 1
4700 8 1
4708 8 1
4716 8 1
4724 8 1
4732 8 1
4740 8 1
4748 8 1
4756 8 1
4764 8 1
4772 8 1
4780 8 1
4788 8 1
4796 8 1
4804 8 1
4812 8 1
4820 8 1
4828 8 1
4836 8 1
4844 8 1
4852 8 1
4860 8 1
4868 8 1
4876 8 1
4884 8 1
4892 8 1
4900 8 1
4908 8 1
4916 8 1
4924 8 1
4932 8 1
4940 8 1
4948 8 1
4956 8 1
4964 8 1
4972 8 1
4980 8 1
4988 8 1
4996 8 1
5004 8 1
5012 8 1
5020 8 1
5028 8 1
5036 8 1
5044 8 1
5052 8 1
5060 8 1
5068 8 1
5076 8 1
5084 8 1
5092 8 1
5100 8 1
5108 8 1
5116 8 1
5124 8 1
5132 8 1
5140 8 1
5148 8 1
5156 8 1
5164 8 1
5172 8 1
5180 8 1
5188 8 1
5196 8 1
5204 8 1
5212 8 1
5220 8 1
5228 8 1
5236 8 1
5244 8 1
5252 8 1
5260 8 1
5268 8 1
5276 8 1
5284 8 1
5292 8 1
5300 8 1
5308 8 1
5316 8 1
5324 8 1
5332 8 1
5340 8 1
5348 8 1
5356 8 1
5364 8 1
5372 8 1
5380 8 1
5388 8 1
5396 8 1
5404 8 1
5412 8 1
5420 8 1
5428 8 1
5436 8 1
5444 8 1
5452 8 1
5460 8 1
5468 8 1
5476 8 1
5484 8 1
5492 8 1
5500 8 1
5508 8 1
5516 8 1
5524 8 1
5532 8 1
5540 8 1
5548 8 1
5556 8 1
5564 8 1
5572 8 1
5580 8 1
5588 8 1
5596 8 1
5604 8 1
5612 8 1
5620 8 1
5628 8 1
5636 8 1
5644 8 1
5652 8 1
5660 8 1
5668 8 1
5676 8 1
5684 8 1
5692 8 1
5700 8 1
5708 8 1
5716 8 1
5724 8 1
5732 8 1
5740 8 1
5748 8 1
5756 8 1
5764 8 1
5772 8 1
5780 8 1
5788 8 1
5796 8 1
5804 8 1
5812 8 1
5820 8 1
5828 8 1
5836 8 1
5844 8 1
5852 8 1
5860 8 1
5868 8 1
5876 8 1
5884 8 1
5892 8 1
5900 8 1
5908 8 1
5916 8 1
5924 8 1
5932 8 1
5940 8 1
5948 8 1
5956 8 1
5964 8 1
5972 8 1
5980 8 1
5988 8 1
5996 8 1
6004 8 1
6012 8 1
6020 8 1
6028 8 1
6036 8 1
6044 8 1
6052 8 1
6060 8 1
6068 8 1
6076 8 1
6084 8 1
6092 8 1
6100 8 1
6108 8 1
6116 8 1
6124 8 1
6132 8 1
6140 8 1
6148 8 1
6156 8 1
6164 8 1
6172 8 1
6180 8 1
6188 8 1
6196 8 1
6204 8 1
6212 8 1
6220 8 1
6228 8 1
6236 8 1
6244 8 1
6252 8 1
6260 8 1
6268 8 1
6276 8 1
6284 8 1
6292 8 1
6300 8 1
6308 8 1
6316 8 1
6324 8 1
6332 8 1
6340 8 1
6348 8 1
6356 8 1
6364 8 1
6372 8 1
6380 8 1
6388 8 1
6396 8 1
6404 8 1
6412 8 1
6420 8 1
6428 8 1
6436 8 1
6444 8 1
6452 8 1
6460 8 1
6468 8 1
6476 8 1
6484 8 1
6492 8 1
6500 8 1
6508 8 1
6516 8 1
6524 8 1
6532 8 1
6540 8 1
6548 8 1
6556 8 1
6564 8 1
6572 8 1
6580 8 1
6588 8 1
6596 8 1
6604 8 1
6612 8 1
6620 8 1
6628 8 1
6636 8 1
6644 8 1
6652 8 1
6660 8 1
6668 8 1
6676 8 1
6684 8 1
6692 8 1
6700 8 1
6708 8 1
6716 8 1
6724 8 1
6732 8 1
6740 8 1
6748 8 1
6756 8 1
6764 8 1
6772 8 1
6780 8 1
6788 8 1
6796 8 1
6804 8 1
6812 8 1
6820 8 1
6828 8 1
6836 8 1
6844 8 1
6852 8 1
6860 8 1
6868 8 1
6876 8 1
6884 8 1
6892 8 1
6900 8 1
6908 8 1
6916 8 1
6924 8 1
6932 8 1
6940 8 1
6948 8 1
6956 8 1
6964 8 1
6972 8 1
6980 8 1
6988 8 1
6996 8 1
7004 8 1
7012 8 1
7020 8 1
7028 8 1
7036 8 1
7044 8 1
7052 8 1
7060 8 1
7068 8 1
7076 8 1
7084 8 1
7092 8 1
7100 8 1
7108 8 1
7116 8 1
7124 8 1
7132 8 1
7140 8 1
7148 8 1
7156 8 1
7164 8 1
7172 8 1
7180 8 1
7188 8 1
7196 8 1
7204 8 1
7212 8 1
7220 8 1
7228 8 1
7236 8 1
7244 8 1
7252 8 1
7260 8 1
7268 8 1
7276 8 1
7284 8 1
7292 8 1
7300 8 1
7308 8 1
7316 8 1
7324 8 1
7332 8 1
7340 8 1
7348 8 1
7356 8 1
7364 8 1
7372 8 1
7380 8 1
7388 8 1
7396 8 1
7404 8 1
7412 8 1
7420 8 1
7428 8 1
7436 8 1
7444 8 1
7452 8 1
7460 8 1
7468 8 1
7476 8 1
7484 8 1
7492 8 1
7500 8 1
7508 8 1
7516 8 1
7524 8 1
7532 8 1
7540 8 1
7548 8 1
7556 8 1
7564 8 1
7572 8 1
7580 8 1
7588 8 1
7596 8 1
7604 8 1
7612 8 1
7620 8 1
7628 8 1
7636 8 1
7644 8 1
7652 8 1
7660 8 1
7668 8 1
7676 8 1
7684 8 1
7692 8 1
7700 8 1
7708 8 1
7716 8 1
7724 8 1
7732 8 1
7740 8 1
7748 8 1
7756 8 1
7764 8 1
7772 8 1
7780 8 1
7788 8 1
7796 8 1
7804 8 1
7812 8 1
7820 8 1
7828 8 1
7836 8 1
7844 8 1
7852 8 1
7860 8 1
7868 8 1
7876 8 1
7884 8 1
7892 8 1
7900 8 1
7908 8 1
7916 8 1
7924 8 1
7932 8 1
7940 8 1
7948 8 1
7956 8 1
7964 8 1
7972 8 1
7980 8 1
7988 8 1
7996 8 1
