1000 900
0 1605
6 533
17 7901
28 2148
35 7401
41 4488
47 4599
59 5946
63 3258
64 6353
68 3280
69 3244
82 7161
93 827
100 7139
111 1102
117 875
130 4045
135 5792
141 531
147 884
147 5985
151 3994
151 4828
163 6780
164 6889
166 5867
170 3918
172 7613
183 6364
198 7205
199 5358
200 6741
219 510
219 7166
228 4373
230 5436
239 5702
251 7444
252 2452
254 4375
258 1776
259 599
259 2754
262 964
264 6994
273 6407
276 2397
286 4234
294 7294
299 4613
303 4627
310 3759
323 6405
331 6871
338 1750
341 2542
348 2675
385 269
392 6212
409 1272
416 1755
417 1447
427 3479
439 802
443 6089
458 7102
472 1763
473 2856
478 2878
486 2849
492 4789
510 7004
513 4155
522 3227
532 1240
553 2228
561 2169
563 3097
566 7523
577 4580
582 4444
617 1147
620 5224
639 2651
645 4605
666 3934
689 7650
694 3430
710 1502
716 7235
721 5535
743 6094
751 1682
765 1564
774 3344
780 2383
780 7310
795 7258
797 6698
800 2764
801 2243
818 6733
821 5098
824 3601
831 5120
832 5872
840 5860
844 7042
849 2843
852 2847
864 3730
866 2022
875 5361
885 3320
913 6864
914 309
916 2574
917 6133
920 2342
921 4370
924 4400
934 5050
937 4593
955 4782
958 5031
978 6962
980 695
994 1512
999 7058
1001 4416
1008 2362
1034 3605
1045 3897
1064 1444
1065 443
1076 6538
1077 2410
1081 3174
1092 6995
1094 7981
1095 1193
1095 6171
1102 5891
1119 3447
1121 6784
1122 844
1136 1224
1140 3990
1146 6840
1154 1307
1183 1323
1184 2369
1186 2898
1200 4432
1205 138
1210 7546
1214 1224
1228 3165
1236 6657
1236 7283
1245 827
1246 3806
1254 3712
1271 5402
1272 6740
1273 5778
1274 1972
1287 6767
1291 5491
1295 325
1301 5640
1335 1364
1356 7026
1369 2900
1376 7054
1384 349
1398 5412
1406 1103
1407 5388
1413 3628
1414 5896
1414 7556
1422 2676
1431 5940
1451 437
1454 3761
1454 6727
1456 5910
1481 1942
1482 5646
1483 4736
1525 7994
1541 2206
1548 1221
1552 4041
1555 1006
1555 7663
1564 4580
1566 4890
1577 1623
1579 3997
1582 4194
1583 5461
1589 3513
1596 6945
1599 2832
1604 4019
1604 5752
1612 654
1614 514
1622 7806
1623 4956
1637 7691
1637 7835
1669 1187
1670 3188
1671 6937
1673 987
1675 5571
1682 7079
1683 6473
1694 1723
1700 3047
1711 5353
1718 5849
1723 6224
1725 1585
1735 2996
1736 5265
1739 58
1768 5396
1770 1232
1772 4297
1774 3975
1775 4441
1786 6845
1810 7508
1826 6796
1829 5743
1832 7602
1847 2418
1862 2273
1874 4373
1885 29
1890 412
1890 3979
1892 5644
1908 4211
1913 4599
1915 589
1930 94
1937 7039
1943 811
1947 6043
1951 4766
1958 6735
1961 2086
1966 1408
1978 1958
1980 7892
2006 3067
2014 1051
2030 7710
2033 6821
2045 1891
2062 2736
2071 7717
2075 5509
2088 6232
2094 6161
2099 5646
2105 803
2133 410
2133 6740
2147 346
2147 1485
2149 4141
2173 327
2182 573
2189 3875
2190 4734
2193 1555
2197 517
2197 1969
2197 7929
2200 7850
2203 7931
2209 591
2210 5057
2211 524
2211 7231
2215 7588
2243 525
2254 6570
2266 5430
2270 916
2310 6769
2322 5916
2328 7888
2337 7240
2347 2230
2354 3467
2367 2693
2369 3876
2369 5714
2384 3408
2391 5774
2404 3782
2404 7423
2407 1544
2408 192
2410 2621
2431 2722
2435 307
2438 4704
2461 1443
2469 6204
2474 2216
2476 1991
2481 4829
2501 4014
2509 363
2531 1759
2532 5247
2539 1921
2542 2719
2556 7797
2562 5477
2571 6349
2578 1452
2580 762
2590 5890
2600 5849
2606 7020
2608 7315
2620 4797
2629 3788
2632 2746
2633 2771
2646 1855
2654 5249
2658 6001
2673 220
2702 283
2711 2543
2712 7078
2713 6059
2725 6787
2790 3390
2791 4085
2798 628
2814 584
2830 4993
2831 4676
2836 1493
2838 5863
2851 2694
2859 7606
2865 5273
2868 3960
2884 475
2886 1709
2892 3703
2904 1141
2907 43
2918 1699
2920 441
2931 2710
2933 4298
2936 4042
2941 3777
2953 3787
2956 825
2960 4512
2962 4696
2969 7239
2983 5642
2999 4585
3007 3760
3010 4271
3014 6844
3022 7072
3032 1579
3047 1636
3051 4583
3055 138
3071 732
3078 6682
3091 3956
3093 4297
3093 7111
3101 891
3108 3108
3116 2059
3117 5679
3118 7645
3133 139
3138 3261
3151 3290
3180 5293
3185 6262
3193 5283
3194 1606
3198 2602
3200 3178
3207 4217
3211 2312
3217 3965
3266 1529
3268 7272
3279 6356
3287 5473
3290 6732
3294 2752
3307 6708
3325 6683
3340 7209
3350 5946
3360 7276
3363 1686
3366 2466
3374 7461
3376 2187
3378 3674
3381 4536
3387 6617
3399 45
3402 6911
3412 7007
3413 4846
3419 1638
3420 4605
3434 1267
3450 6457
3465 6859
3478 2675
3492 4227
3497 4094
3498 1282
3506 2342
3510 2580
3511 2961
3519 4327
3530 1749
3542 749
3542 6660
3572 7724
3577 4987
3583 6742
3603 6099
3605 6138
3614 4494
3620 6411
3623 6433
3628 14
3630 5892
3634 6968
3649 5950
3680 1751
3681 4388
3686 2447
3700 5504
3706 1877
3713 4596
3715 2429
3717 4766
3731 229
3743 7433
3771 6052
3774 2743
3807 7466
3808 6885
3811 4987
3818 1647
3828 4080
3838 4730
3843 1421
3845 3515
3860 6824
3861 3976
3895 3338
3901 3755
3902 3860
3903 5114
3907 6292
3915 4805
3915 7079
3919 274
3924 1230
3930 5149
3947 7234
3952 2545
3956 4922
3956 6264
3961 266
3962 2034
3973 5878
3977 1771
3981 1549
3987 1986
3990 2364
4007 2584
4047 7962
4064 3972
4071 3184
4077 4882
4082 6945
4097 2583
4106 2898
4107 6815
4107 7346
4115 2149
4119 2546
4133 673
4143 1318
4173 1950
4173 3962
4180 7611
4185 762
4195 767
4197 1629
4201 5744
4204 4201
4214 2636
4218 6096
4221 467
4226 3680
4226 4567
4236 3774
4245 1007
4252 6827
4256 3267
4258 2669
4282 470
4295 1063
4301 601
4321 6247
4321 6828
4321 7631
4323 4735
4326 6900
4335 5822
4338 1922
4341 5257
4344 5491
4359 1181
4379 4799
4385 1021
4398 6006
4409 1004
4410 3159
4415 4535
4418 4041
4420 4001
4433 2795
4448 4280
4451 5287
4454 4832
4484 5575
4495 3181
4497 1799
4502 3375
4504 2632
4514 1436
4515 2879
4519 5028
4523 5848
4527 3498
4532 3385
4532 7918
4536 4140
4562 4274
4573 3782
4575 92
4584 2958
4585 2301
4587 3042
4591 1712
4598 1286
4600 3175
4606 2245
4610 456
4622 7527
4626 343
4643 744
4650 2324
4652 4315
4658 2007
4717 5891
4723 1158
4727 3100
4732 7512
4751 6669
4755 6936
4759 6505
4764 7403
4770 2197
4779 6210
4783 6122
4808 5768
4809 6738
4811 5752
4811 7351
4814 7371
4815 237
4821 1326
4823 7474
4826 3472
4846 1280
4860 3485
4864 1331
4875 2221
4877 7862
4879 2292
4880 4378
4888 4568
4893 5772
4898 1929
4914 2305
4923 5430
4933 2696
4942 2943
4948 6870
4952 7457
4965 7696
4967 3852
4972 908
4972 5012
4973 7975
4978 3571
4994 2115
5002 176
5002 1311
5004 4002
5005 1088
5006 1031
5022 2839
5034 2437
5048 6098
5050 2690
5071 2083
5086 276
5120 7858
5133 2493
5137 5110
5146 2717
5147 6133
5147 6485
5167 3535
5169 4373
5197 7241
5202 2304
5206 3872
5218 402
5241 2750
5242 2818
5251 4992
5255 1841
5275 7980
5283 1261
5289 3876
5297 1124
5297 5042
5301 2388
5305 5065
5317 6618
5336 4724
5338 1566
5343 4624
5353 7007
5359 4470
5360 4536
5361 1815
5364 3515
5373 191
5409 6923
5422 6013
5423 2653
5428 2933
5434 5223
5448 3990
5456 2076
5456 4113
5464 2940
5472 2580
5473 6268
5474 2628
5494 7300
5501 7527
5507 1189
5510 1069
5511 5178
5530 874
5547 4585
5563 5926
5565 4361
5571 3369
5573 557
5579 5480
5584 5051
5589 3144
5592 6540
5605 3347
5607 1683
5612 7817
5613 7651
5619 4971
5620 1505
5621 7763
5632 6862
5646 1422
5648 187
5658 1245
5659 5475
5661 4833
5677 1449
5684 731
5694 5829
5710 1201
5716 1484
5739 3931
5743 5824
5750 3209
5770 3198
5774 827
5790 2708
5801 4100
5807 3733
5814 4371
5819 4685
5829 501
5831 219
5832 1535
5833 6568
5853 1423
5867 6719
5883 7337
5886 2376
5892 4117
5895 5305
5903 2760
5909 5543
5911 3706
5917 1431
5947 1235
5949 7428
5953 6151
5956 386
5973 3807
5984 5052
5988 6463
5994 5853
5995 2242
6004 4212
6008 6487
6015 5298
6015 5518
6018 4058
6021 6169
6022 3673
6024 2089
6034 4658
6036 7152
6059 1487
6068 643
6083 1473
6085 2441
6091 6464
6094 2812
6098 7352
6105 6789
6122 7731
6130 1517
6131 4693
6137 5653
6148 1021
6150 1064
6152 7354
6153 5
6153 1439
6176 6638
6184 3474
6185 6664
6197 7
6198 7309
6203 7507
6205 2642
6206 5383
6209 1890
6214 7355
6215 4291
6216 4428
6218 5222
6222 2209
6228 3561
6230 1789
6232 7074
6247 5001
6254 3629
6255 1228
6255 4775
6291 3781
6316 2224
6319 3343
6322 7225
6325 792
6330 6328
6347 1104
6358 4978
6366 2469
6373 7703
6389 908
6398 6613
6399 5876
6401 1121
6407 5238
6428 2574
6443 4058
6449 3695
6458 5691
6459 7456
6466 771
6472 2635
6475 2473
6493 686
6505 3490
6506 1019
6508 370
6513 3763
6534 2517
6546 1627
6566 949
6567 3253
6575 1369
6585 6958
6597 2588
6619 3776
6621 5677
6622 4221
6625 5643
6629 6265
6643 4271
6654 5310
6655 4329
6664 929
6666 7082
6724 1190
6724 5284
6730 1947
6738 1786
6739 4248
6745 2190
6759 37
6772 3455
6774 5858
6775 2602
6788 1818
6789 3163
6806 4231
6807 4881
6821 1047
6832 1828
6833 7335
6837 2670
6850 5187
6863 3449
6870 590
6870 2455
6878 4153
6930 1565
6940 5063
6941 1933
6966 481
6969 6244
6977 4923
6984 3586
6992 5312
6996 5376
7002 7294
7013 6827
7018 1897
7020 5720
7022 2144
7029 6348
7032 4517
7037 7328
7068 3486
7073 2596
7079 2520
7097 3558
7101 4677
7101 6127
7104 4615
7121 4971
7131 5822
7148 7085
7173 3959
7174 265
7176 1896
7181 2619
7181 7898
7196 5631
7202 2940
7215 2065
7223 26
7223 5506
7227 844
7230 7759
7233 5616
7237 1270
7240 7913
7242 1052
7253 6161
7264 349
7264 1465
7281 5647
7291 1262
7294 6038
7309 4038
7309 5871
7313 4650
7327 3397
7335 3109
7336 6480
7349 3848
7353 4771
7353 4789
7378 2984
7380 1099
7380 3039
7386 3787
7416 2209
7418 5124
7421 6480
7435 7075
7456 1485
7464 2234
7464 5487
7468 6342
7476 5589
7489 1574
7498 2124
7527 3977
7530 3148
7556 6464
7559 710
7560 3160
7578 1810
7579 3360
7581 1949
7592 4025
7596 2670
7603 4143
7610 4115
7620 3389
7624 6742
7630 6570
7633 4652
7635 31
7648 3681
7650 4236
7654 4506
7679 58
7685 7996
7686 534
7687 2428
7688 3047
7689 7427
7713 994
7737 1496
7745 7105
7756 4045
7766 3279
7767 3184
7769 3270
7779 2502
7789 958
7829 3539
7840 6507
7846 3612
7857 6618
7872 1335
7874 6866
7880 3355
7881 259
7890 3232
7896 3485
7907 962
7920 1396
7929 5568
7929 7386
7939 5030
7943 184
7943 7369
7946 6793
7959 4679
7965 3856
7990 3589
7995 2334
2 7018 97
8 2947 89
13 103 72
25 1984 99
35 3417 74
35 7740 67
43 5647 89
44 1273 70
57 1759 89
59 5861 73
60 5292 91
64 298 98
77 6082 101
88 478 71
91 6804 73
97 715 100
101 982 77
107 2279 88
117 7992 100
121 6475 80
126 7427 89
143 6619 61
149 3776 120
159 4240 111
163 20 70
181 4704 115
188 3572 73
197 2109 70
200 3117 90
207 4935 109
210 1392 118
211 2604 120
225 1099 77
234 6199 64
263 5856 64
268 4030 92
296 211 99
300 7626 94
301 1899 85
308 1576 89
321 6648 96
332 5230 61
338 914 73
338 6306 69
342 5533 88
359 2936 108
362 7121 74
373 7382 77
374 6021 91
375 3538 64
377 7890 98
391 689 64
405 378 74
414 6980 62
417 3198 62
427 4348 107
428 1165 95
443 5013 78
464 5177 80
484 1873 90
486 5682 97
497 2081 104
517 7462 71
526 7215 100
529 5443 108
538 2451 115
542 7978 73
545 3377 86
553 1603 108
556 6343 116
557 4897 67
574 1320 79
576 2 117
580 2734 99
599 3753 118
613 3186 68
623 5985 115
623 6705 66
631 4689 64
641 637 66
647 2238 60
647 7038 98
649 344 116
666 2935 98
674 7317 60
680 4096 118
690 5675 63
708 7513 85
720 1818 88
720 7815 77
721 4548 67
740 1394 88
751 5342 104
757 562 61
780 3822 72
781 6288 114
790 998 86
793 3200 98
801 4850 117
802 4310 120
808 2501 81
839 3994 70
851 696 102
851 3489 115
853 1947 64
875 6494 106
887 4513 86
889 2971 102
895 4678 77
896 1214 82
907 128 63
910 7163 65
915 7554 66
918 1776 72
922 460 94
922 2194 76
933 5688 86
936 7780 67
944 1377 78
964 5895 72
972 2694 108
991 4139 90
1010 3771 116
1015 3283 118
1041 5150 68
1046 7677 80
1055 5377 73
1065 6900 90
1070 1060 115
1084 1606 81
1089 7188 113
1095 120 74
1096 6669 104
1098 5547 89
1101 4772 105
1105 1901 73
1112 6316 73
1124 2834 76
1140 1404 72
1144 370 84
1150 7876 96
1158 5748 102
1186 4936 72
1201 2664 68
1201 3872 67
1205 3522 94
1212 2174 101
1242 4546 110
1244 2947 64
1248 6532 62
1248 7653 88
1249 5922 89
1271 4145 68
1283 4316 89
1303 211 90
1305 6106 101
1310 3298 84
1319 7374 112
1326 7841 60
1345 5312 84
1362 4732 83
1385 6608 71
1386 6921 96
1389 636 118
1404 7648 65
1407 2527 118
1412 6310 117
1440 4972 84
1446 1764 116
1447 2832 75
1447 5564 71
1469 3408 102
1471 1187 77
1474 4147 98
1492 313 85
1542 3827 89
1559 6792 103
1567 760 68
1576 21 107
1580 7020 73
1581 3091 92
1585 1555 60
1602 6544 103
1613 4533 62
1613 5288 109
1630 2117 113
1630 2755 80
1631 6127 112
1633 403 79
1634 7919 84
1644 7196 85
1652 4659 62
1657 6357 71
1659 7366 79
1667 4304 104
1669 5786 66
1689 3674 86
1725 3296 86
1725 7621 74
1731 2348 103
1767 2895 65
1772 1482 108
1789 344 76
1794 181 79
1808 4151 84
1813 4645 85
1813 7108 66
1820 1937 94
1821 5322 61
1824 996 99
1825 530 86
1837 759 70
1843 6513 63
1845 6025 85
1851 3819 113
1872 5038 117
1872 5538 75
1873 6253 102
1896 2462 61
1911 2822 73
1913 3445 70
1918 6890 118
1919 7660 82
1931 3177 78
1966 2959 61
1972 3623 64
1975 1288 105
1989 4302 110
2006 7459 107
2007 5658 86
2018 1666 62
2021 17 62
2039 5315 68
2060 7155 79
2072 2172 74
2090 7836 105
2103 1947 68
2111 189 84
2116 3457 104
2120 2882 86
2120 5078 64
2134 5759 73
2144 6537 102
2144 6914 62
2152 5994 117
2156 908 96
2160 2502 116
2179 1828 71
2186 672 80
2205 5585 82
2206 4918 85
2219 6736 68
2221 7053 78
2227 3650 90
2234 3064 62
2238 5243 98
2244 6226 65
2250 4463 75
2255 3258 106
2261 41 88
2271 2279 65
2274 7368 118
2278 1452 72
2299 3981 114
2317 1955 84
2317 4285 63
2325 246 65
2335 2906 98
2341 457 117
2370 6365 90
2375 1040 97
2376 6889 118
2382 743 90
2389 3086 87
2390 1813 69
2418 5387 104
2426 4952 90
2434 6024 87
2435 5568 77
2443 3564 90
2445 7087 78
2446 6588 106
2451 1290 97
2475 2509 65
2489 3270 113
2492 4754 67
2494 4397 83
2497 1685 80
2521 67 82
2527 7378 77
2535 3866 74
2564 282 80
2572 6784 71
2587 2141 108
2592 4602 67
2601 3486 86
2607 2882 103
2619 6107 94
2633 4156 74
2637 5641 97
2640 7493 80
2649 498 96
2655 1753 80
2665 5919 79
2667 7715 110
2676 938 72
2687 137 74
2698 5088 93
2699 2689 66
2700 6960 72
2721 4501 71
2727 1398 91
2728 4899 95
2734 5349 83
2741 6459 73
2744 3983 65
2768 4256 71
2774 297 71
2780 6835 64
2787 7267 103
2795 2161 66
2806 3511 100
2820 6185 79
2822 3135 117
2848 2551 118
2860 4552 61
2861 696 85
2877 4385 95
2878 5517 91
2885 6006 64
2896 1602 77
2908 7895 96
2923 2035 78
2929 119 60
2930 6485 100
2935 7426 110
2938 6716 119
2968 6981 101
2976 1431 85
2981 5105 60
2988 5331 101
2995 1056 104
3009 3062 73
3018 366 63
3029 3291 76
3037 234 60
3061 6051 77
3065 2228 78
3067 4870 89
3072 5566 83
3082 7779 109
3087 3618 79
3117 1836 87
3120 2905 109
3137 6362 77
3147 2678 80
3150 5801 68
3156 4089 66
3188 2492 109
3204 657 119
3209 6868 76
3217 5662 73
3230 6557 120
3239 4713 85
3240 7131 74
3250 5960 91
3255 987 73
3278 7493 97
3285 3303 110
3289 1202 70
3298 3577 71
3309 117 108
3325 7813 74
3333 2613 77
3353 3920 63
3359 2928 120
3360 353 96
3367 5211 103
3372 4322 100
3382 5404 86
3383 1404 119
3398 4988 110
3414 1119 66
3424 582 111
3424 5613 100
3425 2109 64
3430 7631 75
3441 6146 113
3446 1913 71
3457 2389 66
3464 3496 96
3492 5929 100
3494 3751 89
3496 7813 65
3514 4764 93
3517 6359 109
3543 7044 102
3544 6869 61
3575 166 77
3585 5413 105
3587 499 64
3591 1317 60
3593 7405 67
3597 1001 83
3599 5748 110
3628 4253 89
3630 3297 119
3654 7238 99
3670 3491 67
3679 7875 86
3690 6659 68
3693 6886 86
3699 4059 71
3707 3105 68
3708 5261 81
3708 6195 99
3719 5065 66
3737 4911 66
3753 2880 118
3754 3890 94
3758 486 82
3761 311 67
3763 4671 74
3764 1530 79
3765 872 72
3787 5665 94
3788 1342 81
3800 2394 89
3803 6412 86
3809 7577 89
3817 5892 101
3819 7949 60
3822 3583 60
3823 1023 61
3823 3264 60
3826 1978 100
3859 2574 85
3866 4350 115
3872 203 81
3874 6991 66
3876 728 104
3919 3107 72
3939 1831 71
3944 5281 111
3950 4011 92
3951 5776 73
3956 3693 70
3958 2170 62
3958 7402 77
3969 3262 83
3970 5006 70
3978 4585 112
3982 1404 81
3983 511 90
3984 6708 115
4030 869 68
4040 7199 82
4041 59 76
4041 3470 88
4042 1222 91
4050 7622 99
4071 5486 82
4098 4186 96
4112 1002 83
4118 1738 120
4118 5972 65
4126 6513 117
4138 6180 61
4160 4352 66
4164 358 113
4174 577 83
4175 4859 81
4182 5616 87
4185 5823 73
4187 2323 106
4187 7945 97
4198 6724 83
4206 6953 118
4207 3031 108
4240 7555 65
4253 2050 112
4266 4495 81
4267 5141 93
4267 5346 62
4298 7286 70
4306 7715 71
4308 899 108
4314 4931 64
4318 4103 73
4322 3857 84
4334 6364 104
4344 2482 64
4361 5670 90
4369 1768 108
4381 2662 109
4391 1319 75
4393 6169 94
4409 47 110
4419 3567 96
4431 5395 80
4441 2265 94
4442 5072 64
4453 4608 70
4480 6796 60
4501 4398 90
4514 2469 96
4514 3085 83
4516 606 75
4517 4890 66
4523 6563 71
4537 6011 88
4555 5241 94
4556 226 75
4556 1547 94
4563 7714 111
4600 3874 79
4604 7295 102
4608 6948 95
4623 1836 69
4633 2919 61
4663 2685 92
4671 5499 62
4682 3444 80
4715 7963 97
4718 4134 66
4755 4772 102
4757 1051 102
4772 624 61
4772 1596 64
4774 2386 97
4778 7170 67
4810 7729 118
4821 3946 60
4821 5911 94
4831 2108 104
4855 6303 106
4860 2785 104
4885 3323 93
4901 809 79
4909 308 81
4912 6793 68
4917 1480 72
4935 3091 75
4939 6116 74
4948 1689 102
4949 5119 104
4951 4835 96
4956 7342 113
4961 6576 99
4962 1998 63
4963 7894 62
4974 4602 68
4976 7041 105
4996 5648 117
5002 4267 61
5009 2325 93
5022 4433 76
5027 537 61
5027 3216 78
5055 6348 71
5058 4120 88
5081 379 68
5092 123 90
5101 3650 115
5122 7634 95
5129 6677 86
5130 1090 66
5131 5362 109
5134 3371 72
5134 5989 111
5146 874 63
5162 1274 69
5165 4854 107
5168 679 107
5173 4478 71
5182 7457 89
5190 3113 79
5201 4659 61
5205 2090 97
5219 5567 84
5227 4043 80
5228 7794 79
5240 1750 71
5261 1456 120
5265 2265 60
5277 7214 84
5288 3735 81
5300 2580 112
5312 435 87
5314 1914 67
5326 258 80
5326 6426 66
5330 3437 64
5340 6245 75
5341 5712 98
5347 76 61
5355 2809 82
5361 4320 61
5370 4158 78
5372 936 64
5386 4867 60
5395 1173 106
5402 6718 94
5446 5922 76
5461 3052 84
5464 3468 72
5479 6346 76
5494 4463 97
5496 1790 68
5503 34 77
5511 3278 80
5513 5344 97
5519 7038 75
5522 7828 75
5531 1530 62
5531 2479 73
5541 7443 86
5550 7257 63
5554 773 103
5569 5596 101
5569 6114 83
5570 1999 76
5583 1312 85
5627 4245 73
5636 6273 80
5636 6700 117
5647 5221 82
5679 2688 76
5689 2237 88
5703 487 71
5706 1664 100
5714 3731 89
5716 7110 64
5739 5021 73
5752 6910 96
5754 3302 69
5755 316 92
5756 7350 106
5765 7681 111
5767 4464 88
5768 2077 87
5779 4297 73
5786 2892 113
5788 1294 97
5792 96 73
5799 7903 64
5800 931 76
5802 5909 78
5815 4827 86
5822 5711 61
5823 2643 60
5860 6284 120
5862 3835 91
5869 1859 94
5872 625 115
5877 5193 93
5911 445 60
5919 5423 93
5923 3140 99
5934 2448 61
5946 4578 69
5964 3359 76
5964 6577 60
5969 6908 66
6005 918 60
6009 5987 115
6011 244 75
6035 6394 70
6037 1321 94
6039 4397 111
6040 739 83
6045 5181 62
6049 1736 60
6051 4932 108
6080 3521 93
6087 2351 78
6093 6151 62
6095 7957 72
6096 7267 82
6107 7565 77
6132 2551 66
6133 4236 65
6134 3729 74
6139 5289 71
6155 2010 95
6160 3005 118
6177 935 78
6181 3273 108
6184 1673 79
6187 5567 97
6188 5751 80
6206 6942 79
6213 592 72
6217 450 63
6232 70 71
6251 7970 63
6253 4001 97
6267 7704 105
6271 2120 62
6289 2388 68
6291 2741 60
6296 5335 72
6296 6668 94
6327 1515 108
6327 6464 77
6332 7119 65
6333 2608 64
6333 5995 85
6344 3589 67
6354 4335 94
6374 2950 102
6376 332 75
6381 573 66
6386 1725 83
6404 6219 96
6423 1332 65
6423 4883 103
6427 2197 96
6430 3431 84
6441 4614 84
6452 2753 64
6452 6833 89
6452 7554 60
6473 5430 109
6481 3280 66
6484 7038 104
6503 1939 104
6520 5143 83
6521 4431 97
6535 6430 73
6537 3985 90
6546 7960 91
6548 6077 61
6582 6685 67
6585 3626 85
6587 4987 75
6594 7226 64
6612 1204 97
6626 1752 71
6627 7648 95
6637 1462 68
6641 794 102
6641 4682 82
6644 3048 107
6654 358 63
6657 544 104
6659 6987 68
6661 2768 70
6661 4123 82
6699 184 71
6709 3272 118
6723 2081 81
6723 5638 65
6739 4906 71
6753 3990 76
6772 2885 68
6782 1123 83
6784 6251 100
6795 6015 77
6804 1617 93
6806 2289 60
6807 3788 90
6809 740 63
6809 7646 74
6814 6900 106
6819 4358 79
6823 1409 63
6859 7404 70
6875 4820 78
6888 1990 71
6890 5112 61
6893 5832 79
6901 7966 63
6910 224 102
6912 5334 68
6935 6424 102
6936 3148 68
6937 1249 101
6943 4533 78
6954 2848 108
6964 7209 88
6971 5664 68
6981 2337 115
7012 7591 110
7015 4316 99
7024 822 103
7032 4763 82
7034 48 63
7043 3726 88
7045 4095 111
7047 7056 75
7049 1035 85
7061 7822 73
7065 3307 69
7072 376 106
7080 6245 103
7082 5485 66
7086 6616 88
7109 1758 103
7129 5718 89
7147 2122 85
7154 6876 94
7159 5950 103
7167 4876 60
7170 7997 96
7181 5387 62
7185 150 68
7185 2513 82
7192 3573 67
7193 1506 79
7211 742 100
7215 4690 71
7239 5183 91
7246 7365 109
7259 2836 111
7264 4509 61
7283 7130 90
7288 5001 92
7294 6332 109
7297 3740 73
7317 6791 67
7331 3205 81
7336 7687 71
7356 5754 75
7361 4404 72
7364 191 79
7395 2398 86
7399 945 114
7416 697 64
7427 4899 74
7433 2694 108
7435 1411 70
7436 4151 70
7439 1983 105
7443 3533 75
7444 7281 79
7447 4672 106
7448 5259 92
7456 1769 78
7460 3 88
7463 3097 67
7467 2873 60
7468 1203 110
7471 515 102
7479 6703 80
7487 6038 75
7502 3681 81
7511 6232 114
7523 7495 117
7542 5824 71
7544 7137 63
7580 7736 106
7581 1389 61
7583 7969 61
7591 4828 83
7591 5459 100
7598 1739 61
7599 6894 76
7602 2551 84
7625 2974 96
7627 1016 68
7632 262 111
7639 3830 109
7645 2259 74
7659 5070 64
7661 3178 99
7669 4419 69
7711 7249 76
7726 782 70
7728 5646 118
7749 2719 88
7752 7578 74
7765 1992 73
7775 4947 89
7785 3438 93
7792 1394 78
7804 186 75
7812 6408 62
7814 5242 96
7823 442 112
7839 3915 91
7842 2389 74
7859 7131 98
7868 7928 115
7876 862 72
7879 4139 120
7883 2558 90
7890 1171 72
7891 6697 77
7899 6264 102
7921 638 85
7934 1952 75
7939 1673 109
7943 67 65
7945 2201 94
7954 7724 94
7964 5484 68
7966 3263 62
7972 5976 75
7975 5093 65
