60 50
644 750
34 703
371 485
612 517
757 293
731 48
319 366
855 969
570 451
342 345
9 325
990 341
576 796
859 256
142 712
79 747
44 533
886 727
707 195
674 366
770 976
392 68
139 622
300 243
104 773
898 363
727 409
885 230
222 847
731 495
635 112
884 897
807 275
476 895
261 248
996 911
695 662
559 467
821 249
892 262
323 677
300 312
529 412
453 220
618 364
277 732
779 980
407 340
551 296
791 262
209 808
814 251
52 894
564 495
108 59
262 227
820 249
339 618
736 222
25 79
121 845 67
353 281 60
13 991 68
102 510 60
210 964 65
987 684 65
284 508 63
638 601 64
474 368 66
651 854 67
868 12 70
248 110 65
464 999 61
395 155 70
244 353 65
667 444 64
328 4 67
642 28 62
809 344 67
941 541 67
955 402 68
494 522 69
797 169 68
414 651 60
317 790 62
804 482 70
816 914 60
203 621 62
93 160 64
875 796 62
534 174 70
654 282 66
992 272 64
939 945 63
465 29 67
602 986 61
202 744 61
161 19 60
4 774 63
947 122 65
556 716 67
7 618 69
997 824 62
95 374 68
4 5 64
354 943 61
3 257 66
473 825 70
197 231 60
771 657 64
