1000 1000
6160 7689
7783 8978
3410 4942
4038 23
2066 763
5592 3357
7591 431
704 6792
6980 6571
3818 2236
2982 7461
7070 8419
3605 8792
3839 6018
7804 4199
5503 2536
5828 969
3550 6840
3988 1487
2134 8280
8853 8514
8287 7364
4356 3286
1771 2565
416 2259
4115 6518
2463 7737
1640 8260
2486 1900
6283 2465
2371 8916
3779 2136
8224 6348
8714 5731
4535 7615
1125 4567
1179 6325
1146 4572
8197 1599
6650 7808
6657 1540
6284 1117
6716 2812
5046 2167
7610 1191
4763 6476
8615 1384
3155 6127
1305 4412
4115 8817
566 21
7916 5833
2551 4422
5544 6995
117 7178
8857 8046
4841 5451
7310 7960
8219 8097
7239 709
8933 5002
5357 4105
2402 6530
8485 8514
6978 8447
4669 6657
4718 4374
5603 4767
2093 7025
8812 3634
2892 6369
2111 8200
5194 5278
4600 642
3856 3401
2770 2560
7076 1573
7679 8968
6743 1471
6057 3325
1866 4437
1519 7620
2112 3166
4790 4591
932 4787
3226 6704
7938 1393
6286 7469
1284 1289
381 5860
1289 8156
4303 1136
8243 6396
6372 2386
2930 7314
4613 1743
1354 8651
2365 2459
2646 5525
7568 7221
1207 1065
2696 7398
3424 2426
133 7875
5871 6209
8069 703
2007 523
8780 3061
1123 393
7076 286
7964 838
2163 6946
3833 3394
1008 6563
2767 6914
1403 1035
3843 3882
3206 8856
2548 4517
6130 8210
1815 231
2034 54
942 7219
8292 7045
2701 6332
130 2029
4512 4541
8345 6337
2717 8707
3980 4577
6826 6602
4597 576
8446 3088
333 6493
1380 4210
5160 8670
5466 811
5190 8157
913 1480
4225 8475
1323 1041
3103 2589
5884 6272
6687 5709
6853 221
1124 1305
3962 8341
6774 1175
1260 669
8330 3108
284 4110
3148 3699
2486 6555
5510 3118
4816 8849
7167 4486
93 8514
3582 4014
2958 869
494 4240
1420 6121
2704 7887
7781 7039
2614 4704
1889 848
5533 8523
2323 211
2590 3414
2365 7273
8998 739
4808 5868
3378 6036
6372 93
5733 1082
6328 1618
1615 6214
5907 2565
7541 1611
1259 5549
2190 6728
8117 6960
8309 3170
8741 5779
740 4370
7559 6209
2198 6999
6821 3909
3870 1135
5958 5299
7721 5244
5098 7375
1766 2621
499 5262
3592 1271
5748 6757
3746 5577
5555 5045
6942 4168
675 956
4816 8578
5388 1277
2530 5518
42 8467
1995 6017
6434 8025
3107 3015
3602 3576
8962 1958
6726 5327
7705 1578
7579 2401
8631 8622
3045 7967
1828 4474
5131 1374
4098 7331
6960 4578
6511 4241
4472 7430
7016 6983
4450 4797
8801 3573
7823 2874
8156 2456
875 8730
7899 7856
545 599
8807 1778
4586 5464
2957 5704
7280 8011
3149 6591
1369 8028
6250 7593
1016 742
894 1980
3660 4991
5360 119
6507 2764
8463 1717
6877 5624
7035 2512
393 3356
131 7579
8844 7607
8163 6326
4164 1276
789 1505
11 7476
6191 2004
2455 6143
5578 5343
6607 2155
8006 5066
3555 8160
7642 964
1647 1152
4360 6779
2058 7409
2567 7656
8921 2169
6664 4502
1449 2576
7630 6867
3250 6052
5985 3130
1852 5532
5944 3525
1386 8270
3287 1675
1968 685
3869 1119
6565 5116
6429 4994
6345 7250
3739 4130
7436 4497
5780 8666
7169 6390
6787 6822
7879 7108
6251 6678
5631 6945
5272 2325
1980 2670
7076 3958
1217 7868
4391 6132
5118 8537
3948 5670
4365 6417
7904 1814
58 3178
8983 4746
2510 4209
1088 3148
7027 5497
2447 8026
3203 7405
8527 3430
6603 3569
328 5783
627 7124
2225 6760
8868 4332
2583 1415
6700 7151
2370 2895
8041 6514
3148 875
311 8409
450 2007
4261 5437
5371 5432
5096 6361
3898 8586
1796 8818
8436 5046
5230 7633
1487 7525
3017 7008
6334 4447
7253 5303
7553 625
584 6793
4329 1503
6818 2160
4111 5426
4501 4549
1245 5269
5790 5388
5153 1945
5864 1985
4203 2191
5271 1399
8932 3259
2384 23
1123 4075
7844 246
8826 8854
2562 5667
3109 564
374 3748
1968 1902
7414 1008
4382 2727
8526 8607
5934 4695
5456 4463
6112 6162
120 8651
5776 5161
2617 7779
803 8455
2705 4190
7282 1692
6407 4206
479 7506
3962 647
7008 894
2679 5057
2701 6361
1310 2307
8229 8157
4327 4679
8924 7713
6438 309
2069 8788
5273 4092
4277 8605
5786 2250
7467 6863
1130 8661
822 101
4288 1434
3844 3279
458 3705
6296 3790
5002 7131
5885 1612
5406 5687
2456 8041
5044 5005
1398 6658
5488 4188
2708 660
1270 2940
1381 3343
4200 4597
3777 386
3910 5398
4986 3326
8094 1460
8526 4699
2779 2262
3753 1104
7551 3683
2499 207
7468 2111
8087 5179
5983 8847
8365 8152
6091 3558
1501 1044
4588 6902
1873 2259
8776 6115
2734 3795
3499 2296
6683 6195
7374 2750
3724 610
6273 4425
1566 5562
6256 280
8310 1685
5350 6484
8086 3318
3027 6157
5756 4678
400 4037
5383 8253
155 8799
6138 4900
6456 4195
6775 6923
4508 5572
3682 7680
7841 5728
7095 5760
31 3308
8818 5356
4890 951
5546 5429
7440 2055
3587 3849
7276 638
3089 2115
6696 8835
3325 8590
5353 6030
2042 6353
130 6030
1284 520
2783 323
974 1584
3134 7520
8746 3800
2990 6333
4683 2144
3042 5118
6834 2401
6998 1383
6461 7002
924 1615
3059 4562
331 6880
6768 3298
299 2684
2434 4073
1608 653
3311 4786
810 2412
2846 1541
707 8053
6988 1639
4496 6998
4519 6588
33 687
8779 1738
4840 6958
2580 3597
4311 5268
8627 4083
5226 6347
1553 2033
8085 2036
1479 2404
2379 3212
1268 3914
8808 6030
7533 2906
206 487
6240 3996
7502 3131
6216 1013
5580 7532
2218 7213
688 8109
6483 5053
3974 7316
2321 8849
7650 4195
525 5411
7831 6411
7789 2120
1296 972
7593 27
1139 4604
319 4116
7601 6228
5649 54
7551 5726
7032 3613
6940 2045
7514 6880
6110 2410
2595 835
7349 7761
7059 802
355 3388
2135 4916
8544 5424
4669 5095
8085 7519
1029 5266
7003 1408
6514 2514
3020 4148
4302 1964
331 7328
8399 7912
3565 306
7286 591
1323 5193
8033 7875
2939 4478
1716 1071
6118 3120
7403 4922
5436 5175
5161 754
7576 591
6862 1745
2518 1387
5535 1930
233 4327
64 2815
382 8808
3412 3792
6370 4206
8010 3070
7662 7232
2499 2062
3049 5044
7579 7673
4576 7212
5937 2427
7245 6871
495 647
5685 573
8623 1851
7995 4043
2548 6912
5559 5465
3303 4030
6122 6243
3301 422
4635 2144
2057 2582
4050 5086
5109 46
1400 2510
6094 2037
7334 4444
4681 5595
2363 7246
2452 1688
8405 8587
5095 6930
2625 1379
3090 7592
3568 4008
5005 2640
3016 4912
3580 8000
3317 8790
7728 7114
1707 3656
1883 6581
1928 1663
2691 4940
4516 51
8277 2996
2414 6473
5337 343
193 3642
1615 8625
2601 4947
1893 2625
4725 4822
15 1083
740 6268
3105 4228
8115 3695
5466 2700
6668 1566
3366 526
8961 2574
5186 6322
3778 7485
1244 5736
8354 3107
4494 7354
2958 7460
165 1865
1661 5898
3989 5171
4445 1300
415 4278
1437 7393
8738 7504
4401 3834
3277 6983
3542 4470
3932 2994
3927 4796
4113 6897
7206 6018
1929 2888
4390 801
2296 7809
8289 8293
1296 5798
1633 5232
3558 8783
2080 1864
1489 7454
4533 7186
5429 5552
3112 3548
202 8487
1257 6800
6522 8602
1877 1925
8891 684
8883 5850
7845 4285
7198 1086
8121 415
7467 1254
4563 1786
8871 1334
6247 3686
8991 5295
5006 5330
671 4849
3610 2585
2824 8111
3757 4683
7261 7446
1215 7066
1248 5814
7437 7519
8987 4244
7861 1160
6818 4932
1756 634
1948 851
902 5854
1660 7491
1426 6011
5092 6345
709 681
4440 1134
8033 7687
1913 4369
2580 6327
6336 6772
3995 2254
5944 2435
5640 4067
7478 1299
3536 2418
3834 6905
3264 2827
380 4513
193 5919
6909 3135
1219 1314
1408 4095
6142 6346
959 3480
3155 5301
309 2263
8799 6518
163 8756
2114 8872
1512 30
3381 3456
6036 6573
8785 8928
6061 7106
8908 5159
5071 1630
251 5200
5061 2111
6564 4871
3148 7522
2548 7551
6340 6544
2275 2843
5222 5141
5507 4384
2540 1638
423 8153
5636 477
5004 4732
2891 1342
7741 7266
4202 2380
6120 7646
3858 7413
5252 184
4909 7155
2380 3264
4178 6127
3617 263
1941 7688
8191 1705
3095 723
4932 5510
1690 1993
7518 4586
5192 2814
7000 8712
5294 891
7051 4023
3359 8686
4674 666
385 3182
6971 7817
2956 602
1164 1978
1940 6316
8806 5732
6605 7835
378 746
2476 1403
3077 1737
1219 185
8489 7790
5944 2005
3463 8575
6954 6572
6742 225
2691 6617
3619 3690
378 4912
1025 6628
2299 5500
8368 5510
6692 139
4037 1575
1777 7903
2732 2025
1899 6291
7304 7781
7751 4149
8928 5247
5597 3622
1244 8891
2149 4644
8996 7007
7880 5861
696 7507
4444 2002
7133 5572
2085 7299
3794 2100
2556 8528
8500 5701
3132 3246
2934 2674
2759 6753
3083 7692
8115 2898
4567 1139
2641 4683
6944 7693
6677 3632
7780 6957
8691 1959
4712 2710
1491 1248
8819 7094
4375 5382
1092 3768
7548 2435
4221 2801
693 726
6785 4593
3091 750
8002 6524
4011 7463
3433 5915
2596 3173
957 7242
5185 7516
7133 2861
488 6778
5664 8754
8918 782
2043 6008
3429 1868
1038 6233
8049 7419
5308 4151
6651 4872
3599 1184
1831 1916
2970 5116
1099 660
2363 1667
1260 2384
5956 1612
6210 2512
4397 6396
6510 6496
3934 6343
4633 5479
220 201
7959 3607
866 1337
933 3597
993 6554
1051 4519
7010 2649
4841 6794
4906 4078
5848 8841
2125 8440
1327 1422
1717 6704
7389 4594
5825 665
3544 8790
8654 2993
960 5785
6633 5443
2410 7231
5944 7226
2950 6360
5462 1450
3180 4299
313 1315
5586 347
7577 2980
1620 3041
350 856
278 7446
254 8129
2122 1414
8243 6333
6525 8095
3063 4238
6248 4402
2967 4064
2409 7121
1451 6620
4298 1739
4126 365
4906 974
6470 4608
5536 6448
7143 8998
1132 5251
200 8744
7218 4127
5624 2913
1097 4230
1636 7798
6621 2550
7803 1883
7997 90
8442 714
5090 2331
4704 4067
7652 2650
4848 4822
2504 292
3744 5405
6284 7822
970 4267
876 1925
4463 4396
5533 5327
8878 117
4559 6386
1217 5638
8478 2991
2146 7996
3 6479
5786 343
3148 6687
6513 6415
4359 5026
3633 6533
3311 4671
3917 5212
2772 376
7162 8308
2388 6398
915 8614
8222 8084
3045 7831
3334 2810
45 5958
5013 7641
3312 4864
3091 4114
4759 5889
5829 4183
4072 1731
4275 6006
4514 3680
5827 7434
2856 3830
3274 1972
5358 4047
7691 879
7233 3425
5858 8543
439 7466
2926 3915
4875 6948
1792 8100
1255 7588
1443 7216
674 7405
8921 7703
4826 2392
5342 6750
5992 8144
2920 7250
2302 6564
1595 6195
6736 2400
1943 2682
4315 7614
2178 7897
2683 2543
3669 7674
43 5984
8397 499
2268 670
7752 5448
7147 8572
6036 5632
288 6945
7142 5202
2714 5001
2253 1489
5661 1945
5206 2688
2907 7070
3320 255
1805 6880
1207 6379
451 1992
1042 3924
6623 993
8640 1790
7774 3118
1031 3657
6849 897
6783 2288
3423 7384
1442 697
2999 1378
5845 4899
4494 6407
1641 8572
2484 7153
1718 8881
2351 2724
8113 0
7684 5474
1526 5620
3832 5109
8317 280
4177 3932
1254 1419
145 7843
481 8319
1269 1446
3403 6411
2680 2214
2254 5607
4473 4715
465 8085
6761 1186
5327 297
2502 2653
2107 1940
2154 4967
5018 3445
1935 7626
1808 7261
8668 2063
1581 8775 105
4144 7886 90
3735 7369 88
7731 2959 93
1357 2026 116
7302 5623 113
7586 1420 84
6223 8590 86
4867 7512 94
6073 1288 122
5267 2204 119
743 7933 107
1116 3571 92
3434 938 80
2276 8975 92
154 4994 84
5598 8670 86
4013 1032 113
6499 6690 117
5691 7410 95
6307 6227 87
5830 6810 96
5912 5134 100
1507 4849 93
8566 2897 95
2186 6004 121
8287 2891 80
655 2365 120
6351 5692 91
103 2599 102
3769 5264 90
6774 542 90
1931 7401 118
3802 4385 83
567 4337 88
2692 4802 92
8362 7750 122
5278 5035 111
5596 6667 89
5203 7203 83
5750 1830 92
6183 8301 80
4075 6123 98
329 3531 88
2821 7749 80
5449 2953 107
1052 1677 90
5752 6978 86
8215 8397 120
946 8933 82
6850 7309 124
7656 2180 128
3112 8970 107
6375 2672 107
879 3203 93
8652 1020 112
193 723 101
8749 540 117
1713 4874 104
749 5810 128
6578 18 95
3522 5558 85
1428 4287 80
6438 3833 115
6618 4731 124
8008 8577 122
5136 1020 124
2834 2436 121
123 6456 111
1879 1438 82
8005 5608 123
4249 4995 103
4065 6709 110
3908 7526 94
527 5904 105
6610 3057 89
7672 5813 130
1681 3960 96
7324 6425 111
6231 4191 123
2616 7201 95
3753 41 122
6596 8162 80
108 336 111
5294 6153 96
2496 5998 82
8446 220 113
281 2407 83
3281 3574 121
1308 4657 80
44 6135 109
1712 2869 118
4031 3402 109
4536 3324 109
2010 2815 84
4962 4575 84
2873 1027 120
577 4016 92
4601 8496 105
7299 7076 86
894 7750 86
3737 7575 80
1263 8570 116
7422 156 119
5989 634 127
2422 4621 84
2743 515 85
3007 8249 87
667 134 114
4955 4974 92
6708 2237 80
7046 5060 87
2357 343 114
5789 2134 111
5762 7592 86
344 6094 97
8296 605 90
3973 6957 87
5835 1427 83
6026 2174 89
3491 5840 87
6936 3964 109
438 2704 103
3690 8104 92
1518 2640 90
316 4216 89
2510 2405 96
3945 2776 122
8138 4568 108
8644 6868 103
664 7712 120
4299 4498 85
777 3499 110
2007 6835 97
5058 5143 102
1303 1649 122
6372 7169 81
2958 6593 130
7953 8313 80
2937 3156 88
2309 7110 98
5461 6844 126
526 7363 109
7332 3807 97
1168 5060 81
3140 7807 81
2255 6351 100
7147 4600 95
5952 8375 91
4845 3261 108
315 8980 89
6675 6347 96
4368 8699 126
5439 3492 118
2377 5392 119
8918 339 127
7214 4006 121
7893 4199 83
7148 931 127
2173 1182 128
4095 5536 109
3695 3938 94
6272 385 95
4888 3687 113
2278 3329 92
4140 43 103
5928 6396 95
8416 8701 113
1829 4111 85
4910 2968 92
6035 4378 109
226 3131 123
8131 7807 84
8718 4736 109
1806 6421 113
7766 8457 113
8056 616 83
8463 1252 82
7026 4277 125
5813 8162 115
675 475 130
1600 7986 86
2655 7571 97
1268 4109 128
7758 8732 80
3970 6453 91
1346 1166 123
3778 5486 87
1184 4430 112
7828 938 114
3794 6533 88
302 4838 95
6457 1496 109
4725 2838 124
1983 3940 115
7397 2858 104
4460 6280 118
3317 2447 106
4959 7242 100
6027 7680 86
150 4429 121
8546 7481 106
7259 8473 117
8066 5296 95
8407 6942 109
7266 4871 106
5957 6022 121
7898 3174 94
6754 6551 86
1086 2959 117
5754 5568 106
6430 2236 109
6944 7552 87
477 5028 88
8365 4841 81
4100 8181 102
555 1786 92
2342 1421 88
4014 2059 128
159 5564 81
6915 1079 107
8494 8110 113
4895 2123 129
60 7249 91
32 8888 96
5315 8800 101
5275 2831 80
5148 4418 113
54 8112 93
4885 6691 107
839 5017 82
6559 6979 89
3663 2383 107
8700 5152 124
3657 7885 109
1743 7540 83
3528 4755 102
1686 4242 93
8031 1908 117
4163 1823 82
6704 3502 98
2255 3508 87
4108 483 85
2200 2898 80
158 7446 101
8890 1656 122
2358 8705 96
7454 7659 82
1355 6461 94
1980 5337 88
8774 2655 102
3101 5208 85
8909 6062 85
7599 1890 118
816 8249 92
4066 8979 113
1990 7147 102
5850 3547 89
2627 137 101
1857 6705 100
8670 2289 82
7908 135 87
1070 7242 81
7705 6217 97
4316 3696 101
6012 349 125
1437 8141 114
4494 2775 103
3404 4469 93
2615 5788 111
1547 3712 116
8528 481 102
8606 715 84
878 4444 112
2766 8786 87
70 970 123
8352 1083 97
2556 5063 103
4512 1484 82
941 6399 98
7530 8896 98
5175 305 108
6351 4676 120
992 2742 82
3896 279 104
7941 4712 129
7445 5084 119
7674 739 123
4588 7879 119
7673 8108 113
5112 2478 120
6192 1834 117
5590 5181 87
4221 4179 115
5854 3096 127
8177 8997 88
5383 752 85
2336 4847 124
3983 4665 88
2121 7615 112
660 2861 104
6159 6467 114
3163 19 111
658 2609 103
3566 4969 95
533 4574 121
4358 7768 129
4689 6812 112
2143 6582 95
4717 1619 130
402 3903 88
6331 746 80
8170 7321 106
8955 8505 101
7619 3905 85
2843 217 100
6179 7799 104
3135 3119 99
3488 191 110
5354 2597 107
7920 6942 109
2970 411 95
6404 7573 100
1444 5871 125
3227 6494 98
2738 8137 87
8579 3108 86
5777 2476 109
7572 4692 80
8574 4949 94
2697 3917 118
1728 5400 93
3877 4135 82
3836 8973 85
2303 16 80
2305 7405 95
6261 3542 126
6521 8347 93
3717 1208 96
5048 7793 115
741 6601 115
8477 1575 87
3120 6873 125
7930 3968 89
856 934 129
7247 8841 83
1911 8069 89
5812 7187 121
1289 7403 80
1987 7817 93
3255 5616 123
4186 823 106
4549 2092 95
2490 2797 105
1493 579 116
1029 6840 110
3804 1016 93
967 2213 80
5795 457 109
2286 2282 109
1944 4787 114
6898 8613 84
8840 1913 130
2619 5397 99
7995 4396 91
3166 1903 121
2530 4074 93
1778 518 109
7570 8612 128
765 1896 103
6644 4188 114
2867 2081 90
3672 6922 100
2669 979 84
6014 6889 88
489 5658 105
7928 8831 80
7506 6034 116
67 6741 101
7558 1062 96
6730 5070 130
8948 2791 107
4996 1513 100
3641 4579 101
7717 7375 98
6736 1980 121
255 3727 90
7182 2256 117
5451 5379 81
5576 8056 81
661 1052 80
8435 2639 124
5148 4708 124
1978 8289 106
4826 1083 89
8676 173 119
7136 1691 112
1102 7961 120
7793 3446 110
1736 1617 122
4577 4401 90
3098 4451 91
8774 8748 110
5720 4546 102
8228 405 100
5555 1822 101
2371 8196 130
8413 6397 84
3453 1764 84
3432 6996 120
2710 7004 96
7865 7595 127
6338 8451 80
7303 3098 85
1911 78 121
3114 8030 87
3173 7115 91
8534 4469 101
5208 4209 87
3541 8893 101
6264 3019 108
1783 8485 100
6292 6907 122
8751 7185 110
6916 648 86
3800 3604 94
7743 4035 81
4906 6056 95
5496 4029 80
1903 4282 81
5891 8645 84
6793 2990 98
1513 8465 97
4173 3546 89
2593 2096 91
4825 5680 95
3563 6238 130
40 1880 119
2649 8334 89
8877 7418 130
637 1515 124
1470 5276 111
7969 5990 130
7133 6168 82
5648 7767 96
8957 4580 128
550 2141 123
4776 6294 112
1233 409 104
4985 1824 86
2329 3093 117
5368 4527 103
2218 6856 95
6744 3788 103
6821 5866 105
604 8665 121
3002 5542 81
6804 2536 120
5458 7665 98
8892 6827 120
1606 6085 91
4150 2851 85
2557 714 100
8670 3432 120
1420 2230 80
3120 2258 128
2143 8705 89
6329 7349 87
5102 2959 87
3947 2419 128
50 4149 83
5538 6072 89
4609 5325 114
1527 1407 112
4318 5619 119
8292 1463 87
5463 4925 102
5282 8524 101
2658 6503 109
6128 7223 109
839 6036 114
6155 8755 85
6915 4486 83
7359 1537 98
7246 471 91
311 1831 110
5503 7219 122
5470 5829 116
6107 5782 122
8841 1231 95
6665 876 89
357 331 123
955 5583 124
3241 3837 117
6680 1293 80
5511 3765 93
3369 7498 120
7186 286 100
4950 522 121
6272 4941 106
4071 3725 103
3428 5243 127
2927 7998 89
2568 492 87
1453 2854 97
4641 7144 81
3912 7980 128
2825 8464 129
3117 5847 122
7975 2894 123
7999 8095 95
6818 8777 80
2166 8088 84
440 1061 91
930 4142 94
1345 7865 82
8267 2038 91
973 386 112
112 1230 92
6671 1101 98
3581 2776 115
8721 1437 108
3336 8986 115
3806 7132 108
1034 2506 103
3735 1475 91
393 8354 82
5847 2803 111
672 8426 104
6463 5441 128
6495 4390 123
1394 5087 87
7234 2469 100
4997 770 96
2910 4363 108
7697 5077 128
7725 1232 81
6319 943 105
7033 5689 93
2926 1776 118
3952 833 87
3851 8688 112
5707 3723 94
7639 238 99
8818 3202 123
5430 8997 116
2718 4574 86
58 5278 130
8219 4249 103
2853 757 99
494 7090 130
7828 6652 110
7178 3317 96
6019 880 119
243 2169 95
5935 5665 85
5971 1829 81
254 7755 93
6347 7960 106
4372 1028 123
8195 7592 103
4369 2176 92
7817 1419 117
8800 3960 114
4283 6984 129
7749 12 107
4373 5927 107
2642 1515 91
5615 8874 82
19 7794 114
2017 6218 92
1926 1817 80
8060 4903 82
19 2377 101
5028 6252 90
6516 6068 102
511 3275 123
8142 6178 125
5042 8034 107
8564 8903 129
7090 5894 113
3776 6736 109
4337 1651 91
5113 6614 117
2659 1777 104
5138 5442 110
2851 7443 104
4032 8573 97
30 3008 91
1706 5693 121
8131 1156 127
4025 4415 106
3055 2474 85
4687 3518 124
6623 8705 105
2358 568 99
734 3758 95
3783 2593 97
4623 5758 82
429 2896 88
1357 3517 126
5604 957 124
1242 3134 114
5272 1533 121
6639 2739 101
7505 5558 90
6376 2007 96
7072 3070 113
2890 3565 87
1926 3266 109
4428 675 111
5692 6356 105
6204 1566 130
6015 5420 114
1684 8147 91
8399 4178 87
3104 3401 122
7988 2180 130
6837 1398 92
2605 8980 84
2889 5345 97
6010 8031 93
4631 4 85
8272 7973 115
3239 4978 114
3614 556 105
2053 5081 116
272 1456 111
1438 3909 93
5166 3862 115
5446 448 86
8854 8245 106
6209 2291 83
8148 3573 101
4940 4225 115
7061 1280 117
8995 2972 80
3176 4038 93
1680 2183 125
5378 1940 107
7322 4305 100
1397 7059 93
3546 1410 86
2351 1786 96
8039 3806 103
3414 1966 88
2902 4638 103
4925 7022 80
3133 8610 100
6346 8942 130
6149 6679 97
4695 886 116
1878 2429 103
3439 3988 116
1441 5560 88
342 595 95
3137 1598 126
8357 3917 80
3453 7258 125
5790 4327 103
6927 391 124
2793 10 98
2714 6039 123
2107 673 92
7855 5314 116
3880 504 99
2040 963 104
5401 994 80
5993 4156 112
8711 6329 88
8889 3438 85
7656 6429 87
2064 2133 114
7112 7732 83
1555 6766 126
531 6416 107
7416 8245 109
4191 7462 111
1219 2754 86
3336 1103 105
4694 1273 97
5194 7400 89
5621 671 93
4243 4783 92
1315 8360 81
342 6750 105
8260 2367 106
1343 8793 117
2890 5892 83
6676 3234 85
6170 3326 96
366 7568 99
1024 8197 113
8460 7249 111
636 6193 88
1871 6070 95
2249 5182 100
1169 4803 119
2550 3722 85
7701 4396 98
4167 2535 112
3332 3287 124
6902 3614 116
7997 395 125
4720 3079 97
6775 7710 102
892 2886 89
7146 6560 90
971 8475 101
9 8310 85
1826 5076 81
4600 4625 118
6238 5169 106
6086 3877 103
3440 8106 126
6509 3415 104
3738 802 104
5262 5887 82
5117 2734 97
3020 3839 87
4655 6547 82
160 4658 108
7166 3543 115
7441 5332 100
3511 3659 109
8377 818 89
5269 73 101
8625 7679 90
1085 8755 103
5955 4849 103
1734 221 80
4536 4177 122
5357 6601 113
5683 8408 106
5202 3462 116
4506 8121 97
633 5474 120
8805 5495 109
3987 3930 104
4975 8412 123
3097 7438 81
1456 3207 110
335 7999 127
6550 7998 83
7907 6210 81
6804 7049 111
4682 6096 92
2902 6966 98
1689 7167 117
4524 8948 87
7561 4164 92
7793 1714 95
5894 8987 82
8625 7869 87
4771 207 99
3421 2930 89
3361 7779 91
1081 7053 100
2381 7745 80
1772 3544 93
7970 1599 97
8463 1942 97
8633 4271 109
2807 8987 108
7552 7468 82
5614 1205 122
8049 2529 115
2184 3705 94
4079 7106 85
6478 451 119
4448 4893 85
3485 8691 106
952 630 94
3210 250 96
3603 1637 108
3036 1245 111
4536 3811 99
3831 3057 116
5390 7845 92
2513 4310 86
1520 1777 117
2415 6644 94
1123 1443 119
6165 4561 98
3286 6316 83
6247 6019 118
1420 7623 82
5079 8832 115
8967 3754 125
2421 8481 109
8434 6706 87
1287 6196 108
3917 1792 86
2670 3497 112
6623 8925 103
8982 4891 94
6614 1798 94
4346 6595 130
7685 3222 101
3912 1555 91
3562 7665 100
2983 7656 102
1034 1908 91
769 8840 113
3678 8355 124
8219 5920 115
8496 5580 86
5218 609 90
3532 6641 93
1317 2563 86
951 3951 91
6884 4775 85
1851 7677 90
2000 4545 125
8677 8413 105
102 3494 86
1450 4519 96
2264 2623 120
3312 8435 120
2193 8507 86
8186 168 129
4213 6356 112
8244 5494 112
8761 5897 103
7415 2239 92
4036 1365 115
4034 3130 82
1926 5870 107
7320 1142 126
405 5205 85
4394 1890 110
2052 2980 81
5074 5752 95
842 5306 88
820 6827 90
169 5798 91
1027 7518 123
6162 7418 88
5381 8092 107
4823 7736 102
7385 863 113
7127 6892 115
2018 5661 121
7375 7276 124
4995 1207 84
6095 103 90
5355 4310 82
1726 866 123
3770 5689 103
8826 7787 116
4333 2357 89
4244 3066 127
3326 1342 110
6428 1257 121
5869 1108 121
2325 1990 97
8988 49 123
384 4410 96
7699 497 86
8135 4022 119
1880 3711 102
7072 1944 129
2944 8719 84
2874 6235 125
5547 2276 112
2916 2837 112
773 7036 117
3235 698 129
4239 1206 85
6524 207 84
25 1637 104
3776 4824 85
1250 805 126
537 738 89
4708 4931 110
7123 7497 96
7523 3450 91
217 4002 118
7424 2461 88
3248 2713 96
5857 7784 107
2286 4010 111
3283 4280 102
8530 3983 102
3822 6209 127
1213 6650 128
4362 7315 94
3157 4735 125
8391 3313 123
8156 6867 88
3953 4943 123
8501 2329 82
7770 2562 82
8777 4403 85
5719 7969 83
63 6974 111
4826 5182 126
2407 5692 90
8860 881 114
3653 2138 84
7933 7298 120
1959 8775 98
6497 7773 101
4343 8285 97
7269 7871 82
1571 6518 99
7001 8350 87
5657 174 98
2069 1652 107
6851 8109 92
6768 8418 107
1066 103 120
271 27 116
2413 6929 80
4469 378 104
5754 1615 103
4949 39 86
6942 2234 92
4735 2331 105
6869 5357 107
6925 6179 115
2823 5709 105
1698 3333 93
3586 3097 102
271 8581 114
8445 3731 125
2379 862 129
2797 5142 86
8254 1843 86
6489 5193 95
8665 6650 80
2671 2936 99
1472 153 85
8721 8037 104
7639 7910 85
1142 6025 93
5609 4175 83
7420 8032 99
2068 8969 94
1106 5812 108
1154 5464 101
261 2810 89
4548 5087 94
7198 5407 89
4707 457 101
5868 3944 122
7644 7001 126
6834 1650 85
6947 8982 128
845 7364 100
2593 6690 83
1536 7331 101
4771 3954 109
7706 3695 106
4706 8181 83
4724 2522 83
2684 1293 90
6957 116 122
6777 5635 85
8861 2388 111
8417 5981 89
5754 5878 124
4356 8988 84
8146 3139 104
2903 4930 100
4115 5825 94
6027 2643 113
6934 6736 126
5732 4810 111
1046 1073 86
2871 4081 97
4187 5232 102
8996 2110 88
2597 7951 83
5439 8391 91
6557 7383 105
3316 6121 90
2009 392 129
583 8186 99
4709 8709 129
1798 1243 104
7129 7302 83
8659 6162 82
5410 3236 89
1744 4647 124
1240 3798 116
7485 6656 112
8376 5139 88
4742 1925 81
8127 6679 84
7060 7108 107
8404 5353 84
4181 242 94
4517 159 107
8953 6511 125
5617 2748 122
4941 6414 87
2831 7195 94
3598 3350 129
3685 5927 113
