950 850
2472 5303
5006 751
1604 2607
4860 1913
4192 832
2469 2176
69 3393
1974 5387
1141 2313
4430 583
5840 1061
118 1044
4357 207
1685 2388
2500 5761
913 2092
4238 2708
2161 5712
4037 4607
3396 5650
5001 4008
1687 2256
228 3994
486 3651
478 692
142 3134
1290 5875
3615 4360
4721 915
4080 3805
4804 4547
2207 4766
103 2187
5583 2731
5846 1842
4770 1170
1114 4081
5990 499
745 4655
3560 2580
5931 5720
3280 5582
1938 2075
2228 1798
2217 5670
5229 3716
2140 5993
4065 2726
1722 1627
4593 569
2997 4309
5043 5528
4420 2077
5690 254
3303 1656
3944 4146
2723 4016
3371 4843
5519 4485
4298 4254
1112 1590
959 5575
1171 2928
4406 5989
4969 39
322 2573
5453 3634
1703 2431
4313 2275
4799 1607
2284 3326
2064 4018
2246 1674
877 4184
2257 1714
3442 504
1835 3776
482 2095
3366 209
2318 3025
3549 4000
5611 2881
2571 1677
82 3062
5904 4547
970 4260
4249 1930
3523 2300
5297 2696
5984 5485
2878 5126
325 2445
5562 1643
2738 3087
3366 2981
4729 3282
1057 1228
2713 1282
3129 3962
2536 3896
2155 1355
2652 4479
1105 1235
5995 2385
4980 1560
2593 1093
3944 4650
4471 334
2518 1377
1883 4176
2409 5178
536 5758
1516 1908
5610 1631
4317 5126
25 128
2911 1644
4253 3966
3058 161
2919 3975
2464 2824
2638 283
2946 3456
2720 4785
168 2885
2025 824
4065 4670
1752 703
5796 2422
5090 2650
5500 2702
4 5914
112 5872
4303 4963
522 1831
3611 2860
3177 1388
1644 3379
3239 5144
1582 4304
4121 295
455 1248
557 1626
613 5153
279 1580
2887 1592
4357 3980
1731 3428
1698 4780
1485 3028
2692 5675
1794 3050
3399 2651
4070 958
4486 4272
3609 3994
1260 5807
2128 764
2180 4034
1768 4135
4229 1987
2862 3281
5553 4903
2926 1149
5469 3948
1407 4136
2212 5098
2887 369
5453 3461
5919 2072
1781 3309
2544 266
4441 5976
5381 96
2114 53
1969 4492
871 3663
4916 2717
4816 4384
4180 4848
1584 3558
5159 5270
1267 712
5265 4586
564 4766
2442 365
5387 5345
5703 1171
5322 5126
3064 3283
2566 4188
5103 3039
180 2237
1971 3026
13 745
4242 2220
2577 2648
5342 530
4237 2896
5406 38
1990 4508
1330 78
5718 5151
2817 2349
4740 5117
5359 1585
2968 2964
1642 1612
2772 3978
230 2892
798 2146
2826 1032
3289 3599
1907 2446
2331 5217
4575 1533
5219 4060
1189 3111
898 5633
5220 3543
5230 2508
3869 995
5458 5518
3355 2750
1129 5344
247 4452
5424 843
4503 3002
3813 4001
3216 1110
5130 1411
2487 4521
2573 1658
5251 1720
887 1640
2044 425
3685 5857
1545 4977
3405 5667
2340 4600
5287 2572
1872 2299
5521 974
3171 311
3248 1364
2146 4374
451 513
2855 4829
1733 4724
3558 4867
2437 67
5140 1230
5795 4757
5774 3959
2431 1969
5356 3307
1795 2194
3389 2646
32 3787
5456 3912
2748 2794
1855 1787
5256 3117
4889 5293
2513 5844
1260 1795
4680 1514
2983 2813
405 5315
2356 3122
2417 1720
2110 5278
4505 1758
990 5277
5757 646
5668 2449
5147 2091
4253 303
442 2640
4679 4762
5639 5160
4394 5750
4081 5992
4936 2235
1628 4928
2347 2585
1832 306
4529 5124
4099 3241
2335 772
3811 113
5422 3757
448 4643
1308 2920
3829 182
5643 1341
65 2504
1987 442
497 2563
5130 2789
5802 5212
2575 3034
3703 379
322 4196
2373 3266
905 3979
3035 4406
465 1951
1247 306
4341 5970
187 230
814 4946
2327 1177
4530 4325
3677 3909
467 4504
706 1754
4348 1000
5811 727
1512 126
5569 3429
4960 995
3282 2856
3187 1128
100 3718
1779 5417
2749 392
5150 4054
4892 4419
4691 641
4506 4831
4918 977
3599 910
2992 2794
3551 5766
2445 2899
2710 2778
2482 2262
3472 3422
1236 480
3246 337
2406 2892
1000 5037
4722 5114
3329 4119
1995 2084
2700 4325
4538 5597
3810 1606
3953 681
563 131
2426 5141
10 3811
2589 4410
2733 2481
1181 4880
5276 4571
4174 4676
945 62
2048 1158
612 1915
2185 5982
2455 2683
4424 972
4868 46
3510 2988
5190 3378
3260 3854
1407 568
4882 499
2489 3751
3283 3669
5270 4540
3039 879
1007 5913
1974 3504
104 4711
1189 1851
5998 23
2978 467
107 1997
671 4990
3281 2735
4396 318
275 4769
1443 1199
4044 5991
4419 1941
5162 2086
1084 4374
1626 4920
2997 2350
2667 4000
5344 1901
4594 895
2164 3445
4945 1193
1468 1030
1561 1771
1183 5477
229 4845
18 353
4467 1934
1591 4710
4421 4521
2559 1856
2403 2431
1608 2164
1450 1184
5248 5438
5425 2098
5605 3202
3983 4910
3629 4814
3315 5158
4904 3149
4774 2602
5492 4595
1193 4572
2057 2414
2682 4813
3504 4366
3302 897
1862 5960
4443 2967
3864 2564
2523 2528
724 156
1381 3375
5210 881
1838 4559
1422 581
3633 2028
1541 2580
3885 999
4102 2786
129 2136
3262 769
206 5255
1251 1434
2222 796
5445 1291
5022 5505
2882 3208
4716 5445
132 732
4809 2929
2905 2987
2712 2292
770 2404
951 1466
1982 1332
2636 2580
3602 2277
4299 3850
2173 3912
3508 2292
93 4632
3501 337
4557 1502
1353 5672
4121 3539
330 5394
2453 5806
5385 3496
4019 454
2650 3199
19 1304
93 2627
107 5491
4713 4339
4903 1822
5765 2940
900 338
1178 3023
523 1562
5426 826
2580 4208
2477 5769
4796 4723
5632 232
5949 3907
103 1877
4924 2463
3783 4586
1369 4849
1268 1147
833 2091
3729 1311
2275 3159
1337 642
2815 1672
5112 2105
2370 1766
3824 1848
3223 945
707 4356
237 4094
1514 4705
4063 2927
373 1742
360 5850
2319 1653
1187 488
1833 5232
5024 126
1501 4696
2047 373
1157 4915
3764 2149
4331 4128
1516 2184
4691 744
5192 1988
4392 5887
3420 5505
2488 476
5472 4131
3104 308
5930 3829
1912 85
399 4158
3187 4815
5029 4245
3190 4864
1016 1745
1159 3898
4350 3619
105 103
1208 3803
2408 661
401 650
1601 5319
1607 2297
4889 1532
3114 1644
395 3408
51 1357
3063 5124
294 1906
2763 5424
2004 1644
205 1646
5173 4005
724 835
3576 5139
3458 2463
1150 983
2441 5699
1627 5399
5731 495
5782 1208
3813 983
3482 501
4404 636
1510 4661
2730 323
3830 5941
2509 1828
5061 1440
4315 2646
4569 4586
2605 1021
2398 450
653 3993
4973 3100
1672 2378
1905 3644
5701 2695
4272 4301
5659 208
1518 4387
4479 1601
678 4529
1299 669
407 91
4022 5405
719 4998
3576 5250
1271 2580
5340 5236
3820 5137
4428 5622
4876 3252
4306 1495
4812 3697
4667 5918
1474 1876
5927 3812
4185 1899
3722 5396
5782 1385
2567 1157
2561 1584
5776 1125
5075 595
2688 5725
76 448
1593 3896
5410 2918
2238 212
934 4453
650 728
844 4185
13 1893
4393 4052
4302 2687
1032 4011
3954 3664
794 783
331 5352
4151 3504
1303 1526
169 3135
4359 555
160 685
819 5844
4825 2968
4853 217
1089 195
1045 3221
4109 174
5569 114
5753 2539
3316 190
2046 2283
5877 743
5246 1108
5145 1742
491 5139
5374 2280
5703 2154
2753 1240
516 3180
4300 5239
3520 47
1463 1829
976 5047
1623 4702
4119 838
2015 2278
4409 3187
4725 1463
2271 4432
939 4431
5714 1200
1558 5114
3655 3992
1369 3783
2292 5218
4596 195
3131 4599
2701 469
5907 1563
1581 4406
2693 2204
641 5970
116 646
5248 2982
5109 881
2055 1059
5895 3305
3503 2559
1794 2010
5571 1279
2506 557
3313 1402
5611 3562
544 5808
36 3006
5583 671
3067 3963
2076 2353
1219 235
3914 3614
209 4833
5850 3320
306 2657
2991 3513
3162 3194
2730 2604
2120 5311
1206 5456
2740 3826
1200 332
5787 2786
1500 5675
1644 3692
4600 2226
1189 3285
792 1841
4084 5860
1874 4335
1834 2814
3564 1979
2832 2467
5013 2130
2230 474
76 65
1123 4484
2537 5158
5229 1070
1033 1733
1687 3195
1475 4561
3636 265
965 4042
5819 5081
4289 5837
1188 1162
5006 313
5675 0
1418 5272
4796 513
4754 2598
3621 5499
5305 5761
2178 3879
2019 4512
2150 5379
5846 1887
606 685
5578 1779
3135 630
2716 3497
5153 1706
5996 2906
3685 1730
4307 2788
5517 5574
4517 2830
3715 5749
5541 5588
2170 5721
2943 190
4889 1726
3583 2095
3163 143
2231 4932
5029 1397
1222 4807
85 5880
4620 3747
3032 4516
1279 703
4098 795
5 5529
5371 5771
1000 4682
5926 5724
5671 2607
5219 1219
5961 3188
2276 800
834 5560
4661 705
5365 488
4435 5641
3831 4676
2356 180
5197 3074
4476 4230
5891 5577
4383 2653
1327 3983
2460 4674
3930 5297
3196 4788
5246 4650
747 3546
251 4615
5477 3216
1802 4732
3062 4503
5373 668
60 1911
3189 3085
107 2188
1083 4589
305 5344
470 5641
2987 4479
801 1611
2696 4072
1990 923
4022 2373
3259 1610
123 740
646 4195
3517 2581
4702 941
2487 2611
5894 5928
79 3827
4318 3042
3269 4851
5507 1170
5558 3461
4365 1552
775 5025
2324 3087
3227 4212
3754 2945
516 4060
3859 1675
4822 2974
77 3423
141 2215
5499 5137
3171 522
1736 2381
3568 4863
5644 2259
4998 3968
5790 5653
3831 130
1950 5972
3427 5162
3503 2147
5680 2189
3478 2506
917 4415
461 1229
2900 3439
5268 5061
5243 3691
5696 2879
2283 206
929 4313
2929 5135
58 3341
856 702
2719 2135
5312 5365
5032 163
5656 5808
3375 2646
963 3297
3883 3677
2885 2899
3720 2018
1888 1148
1909 91
338 1908
5119 5478
107 2833
4961 1678
911 3969
430 4387
4978 2061
4247 4200
3173 774
4749 2925
5314 3872
813 811
3707 1022
4094 3860
4969 2447
1085 3938
1530 1227
453 1306
1922 1140
1626 5447
4149 2208
4218 1546
4069 767
4670 1792
1919 3692
213 3182
2653 4344
420 5319
530 2214
5120 5754
1348 5159
2993 465
5182 4240
3849 891
2410 1939
1601 3753
564 716
1502 1176
1180 4492
4800 80
1064 5649
2267 3220
487 4668
5321 1692
1012 364
3154 608
1838 4769
4081 4372
241 943
891 5501
909 74
4284 2912
2390 767
1779 4194
431 2657
647 421
772 2847
44 1790
5002 943
1282 3113
1843 877
5784 698
1556 5279
4148 175
1399 5418
2931 5018
3079 1673
1544 3617
4305 2660
4734 3866
1300 3629
4224 895
5647 4449
5977 2638
2704 5053
1121 2325
2638 1715
4552 2715
3830 869
2714 4295
3525 5522
5639 246
5059 145
4319 769
2836 300
5808 3719
895 1752
3671 4812
465 4119
5010 2999
4671 3531
1890 453
1940 1127
1527 346
37 5882
167 3607
1746 3543
4417 5586
3176 4426
4157 1138
3822 4820
3745 4429
4509 4271
1023 4222
2748 5364
1277 5762
3599 432
3949 2187 71
238 665 79
1854 3531 79
3328 4949 78
5567 3660 79
1778 5519 79
818 431 80
3949 221 73
4758 814 75
171 4766 73
3669 4464 74
1969 315 70
3954 2847 77
934 4741 70
1025 4966 73
5980 1432 78
4117 1633 73
3782 2846 80
280 2805 73
4356 1238 74
5694 5381 79
4537 5428 71
4897 3019 73
5579 4594 72
3950 5183 70
1074 3355 78
1551 2454 71
3540 1492 80
1412 5822 72
76 3647 72
3878 418 78
2667 3864 74
4805 2737 79
809 5451 78
5015 1930 72
3679 3292 70
1782 2693 74
3791 600 76
4164 1464 74
5178 2326 73
5951 661 79
199 2018 76
5958 2273 73
3755 1923 70
1975 1036 79
937 2019 75
5359 416 72
838 3475 78
799 940 70
4708 3167 76
3402 628 74
2949 4848 71
3375 5364 79
3617 1003 71
4026 5784 72
5128 4936 73
3278 3161 78
79 1198 72
5326 1282 70
4008 3910 79
3781 1773 79
411 2047 78
738 4247 80
1085 487 72
3527 5653 79
284 1699 71
718 1977 76
5135 5830 77
5435 5898 74
376 3690 78
2740 1928 78
3092 1831 75
5136 3563 76
68 5106 71
278 3108 74
4686 1370 78
5642 1246 71
3014 1198 80
5723 5847 72
204 1014 78
5445 4804 75
4274 4611 73
1555 1116 76
1346 3885 71
664 4114 70
1346 2822 77
862 2538 79
3625 4942 79
5744 5593 70
4736 4612 75
4779 3498 73
4751 3757 80
1272 4153 72
173 2647 74
4503 912 77
1452 3301 79
1800 1005 71
367 3988 78
592 5445 73
623 2316 77
5988 4544 76
68 904 78
844 1395 71
1824 518 77
1461 68 70
1635 986 75
5783 280 80
1765 5085 73
5145 5559 76
712 3210 76
2296 5489 72
3781 2538 76
940 5353 74
4293 4037 80
909 1527 73
2707 4630 78
3994 1490 74
2796 3452 79
2820 2656 80
352 246 77
4954 234 72
742 601 77
769 5605 76
5230 5227 75
4764 4864 74
1696 4358 77
2130 4831 74
5280 2001 77
3979 3236 71
3278 96 80
3966 1294 76
3810 5689 74
4466 4037 71
5505 624 80
1258 4447 79
1143 1422 78
2401 3677 73
5075 3863 70
202 2472 80
634 1770 70
5368 4574 80
149 4916 71
5031 5055 76
241 5551 76
3160 5140 75
3484 1086 80
425 5713 76
2270 1994 75
3472 5238 77
2058 3715 77
1360 5346 75
4751 1665 70
4517 1274 80
2096 5672 74
1439 2190 75
229 1488 74
23 2313 78
3952 5932 72
2591 2269 80
742 4921 72
5929 4738 76
5832 5302 76
1110 63 72
5566 5805 74
5061 4169 72
2894 1979 78
429 922 75
2296 3518 79
1872 5326 76
3226 2048 75
2517 3460 79
774 5146 73
2112 2095 76
3903 1145 73
3121 2501 71
2339 4353 74
5986 3097 73
2550 5031 70
4331 2380 71
4569 3855 74
4902 2369 78
43 3142 76
128 178 77
1089 3145 79
5679 1913 78
2444 3187 70
3671 2103 70
4390 2733 80
5990 5574 77
5926 4995 78
1205 5296 78
3602 3088 78
2657 2653 72
28 2098 72
351 2971 76
1939 1692 71
3784 5882 72
2980 2257 70
1586 3460 70
1521 4017 80
4939 2557 77
1694 2552 77
253 2289 73
845 4050 71
4124 5058 78
5518 4020 73
1817 22 73
5375 225 78
2264 687 71
4718 2347 76
4692 80 73
2682 1013 70
869 4516 78
3697 1546 72
5506 1909 80
4182 381 79
2500 650 72
3276 3526 74
2072 3558 79
5825 2053 77
1891 2135 75
5303 4956 75
283 843 70
4193 727 78
5081 1709 70
4643 4207 70
3818 4196 71
1431 3090 76
104 2930 73
5471 5004 80
3064 4934 72
2214 4491 74
89 1540 75
1418 928 73
2462 5452 77
550 2863 74
2849 3649 71
647 1575 76
2650 400 78
503 772 73
132 1337 75
1659 2836 78
3194 874 71
5587 5515 72
4914 5460 72
3744 5211 79
1604 4841 78
3839 2074 80
5621 4179 78
3535 3243 79
1795 2320 79
2037 5324 75
5253 4433 77
423 1507 80
5422 1737 71
2362 5062 80
2659 2459 73
4233 3481 76
4921 3772 75
1486 5037 78
4193 1004 77
4885 4751 75
709 1288 70
1928 3911 76
1716 5375 72
4224 3307 75
2233 5306 80
142 24 75
414 1124 70
1549 1998 71
3348 5552 70
3918 755 71
5488 5350 70
2887 4508 73
2230 87 71
5346 3419 71
3605 2934 73
4870 662 80
4710 1899 75
661 2970 80
1917 1962 73
23 2582 74
5932 1839 80
1001 5170 79
5147 4688 70
867 2952 76
3696 4073 70
2972 5544 74
3733 2300 71
2060 1387 72
2396 534 72
1442 4349 71
2476 1120 75
1411 3529 74
4226 556 79
5787 3632 72
4812 4465 79
1192 1608 73
4064 1162 76
2908 5364 76
5608 896 75
4055 5308 72
2142 4164 72
5364 2146 70
3955 5470 71
3427 2858 79
4929 1264 72
722 4465 71
3640 39 75
4655 5000 79
1292 3408 78
1134 2486 75
2190 3795 75
432 3185 80
3292 1154 73
4110 5619 71
5128 1314 79
2802 5062 78
2608 2046 73
1513 3845 73
3498 2713 74
4204 4761 75
5232 3808 79
4124 1824 77
5798 3164 75
5607 2348 74
1787 1756 73
898 5966 79
2693 2922 78
120 1764 71
4986 558 75
5025 2813 72
5676 2968 71
3763 5531 78
3045 3704 78
4468 503 74
2537 2741 71
5236 310 72
3005 5727 73
2842 125 77
623 1170 75
2165 2283 78
931 2300 75
3057 1974 71
1296 3217 79
3156 3303 79
4960 4589 75
5783 841 76
1946 5473 78
4338 4870 73
2449 2503 74
1141 5813 76
5326 28 80
336 4412 77
887 2736 70
5834 1505 76
4399 5386 71
3193 3674 71
3275 4336 74
2822 5954 77
88 4516 79
4411 3813 75
4289 18 70
4350 5550 76
4932 4312 74
2005 2832 80
4029 3383 80
3576 767 72
1892 4464 73
3520 2048 78
894 3861 73
3568 3848 71
1708 3806 78
4048 21 78
2369 1013 70
5164 1010 77
3430 1370 71
3160 2337 78
778 2224 71
4000 985 72
3238 1703 77
3956 3063 70
1448 278 80
503 4824 78
2673 5223 76
3537 4265 71
5346 3115 76
4684 5784 76
5948 1134 73
2472 878 79
1805 3170 75
3443 5062 74
2313 5649 70
5911 429 72
5658 76 70
3410 2536 72
4700 1190 72
3834 3180 77
630 5671 76
3758 3563 71
739 5949 77
2617 760 71
5867 4412 76
5265 1838 78
967 1668 79
1420 2600 73
3625 5412 72
4601 5188 78
919 3611 70
4936 4900 70
4907 1621 77
1234 4012 74
1414 5620 76
1788 5916 76
2823 1456 74
1646 30 79
4222 2594 72
3074 3111 74
534 547 76
1134 4222 72
4215 2978 73
5386 2617 70
3878 3435 75
3390 1916 80
1750 1358 72
5159 1158 70
418 2361 78
3179 5534 72
5044 3328 70
391 2520 75
5996 5850 80
1407 3705 76
5652 509 78
2203 1485 76
2468 1636 77
5912 4034 76
437 5427 79
3229 250 70
2082 1778 77
4120 2123 77
5646 735 74
5509 3034 79
5656 3954 70
5806 2700 73
4016 3718 79
3113 4772 78
3982 581 71
4438 1499 75
5923 1649 79
1564 3192 73
791 31 74
544 4364 73
2748 3280 77
3691 2673 78
4458 3122 79
5850 2906 70
5684 2522 70
3610 1277 73
975 702 78
2967 2536 78
3642 5792 72
1352 2063 72
5108 4515 76
1701 3611 80
4940 871 78
666 4605 72
2445 4237 79
5655 5076 71
4699 3930 70
2138 3370 70
2129 1615 72
3360 3757 77
4641 4484 77
4230 5760 73
2172 2482 73
38 5667 74
3631 2453 80
3360 4028 72
4242 3735 78
4442 5126 72
1901 5025 74
1662 4207 72
5988 3736 77
4939 3919 72
4804 1048 76
4141 5940 78
3784 1388 78
4033 4124 71
576 31 75
2725 4428 76
4410 738 77
3114 2951 71
1066 5436 72
2880 2399 79
3712 3767 74
5037 5944 71
1785 4834 75
2630 1355 77
1705 4040 73
3883 2359 71
109 5411 76
3476 4866 74
235 3793 75
3488 915 76
2499 5607 73
282 3272 77
843 1078 71
2270 5983 75
4730 2501 72
638 2135 80
1150 4724 71
3226 5700 73
2130 5862 78
2426 2106 72
3899 4024 73
1155 2216 80
1224 2654 73
5391 994 73
1307 1042 75
5940 3557 72
4881 1423 72
5825 87 76
5822 5960 75
4630 5582 75
3891 58 72
4167 4190 74
2646 1795 79
3182 4502 73
5485 2777 76
545 1404 70
4749 2170 70
4209 4375 74
4289 1716 77
1356 1295 77
4115 2316 77
2836 919 80
1745 175 70
5973 4189 74
4160 1281 73
1421 459 77
2996 103 76
5241 3262 71
4179 3933 71
2133 846 80
142 538 73
1296 175 76
1610 1493 71
3515 1644 71
401 5971 75
5623 4755 72
4387 2554 77
4420 1863 74
684 3386 74
4441 4601 70
4482 4448 80
4092 2507 80
4498 2382 77
5340 2463 71
3930 1634 73
5270 2807 77
2812 2218 75
5762 1778 71
519 4568 72
2766 4911 77
461 3844 74
4654 284 76
1072 2794 77
141 4228 78
3340 1533 71
5528 2179 77
3005 1677 74
5141 2711 74
5634 3801 73
543 1019 73
2377 3828 72
2617 3636 74
439 2771 70
2382 5849 76
3064 2125 75
2727 614 80
4528 103 75
5266 601 73
1721 2990 73
1542 2697 79
3001 2686 74
2120 483 75
114 5250 70
1548 1355 71
2355 0 74
1998 4305 73
5575 1404 76
5180 2945 73
4647 3636 78
3852 5362 71
5310 779 74
3272 492 75
3341 4488 75
1979 4116 78
1597 1845 78
1267 563 77
2195 2643 78
3017 763 75
3446 3523 80
494 3464 76
1974 4598 73
1318 1724 80
2978 4178 73
1383 1485 71
2822 5504 72
2517 5234 72
1596 789 74
4628 2901 76
409 410 71
4513 1115 73
2194 3234 70
196 3463 80
5328 5667 70
625 3550 72
1076 908 70
5110 5357 73
2920 1819 73
1143 3499 78
1296 4886 76
990 147 74
2348 4860 72
459 4234 77
3692 221 70
1565 590 80
4386 4305 72
2549 83 78
2858 716 73
3853 3855 75
3080 4045 77
1560 5963 70
2918 3115 70
2284 4678 75
4830 5123 74
3462 153 78
4404 3534 77
3521 1793 75
4985 3184 71
2656 3085 77
3994 4268 78
515 5059 73
1583 5701 77
5779 4183 72
1888 1482 80
290 1216 74
4908 4143 79
2885 4348 73
3281 5237 70
4778 5352 80
5051 390 71
3953 4736 76
5169 173 70
5088 7 72
389 1350 77
2485 4408 74
2990 3880 75
5278 5948 79
3 4330 78
2992 5900 76
2266 1139 70
4962 1108 75
4956 3613 77
2933 5207 70
1938 5710 74
5059 2450 70
3433 2319 72
492 1716 75
4235 2793 70
2979 4675 78
2838 3837 78
1143 5597 77
2581 5909 79
4798 5665 80
354 4923 76
3100 4354 74
1681 1217 79
1953 4783 78
197 5749 74
3834 4516 78
2114 5487 80
5598 5225 75
5681 2802 72
881 3238 78
627 3800 70
1696 2147 80
3608 516 71
4259 203 78
1485 1662 76
5019 2268 74
1195 1271 78
971 4146 79
1324 2345 74
4633 3308 70
781 1732 77
5494 3307 76
711 5301 76
2689 1544 78
4608 2645 74
2294 3990 77
1864 2905 74
3510 4104 77
1294 5514 79
5666 3265 75
4757 4064 74
1425 5194 77
155 4066 80
3177 1467 74
5742 3461 71
4297 3135 80
3092 5406 80
2770 4102 78
332 4667 80
1616 292 75
3151 3845 79
1386 1905 77
1705 4632 75
5363 3970 70
2425 1322 77
5439 5210 70
5763 4560 77
60 5974 75
4485 2009 70
5085 4015 72
1188 5964 80
4999 5699 80
1101 338 75
138 364 79
3862 2711 70
569 3995 79
3980 2614 72
1411 693 79
543 2677 70
5994 2809 77
2037 3187 74
2027 108 78
1537 2965 75
22 2790 71
5717 1020 71
3312 2417 71
4114 3146 70
2791 1151 76
3667 5965 70
3496 4576 73
1942 5865 77
4037 1987 76
4235 5349 72
2072 5164 73
4567 1665 79
1885 3352 76
5598 1557 74
4508 5895 75
3005 1378 76
5718 4927 70
1020 4412 70
110 3282 70
3266 2987 79
3594 3676 71
1123 3762 77
211 5061 71
3426 404 78
16 4677 72
3384 4234 73
5862 1299 77
1113 1911 80
5281 4757 77
1976 732 80
2934 3312 78
5440 1517 76
555 3676 71
4368 2935 77
3087 430 70
917 1863 75
4470 3366 76
3258 653 72
5986 282 73
1500 5467 71
5739 1627 73
1757 5769 70
5810 2339 71
928 5710 77
3969 1780 70
3437 5793 76
5427 4256 75
3512 5935 78
3321 4653 78
2334 2937 71
2542 4848 76
2391 1857 70
1906 1233 73
2308 2394 74
1111 1089 78
1969 2397 76
4652 1012 75
1221 798 73
816 257 76
3060 3475 77
5562 347 71
4349 2052 71
2398 1484 79
2572 4005 71
2456 295 71
2423 4579 79
5529 1075 76
3825 5014 77
5703 4381 73
5913 2456 80
3730 1171 71
2096 3917 70
2681 4231 70
4597 4726 77
3123 1062 71
4904 3369 75
3294 2255 79
1735 381 71
4074 4901 70
2822 5744 79
2194 5010 80
1307 4600 76
2853 448 74
1629 5154 77
457 5216 78
5168 739 73
2506 2961 77
580 5922 73
4818 312 75
1156 5146 73
5198 1458 76
3972 3551 72
4814 5981 74
3761 4743 77
3165 2682 78
577 273 74
1926 2586 70
3662 3445 71
2134 301 75
922 1242 80
1765 824 75
729 2673 76
3603 4690 79
4604 2153 71
4901 2029 71
5373 3662 78
3045 603 75
5342 2959 71
1541 4518 78
2622 5453 73
5898 3410 79
