740 730
4 2600
9 573
10 2084
13 1181
19 1145
24 391
24 2979
44 1602
48 2355
49 517
50 940
56 2617
57 2388
63 493
64 272
65 1631
66 434
66 1700
76 1473
76 1799
76 2202
78 325
79 2666
80 1136
88 2173
92 1416
94 537
107 453
111 487
114 1273
115 1787
118 1279
120 1945
122 1528
126 891
127 1305
128 672
138 746
143 436
150 637
164 827
165 400
171 1146
172 1599
175 953
175 1428
176 1802
177 26
180 437
185 892
186 72
199 2657
225 1566
231 2202
236 1311
237 674
238 1065
240 2025
241 37
242 704
243 735
244 395
256 927
264 2436
269 722
279 2808
280 2213
282 1145
282 1236
284 2842
290 2830
292 2318
297 2408
301 2106
310 808
313 1249
325 2062
328 1401
334 1291
335 2083
336 1757
349 819
357 755
361 2206
366 1344
368 914
372 1344
372 2993
374 1273
375 2543
378 465
381 773
387 2708
391 698
393 2951
395 2927
397 655
398 1629
405 2124
414 666
421 2982
422 2023
424 116
431 2560
435 1367
436 1627
436 2224
437 2974
440 1871
454 661
456 1983
457 725
459 1387
475 105
485 2659
489 2981
496 1578
497 870
517 2531
520 725
521 2816
531 59
531 2425
532 1292
539 2279
542 2174
543 797
550 2134
551 1455
558 1080
560 544
561 2861
574 108
579 1188
580 988
580 1458
587 823
589 759
590 843
591 936
593 911
599 1833
600 1047
612 2740
613 2375
613 2694
617 2091
617 2547
619 939
620 1695
624 1107
633 661
633 1239
639 2586
648 580
649 2346
652 829
658 1271
660 545
660 1468
663 1781
667 1409
669 577
675 717
676 2517
681 2101
688 2952
691 1371
697 794
699 2295
704 174
709 155
710 919
715 1744
722 2423
723 1102
724 2307
725 972
740 433
747 2427
749 2363
751 2909
755 2670
760 319
761 2219
764 405
770 2693
771 211
775 75
777 1426
778 831
783 1625
783 2837
788 1348
790 2010
797 1807
804 2033
815 1946
817 2779
822 1084
822 1857
828 1141
830 1217
835 2514
836 2352
840 1833
841 884
845 103
859 854
867 1875
867 2626
878 2350
880 269
892 418
894 1692
897 762
902 1926
908 1203
908 1387
918 1997
918 2730
923 1920
926 845
926 1397
928 1994
929 2073
933 1053
936 153
944 1705
946 2359
950 2202
951 2519
963 1933
965 985
986 1074
993 25
999 703
1002 2323
1003 1526
1004 1785
1011 2600
1013 2958
1014 1919
1021 1785
1022 1772
1025 1358
1025 1639
1029 1065
1031 2000
1032 1038
1041 1379
1045 1297
1046 1004
1048 1226
1050 1261
1054 1889
1061 2021
1062 1994
1066 1857
1066 2420
1072 2229
1074 157
1075 2038
1080 383
1081 1057
1081 1573
1082 761
1085 450
1085 598
1091 776
1093 1083
1100 11
1100 1045
1101 935
1104 2863
1106 1303
1118 2378
1120 2632
1122 1215
1123 185
1132 1197
1133 1379
1140 2086
1159 556
1162 1201
1165 2941
1172 1119
1176 878
1176 1334
1177 183
1185 1696
1187 1900
1188 689
1202 1449
1204 2171
1205 749
1209 684
1219 1962
1229 1590
1233 2134
1234 584
1242 2196
1243 1125
1243 2717
1244 1211
1247 2160
1249 523
1249 2230
1250 2235
1259 65
1260 1378
1264 1408
1264 2900
1276 1803
1280 2682
1285 580
1291 2557
1293 1662
1295 1223
1296 56
1296 979
1300 1960
1309 2015
1311 1368
1326 645
1330 2724
1342 18
1342 2705
1343 2926
1348 564
1350 361
1357 1336
1369 631
1369 1967
1370 463
1370 2925
1372 1248
1383 1204
1384 2023
1386 1894
1391 609
1397 1428
1403 1600
1407 1623
1408 311
1414 2355
1415 2723
1418 2104
1421 346
1421 2415
1425 2283
1431 2540
1432 806
1437 371
1437 2281
1441 2936
1445 21
1459 1980
1459 2484
1471 1480
1474 1576
1483 1585
1485 397
1487 1312
1487 1878
1491 1507
1491 1574
1495 2518
1500 2483
1501 1974
1509 507
1509 723
1515 1034
1525 462
1535 1121
1535 1126
1536 2859
1548 2354
1552 1361
1557 1188
1558 1593
1563 1184
1564 866
1569 117
1580 1980
1581 133
1594 2754
1595 520
1599 1365
1602 2198
1606 492
1609 2534
1610 1234
1612 1371
1617 325
1618 1016
1618 2663
1624 1300
1625 963
1626 186
1629 298
1637 1591
1638 940
1640 74
1642 2266
1642 2584
1643 422
1644 464
1645 580
1646 4
1648 1887
1653 926
1657 839
1657 2144
1659 976
1662 992
1662 2504
1667 1146
1670 2224
1672 1327
1673 594
1673 2819
1676 425
1677 2416
1683 418
1683 2626
1690 1989
1692 2652
1704 329
1713 1330
1715 582
1715 2341
1725 343
1728 730
1732 1037
1734 2896
1738 2320
1740 1170
1740 1296
1740 1420
1742 1013
1742 2424
1743 1819
1752 720
1752 2897
1756 850
1758 2298
1766 1124
1766 1214
1780 356
1782 625
1783 1608
1797 248
1798 600
1800 2425
1805 165
1807 322
1809 440
1817 2906
1820 2151
1825 1242
1828 197
1831 732
1832 1977
1835 891
1839 1983
1839 2036
1840 1157
1843 2581
1846 2560
1848 2869
1852 111
1852 1541
1853 2029
1853 2105
1855 145
1856 2264
1860 551
1872 2682
1876 2102
1879 2792
1880 563
1884 1807
1894 1284
1897 62
1897 1958
1900 2960
1901 1000
1901 1562
1903 2177
1913 1239
1918 2483
1925 969
1925 1323
1927 955
1928 1060
1928 2131
1931 1451
1940 2192
1942 1419
1942 2054
1946 23
1946 1852
1951 1150
1952 1106
1952 1574
1954 1433
1955 1053
1956 1419
1960 2121
1968 2410
1971 2044
1972 494
1977 27
1982 300
1984 2866
1989 2009
1990 1344
1990 2040
1999 2891
2008 128
2014 1480
2016 1303
2020 2887
2024 1980
2032 77
2038 2454
2038 2775
2046 858
2047 14
2049 2985
2051 208
2056 808
2062 1489
2064 541
2066 1298
2069 2353
2070 242
2070 275
2071 2824
2072 791
2075 745
2077 2027
2080 2549
2086 2707
2086 2718
2087 1925
2087 2883
2089 777
2093 584
2095 1534
2098 1151
2098 2520
2102 575
2104 1782
2111 2719
2117 2406
2122 266
2123 1782
2124 702
2124 2721
2125 688
2125 741
2125 1595
2129 1098
2130 1647
2130 2816
2132 471
2139 620
2149 656
2166 1721
2175 134
2181 850
2183 2720
2191 806
2200 2978
2201 1295
2202 836
2207 695
2210 2677
2212 619
2227 1901
2238 2813
2239 1501
2249 2063
2254 1186
2262 2396
2264 2299
2264 2859
2266 2492
2274 2342
2283 1992
2285 1554
2286 1204
2287 350
2295 30
2304 651
2305 2823
2307 2017
2322 969
2327 2327
2330 1901
2331 1161
2332 161
2333 2549
2336 992
2345 2400
2346 899
2347 2141
2350 181
2351 2565
2368 1230
2368 2761
2379 488
2379 2339
2381 1284
2383 2067
2384 2672
2389 378
2394 387
2397 2565
2404 2113
2406 579
2409 341
2411 2762
2417 1686
2429 345
2436 2557
2438 2436
2439 695
2447 2949
2455 37
2459 2110
2460 61
2470 2583
2474 1752
2475 2840
2498 578
2502 2886
2503 2072
2504 1814
2507 2317
2508 200
2510 2874
2515 1781
2516 744
2521 1833
2524 2750
2531 64
2535 2394
2539 2546
2540 1105
2554 234
2557 1503
2558 1611
2569 1512
2571 2929
2576 16
2576 2887
2586 1308
2588 1307
2592 2540
2594 591
2594 2400
2596 2927
2601 2473
2606 1576
2608 2843
2621 1684
2626 10
2627 144
2636 2733
2637 460
2639 197
2641 49
2645 2096
2646 366
2648 412
2658 1823
2664 727
2665 184
2668 735
2670 426
2670 1808
2674 2762
2680 390
2680 1148
2683 18
2700 936
2708 463
2712 559
2712 1808
2714 1726
2718 83
2719 148
2750 1583
2759 2126
2760 260
2767 2206
2774 275
2775 2426
2781 903
2793 2687
2818 787
2818 2460
2823 846
2829 465
2829 2755
2833 580
2837 2133
2840 1466
2844 80
2846 855
2860 527
2869 1587
2871 487
2873 2736
2877 103
2877 335
2880 2388
2884 1794
2884 2854
2888 1230
2888 2648
2892 2460
2896 2168
2900 628
2908 1684
2934 843
2947 1996
2950 2459
2954 1682
2957 2237
2967 294
2968 1977
2973 241
2974 1600
2982 1644
2983 1678
2996 2914
0 1623 35
2 2430 33
4 1789 24
5 1304 26
13 484 37
14 1940 24
18 2866 28
19 1446 45
21 1057 44
21 1360 30
25 2158 60
28 206 39
29 2665 50
31 35 41
47 672 33
52 2289 55
54 1293 21
58 1182 22
63 2561 30
72 767 26
81 1338 27
84 2986 35
92 1861 48
95 2865 33
96 582 34
96 2356 20
102 378 37
105 1741 39
107 149 22
111 1249 20
114 2462 22
120 2724 43
121 2061 57
128 1355 22
131 1457 33
138 1637 49
143 936 29
152 22 21
153 2256 37
155 2788 26
164 112 35
166 2989 20
170 2598 56
173 1264 24
174 482 40
174 1082 46
183 362 37
184 1770 30
189 698 40
189 1926 21
190 2851 45
206 2410 54
207 1184 47
213 1417 38
217 2952 32
229 162 30
231 1273 30
233 847 46
234 1691 59
241 2116 53
253 319 43
258 219 33
261 1866 46
263 577 44
264 2620 26
272 80 50
274 2761 45
279 2535 56
282 2279 40
287 1473 42
292 1991 39
293 1094 29
296 2909 55
305 1752 25
308 2156 24
309 1314 30
314 2655 34
319 895 20
327 1369 26
328 698 60
328 2811 20
338 416 28
338 1883 28
340 1187 28
345 2738 23
351 313 50
356 1548 58
361 1021 45
361 1662 37
364 196 39
369 1448 25
372 2050 25
373 2584 29
384 93 33
387 1738 28
396 509 24
402 1949 60
405 1225 47
408 2336 24
409 734 24
416 10 51
425 2875 35
431 456 27
431 2269 24
435 2069 20
437 2677 36
440 368 34
445 2446 57
445 2578 20
449 979 29
452 140 22
454 870 27
457 2193 27
482 261 48
488 536 55
489 1328 56
491 2736 40
495 831 21
495 1480 47
504 1056 45
510 1873 53
511 365 28
511 2116 25
514 780 24
516 1628 50
517 1214 29
521 948 37
526 177 27
526 1723 31
534 2240 32
550 2645 51
555 721 25
564 817 23
566 2498 39
573 1134 35
576 2880 22
584 16 53
584 1065 22
584 2031 23
587 591 27
593 2342 24
595 2990 54
598 690 27
598 1225 22
600 203 47
600 1410 46
602 502 58
602 965 23
602 2140 25
604 1912 48
608 1502 34
609 1306 36
614 1589 32
628 1756 32
629 2279 39
641 2009 30
644 93 42
644 797 28
652 410 22
654 2762 45
663 956 34
669 2680 30
672 617 21
676 2609 33
677 749 27
680 299 51
680 2896 35
683 1120 32
691 1596 29
703 2492 28
704 1043 36
704 2362 26
705 2171 46
709 1797 39
711 501 49
717 657 20
724 1496 53
731 2646 33
733 2398 20
734 1887 32
736 1337 44
738 2025 54
742 991 23
743 33 39
751 1225 48
753 1576 20
756 2752 37
759 907 33
761 2559 38
768 2254 26
774 156 54
780 2954 46
786 610 43
786 2355 21
801 2809 31
804 2454 33
806 784 52
808 1018 37
814 513 46
816 2726 21
817 2149 37
829 290 23
834 28 28
838 404 45
839 1314 33
841 1171 28
850 694 47
855 2878 20
859 2282 44
861 154 24
861 1643 29
862 1996 53
863 1914 27
864 1445 52
870 1555 43
872 1766 49
877 2594 26
880 2985 26
883 92 28
898 473 33
898 977 55
908 340 24
908 806 34
913 1314 31
925 2457 27
928 2810 46
930 226 46
934 2315 20
943 17 40
945 2654 20
945 2932 43
956 567 32
958 1762 30
974 1250 23
976 649 40
986 887 35
986 2229 31
989 369 26
993 1135 53
995 1419 56
998 2391 21
1001 2632 31
1003 59 27
1005 1581 53
1005 1875 41
1005 2461 38
1008 486 57
1010 114 26
1014 1289 25
1021 968 35
1026 756 43
1027 1698 58
1046 408 21
1048 2089 45
1048 2206 32
1049 2808 35
1056 1946 35
1057 663 37
1057 2690 36
1060 2886 35
1064 1350 24
1064 2342 32
1066 2153 21
1074 277 37
1083 2972 47
1086 955 22
1087 118 27
1092 1163 48
1099 2236 21
1100 569 31
1102 2004 36
1108 1851 36
1115 1007 27
1117 2412 25
1124 1507 32
1127 879 37
1128 2779 35
1129 1933 25
1134 344 40
1135 713 26
1141 768 28
1142 226 28
1152 1626 45
1152 2302 21
1156 2621 35
1158 1057 35
1160 2213 31
1169 1409 42
1173 1731 21
1175 985 29
1179 39 55
1182 2540 29
1183 926 28
1188 2442 43
1192 428 44
1194 1257 56
1212 2717 21
1216 1481 34
1220 1937 23
1221 849 52
1222 537 27
1230 2817 60
1234 1865 48
1235 629 44
1236 2653 20
1239 1712 31
1248 697 24
1252 979 30
1254 122 31
1271 2311 60
1277 2077 58
1277 2969 42
1278 1610 52
1285 1304 30
1286 315 28
1288 5 45
1289 2484 23
1300 870 20
1301 495 27
1311 390 39
1311 759 41
1312 1737 35
1318 2627 32
1331 1193 28
1339 1050 30
1339 1119 38
1350 2788 50
1353 2002 21
1355 2425 47
1362 253 30
1363 1554 42
1364 955 25
1364 1379 28
1372 579 21
1382 109 55
1390 1682 52
1399 2596 47
1406 439 21
1406 2675 28
1417 1287 58
1419 1968 27
1420 1020 28
1431 1516 28
1435 899 59
1441 1857 35
1441 2741 22
1454 2819 52
1457 2201 60
1466 677 37
1467 125 24
1470 1070 42
1470 2398 49
1473 1656 26
1473 2962 28
1477 234 21
1487 2294 30
1488 329 42
1497 1178 56
1498 1003 28
1498 2075 53
1508 421 32
1513 1879 24
1516 2770 23
1520 141 28
1531 1437 56
1537 1257 26
1545 2926 47
1547 2251 41
1548 5 30
1550 684 40
1551 557 53
1552 1752 33
1557 802 48
1558 2507 56
1559 1657 54
1562 2180 24
1577 379 26
1578 1076 59
1579 2675 35
1579 2994 24
1587 1883 49
1591 2801 46
1593 2321 25
1595 2134 25
1602 447 44
1605 622 29
1607 1497 27
1610 238 53
1615 898 23
1625 741 29
1627 381 20
1628 1762 26
1636 2976 27
1640 2064 53
1649 1423 54
1650 2437 34
1659 2558 28
1674 518 32
1676 2316 33
1679 1561 32
1680 151 34
1680 711 31
1680 2870 39
1684 630 33
1685 1289 23
1695 1941 23
1699 2791 38
1708 397 24
1709 460 21
1716 2238 28
1718 1201 37
1719 1992 28
1721 2120 43
1727 1684 57
1737 644 21
1744 2744 26
1745 232 51
1751 2553 53
1753 2960 48
1757 85 51
1762 2371 36
1768 927 55
1772 443 34
1775 732 24
1775 1039 29
1781 1918 33
1781 2208 38
1782 1758 30
1792 547 29
1800 0 20
1807 2089 39
1816 1472 42
1819 2453 33
1819 2782 54
1820 1826 25
1822 1332 26
1829 2325 28
1834 2943 22
1840 665 35
1840 1013 21
1842 2703 23
1843 36 35
1845 797 42
1845 1086 44
1848 2619 28
1852 515 21
1854 316 28
1859 2189 35
1869 386 29
1870 2508 32
1873 868 28
1875 606 31
1877 1653 57
1885 179 34
1894 2877 42
1902 465 46
1908 1179 51
1909 2007 35
1910 2371 48
1911 286 22
1911 1847 24
1916 129 24
1921 678 21
1933 2087 29
1936 1276 21
1940 1381 24
1943 1490 38
1956 56 31
1969 1012 33
1970 2670 36
1971 914 48
1979 733 37
1982 1223 26
1982 2458 28
1984 364 29
1988 2572 45
1998 831 21
1998 2315 47
1999 2080 23
2001 1386 33
2002 2997 45
2012 591 59
2013 2796 26
2014 1657 58
2014 1822 55
2016 268 24
2018 33 22
2022 1510 28
2025 435 37
2035 1322 20
2040 1139 49
2040 2731 31
2041 2026 25
2046 2207 42
2060 907 23
2073 2400 20
2073 2607 26
2078 137 48
2082 343 51
2090 1983 29
2091 2937 38
2093 2754 26
2095 1262 28
2095 2149 29
2096 2675 32
2098 843 41
2098 1041 60
2100 1375 46
2106 2472 38
2111 1850 26
2124 2286 29
2125 2580 20
2126 2846 29
2127 950 26
2131 525 30
2139 1685 39
2146 216 49
2147 1584 23
2147 2038 38
2148 1144 23
2150 2755 27
2152 428 36
2159 2960 20
2160 1316 29
2173 1476 51
2177 2203 55
2188 766 35
2191 874 24
2194 2632 21
2201 2318 20
2204 309 33
2205 1129 33
2211 1314 20
2215 186 26
2219 3 50
2220 1769 48
2223 1944 37
2228 1191 24
2229 2476 38
2232 920 25
2234 1263 24
2238 1644 41
2247 480 32
2247 2925 60
2249 2588 42
2253 1869 41
2256 2013 33
2269 1017 55
2274 99 60
2277 587 50
2290 239 32
2290 1388 56
2293 754 53
2304 2402 40
2306 2114 46
2308 2732 52
2319 1280 44
2319 1562 34
2325 1645 31
2333 841 38
2334 943 22
2337 419 25
2338 1096 47
2342 2930 25
2344 1752 29
2351 524 27
2353 2648 34
2356 1986 40
2362 2490 57
2366 2183 43
2371 1191 20
2375 1695 28
2378 2394 31
2381 1498 42
2390 194 21
2401 0 58
2401 749 51
2404 1016 29
2411 620 26
2419 1607 26
2421 1348 60
2421 2274 22
2424 410 32
2427 1103 37
2427 2933 21
2428 832 31
2439 1846 35
2447 1920 37
2447 2799 41
2449 496 53
2449 1713 40
2458 2037 49
2467 581 22
2469 1218 52
2479 190 27
2482 2394 33
2486 2120 27
2490 313 25
2497 900 31
2501 1066 41
2504 1561 57
2505 392 34
2505 692 34
2507 789 39
2514 2666 42
2515 987 39
2518 241 33
2518 2497 35
2524 2833 23
2525 1447 50
2526 2225 38
2534 1861 26
2547 1710 54
2547 2906 21
2557 322 41
2558 1136 23
2568 864 40
2576 510 39
2583 2763 34
2586 88 35
2587 1233 55
2599 2314 44
2609 1617 28
2613 388 24
2616 769 47
2617 1098 46
2621 1763 23
2624 236 23
2634 1027 27
2634 2506 33
2634 2975 46
2635 2221 34
2636 931 26
2642 1674 20
2643 294 23
2643 1880 42
2645 1390 58
2647 2387 37
2648 1542 47
2657 2583 47
2675 1990 26
2679 644 58
2679 987 20
2683 370 20
2684 502 21
2684 2847 48
2689 83 23
2695 2135 32
2713 2743 24
2716 795 32
2717 1178 37
2718 2467 41
2721 1524 26
2723 2276 38
2724 226 49
2724 1278 54
2731 19 36
2732 857 24
2737 2589 30
2737 2675 42
2753 961 30
2757 406 33
2760 1656 43
2763 1450 29
2764 1847 45
2766 2354 46
2767 1396 22
2768 2013 22
2778 2771 26
2780 736 31
2782 1117 25
2787 162 38
2789 860 32
2798 633 47
2800 2559 31
2803 2480 23
2805 1945 37
2806 1749 25
2812 323 57
2817 545 29
2819 2954 50
2820 2190 40
2821 1564 35
2832 2415 42
2837 2670 46
2838 1705 23
2839 1221 25
2841 1028 54
2842 793 21
2848 226 43
2848 1335 20
2860 2787 42
2861 14 58
2861 1643 21
2862 1850 26
2863 1482 27
2879 2281 43
2879 2355 20
2883 1568 20
2899 578 34
2899 2006 20
2899 2126 34
2901 484 30
2901 1736 37
2902 931 23
2908 1381 42
2912 404 20
2913 157 39
2926 345 31
2931 761 34
2934 885 26
2940 1609 30
2942 2340 23
2942 2519 43
2957 1137 28
2964 1293 52
2964 1516 46
2964 1916 31
2965 1071 28
2970 2609 36
2972 85 54
2974 2984 55
2980 1425 35
2981 2110 43
2981 2849 58
2985 1816 60
2986 2023 34
2991 451 36
2996 979 56
2997 589 44
