690 680
473 167
1570 104
1230 514
793 648
239 786
1118 172
1350 896
755 1927
990 1898
398 1520
90 206
783 667
1178 917
1059 696
1680 50
686 518
1998 1088
425 1641
116 888
962 1873
836 1492
442 1136
424 1169
1335 1487
1719 1374
1967 50
1945 777
1589 564
288 1267
435 11
496 1221
964 1099
509 1224
185 1320
1229 180
576 1512
1439 1665
699 1027
1773 1947
169 759
1174 1943
570 1390
1896 421
1890 244
546 571
516 527
1160 1537
1181 1493
1027 1912
1935 780
169 381
1051 1351
824 1879
944 1508
1937 1955
592 459
1038 1711
1375 1140
741 1939
454 996
365 1885
1382 75
750 710
229 801
80 485
1419 826
153 1615
1898 1452
997 1041
1776 1261
1710 1856
52 1727
580 867
298 1246
273 204
161 332
928 1148
1950 1678
1024 898
1532 936
144 1211
1877 820
871 1327
582 238
1485 700
1451 1896
45 1678
42 1831
1868 185
1140 881
1614 37
526 587
590 1971
534 584
294 1339
96 798
337 1138
1419 139
453 547
600 1486
197 1357
1762 1816
23 749
1886 1662
1790 874
1703 1672
716 590
5 1852
790 1886
1579 745
76 922
459 1117
772 1273
589 1963
317 1158
1457 1195
1534 560
1049 1551
1208 768
1510 1062
1457 572
1887 1880
1526 80
1960 1312
1197 1131
928 1519
892 1709
1632 1354
1256 807
307 1624
537 633
1411 1618
480 9
525 1742
30 1469
1867 745
58 69
1972 877
63 948
714 1488
1257 1246
1294 1527
35 767
572 1289
875 76
468 1333
1651 290
464 1959
1054 1269
1195 89
1620 951
1347 1263
1594 1066
411 1663
1030 1602
1901 1991
1530 1670
326 892
253 602
1550 536
1781 158
350 260
208 1898
944 1428
403 1535
1691 1623
694 493
769 1022
1870 592
865 435
1041 1605
329 1240
1372 1654
381 1450
714 1301
558 818
184 353
497 1181
174 1180
510 1624
305 365
1575 815
1095 361
1481 914
1515 1106
508 249
106 0
1463 214
1956 966
1602 1496
557 583
808 1553
1854 1450
1499 406
1364 1696
164 576
1353 340
874 598
783 1543
1397 1435
1076 1751
189 1776
433 1499
508 855
419 1555
1545 1975
688 1459
374 777
1209 653
1183 1452
1569 1661
505 1643
1376 994
371 200
108 1821
1030 571
521 871
1885 813
367 679
1629 242
78 1795
66 790
689 798
593 1489
820 1090
1939 538
333 362
1228 885
220 1584
114 75
1103 1471
658 158
1133 531
1480 511
535 1258
360 13
91 1707
73 939
467 773
1552 203
83 841
1109 1589
617 294
1521 840
485 395
1190 788
161 0
489 1742
597 1854
175 34
430 287
844 76
1203 1622
528 220
957 1729
1144 72
1928 1481
1813 303
1571 361
1564 148
1090 1045
856 1383
1785 890
696 157
935 1848
1508 1075
744 293
1586 1802
832 15
533 603
1353 21
1897 1065
1198 1964
1397 1431
1385 42
1767 1387
827 569
1756 923
1676 1727
934 518
1169 1970
1436 946
1816 31
1440 399
1649 1051
1830 1007
704 1259
1126 851
1658 375
1333 112
1291 1258
675 510
861 200
317 1215
1680 1376
792 1330
1557 1480
1097 1495
1872 1405
987 638
85 1324
1730 57
119 1858
1359 1894
822 1535
951 1335
1236 1414
589 795
722 607
1621 1694
782 1001
1629 230
1262 602
352 1683
379 294
917 1152
1319 1245
1242 46
892 1042
1621 481
1162 137
60 466
1594 452
1991 1223
528 191
1084 391
1579 1085
1991 121
1217 1759
995 657
988 1770
1757 832
1051 1646
1914 1356
1107 1881
1726 398
194 277
490 974
14 378
482 1796
942 1231
1262 409
845 1717
39 282
590 835
1693 811
1743 767
1305 1041
813 860
523 1609
718 1723
473 1953
678 1880
903 1386
885 559
1588 1128
701 358
396 1465
1905 1383
636 368
680 1481
357 235
1936 1028
1913 679
1555 27
1377 1383
1265 1464
412 1502
786 458
391 1433
1855 166
779 1276
251 1670
1453 226
885 989
1973 1800
9 1390
777 1565
214 1987
1187 97
1062 1698
1513 1544
449 1605
1521 834
1179 1156
797 797
32 137
816 118
1622 416
96 50
1915 1759
1878 809
1677 522
1211 949
1714 513
563 1835
728 1316
586 144
1859 1347
1146 1672
34 1848
1963 1098
1937 947
297 803
1987 1056
974 536
1100 1009
466 178
1592 1201
755 1667
159 1298
17 1840
1684 978
980 1910
252 51
587 673
565 166
967 115
1887 948
549 831
1097 1736
560 162
1010 1442
58 1100
1840 1192
1527 506
1593 832
1249 186
747 929
57 111
1528 1218
1004 1894
1327 913
702 1077
571 1111
1129 1673
1179 1048
1057 1108
1394 1674
1128 532
770 1374
665 988
994 1754
1332 1505
1284 472
905 976
1073 1180
1888 98
383 426
399 32
31 1428
1964 878
431 1596
924 65
1467 372
973 1319
329 648
74 412
72 1067
1068 191
1688 815
1080 1162
5 239
1722 1868
230 1037
850 1087
182 1375
171 1087
994 1048
1921 1780
1665 870
220 1608
351 1820
533 767
1105 873
483 40
718 421
340 175
174 1332
1622 1902
984 1001
1497 855
1688 704
1502 1124
764 1292
1633 357
377 1917
737 445
1839 770
270 572
1112 1432
1296 741
625 1386
413 778
721 734
1304 886
342 1627
231 417
189 362
1040 1579
1152 700
1382 1266
941 63
1796 1634
324 1450
1200 1532
1998 652
1455 158
1926 21
1432 781
285 1876
864 1363
690 834
97 1811
30 962
1795 1117
1184 529
1014 1875
228 1251
867 1888
1783 294
327 1623
509 1455
1614 1428
1131 856
421 1004
1529 4
374 323
1370 1118
957 1918
1848 1456
527 305
1019 584
86 934
479 1272
1633 1612
1229 926
303 1578
153 1223
1058 466
787 868
1835 1167
1652 1085
1092 1041
1546 920
843 1678
1892 1069
211 1045
844 1532
642 1692
575 1305
1344 1640
1202 748
679 1561
1481 1976
1406 259
189 778
203 969
335 1760
1240 1227
541 1383
439 1685
908 612
1094 1886
944 1981
604 282
603 477
501 1928
1959 597
35 1225
1348 596
414 1236
169 1242
1248 1573
729 1869
1788 660
1684 625
1306 1010
953 1689
808 339
907 971
423 1435
352 1432
1968 1710
1171 1909
1802 556
800 839
1494 1631
1497 923
1439 489
1146 426
504 1510
379 1913
1272 1344
600 205
1947 1041
1783 602
267 281
1419 1286
219 976
687 1441
322 1767
477 153
968 259
1169 551
892 1864
155 1282
1226 984
676 808
728 951
80 1816
1218 657
1789 1687
1434 282
396 113
1270 1904
766 422
157 1395
1260 100
1628 542
1005 1886
1279 1227
637 359
718 857
1451 1886
725 1243
462 862
1600 258
570 1636
868 200
708 0
1 1838
1480 366
1865 1727
1194 952
639 1562
1633 1381
986 1905
139 1972
1260 12
1181 951
805 438
1714 710
201 1079
40 936
1765 378
684 805
604 360
362 491
1080 936
1080 665
1450 556
1082 779
1938 1
429 1065
48 783
1659 663
1507 178
85 114
585 524
157 942
1498 242
375 254
365 1093
864 721
242 1047
1224 437
1960 1148
545 1204
759 663
563 1905
1778 888
1662 275
1611 1346
99 90
236 1899
1769 1945
1323 1500
368 711
1636 958
321 92
402 709
408 1224
575 780
1239 704
347 1235
495 783
876 282
1634 1739
1126 1399
903 1473 49
930 17 45
1618 1261 42
308 846 33
1743 889 27
1998 1502 31
123 945 34
1203 1247 20
1378 1731 37
1554 1046 33
383 1667 20
862 531 28
381 138 25
1556 1761 29
646 1109 28
1333 845 28
481 702 42
1320 779 24
1540 1617 27
1991 1134 32
1842 433 35
527 156 29
1144 792 33
1599 1394 36
361 1499 36
965 948 42
1681 240 36
1052 295 45
1858 1490 33
1260 886 21
207 1191 33
1712 1957 40
1504 543 24
1566 1333 31
776 1631 26
193 1643 20
1982 296 23
1254 1810 26
1351 407 31
1734 951 34
1533 700 22
1678 83 21
1162 453 25
1719 336 49
1530 1266 42
679 273 24
310 605 23
1554 580 26
1297 960 42
530 1959 42
446 1982 22
1656 618 25
21 1901 29
1711 1733 21
909 1675 37
405 511 40
478 1404 30
1289 177 35
695 1669 33
1416 64 34
744 369 35
1256 1532 38
1014 1307 25
372 1168 44
1687 1321 48
61 1939 25
228 941 23
562 1067 37
1038 610 29
193 729 22
1039 1744 28
293 1472 29
1180 118 22
1949 1468 24
774 112 25
1174 268 38
549 493 29
241 1482 23
1241 1958 27
403 385 45
255 668 47
400 242 25
1233 1606 20
725 1897 23
657 1391 25
1015 843 37
336 706 24
1531 1402 32
1725 1801 29
1836 863 24
892 1739 22
299 430 47
403 745 29
1988 572 37
1488 818 35
286 1395 21
1102 443 34
1690 405 24
1508 265 24
478 833 21
1329 1671 25
1583 484 24
1040 386 32
1603 588 21
1875 1935 50
1260 1861 22
1896 900 46
1238 1387 26
1297 53 22
869 1281 23
1242 747 20
1690 1079 32
1718 1606 20
574 556 22
432 1533 25
6 553 42
437 117 34
91 1101 21
303 1913 30
1909 176 22
1323 1195 39
25 1357 35
1538 1890 26
224 570 41
1225 1679 35
305 950 48
569 2 34
1914 77 27
819 142 23
633 1037 20
1401 1531 48
62 993 40
533 1493 25
72 1414 28
584 1789 42
627 1718 28
1123 1073 34
1727 13 23
1132 923 25
1516 1168 32
1477 1374 20
651 1496 31
1815 1574 32
1366 920 28
300 1052 34
546 252 24
489 341 31
169 475 37
993 1400 41
229 1274 22
1184 879 36
1576 1548 26
599 1346 21
1724 1410 28
567 92 23
458 1638 33
1400 1813 40
129 1901 28
1253 252 41
1199 689 23
1288 1991 29
1320 1116 33
1247 1021 33
1663 547 28
348 799 24
1082 985 27
703 1846 28
159 142 25
758 34 37
137 49 32
898 195 27
1806 1882 24
1169 993 42
41 218 31
1577 16 22
1910 1420 33
1984 1425 22
740 183 21
562 316 31
233 325 45
626 1852 26
1163 404 24
1766 225 50
1546 979 27
1328 1571 32
691 970 31
806 1911 21
1266 546 26
696 1533 23
650 1989 39
956 321 48
7 1808 26
664 203 42
1936 1118 23
350 1267 24
1395 1940 21
1484 1673 38
137 792 32
165 1531 21
1225 609 31
979 1252 39
328 505 26
1958 1004 31
1276 349 23
832 749 20
1465 309 37
1121 3 23
547 1587 23
8 727 22
787 1241 21
1822 69 30
576 1155 34
799 1124 21
1709 1554 26
1881 550 27
1093 689 23
666 889 35
436 1907 46
1790 778 25
1041 539 32
1849 218 22
686 621 34
410 967 22
733 1576 33
1676 1862 33
942 1777 39
441 1033 31
1373 580 28
1470 55 20
1509 744 20
541 793 26
1117 215 29
1607 527 23
1269 495 20
641 539 44
969 160 25
935 1078 26
608 1555 30
926 1294 24
1845 1226 21
1096 845 21
89 454 30
1839 1685 37
1053 160 31
474 434 21
1866 771 22
1394 866 26
1144 1643 21
744 1060 22
336 216 25
1393 1341 24
256 1994 36
118 245 24
1751 1668 34
321 1848 31
1584 207 26
194 855 48
200 1385 20
1044 1497 49
1774 518 28
975 1123 26
725 1146 34
1392 1458 23
847 1224 25
996 1823 30
731 493 36
1321 363 21
19 1130 27
1435 592 27
1477 1929 38
1614 442 22
878 911 26
526 1338 35
858 113 24
779 909 21
1360 289 46
1934 1803 25
462 1778 22
1481 1069 25
829 1409 35
51 508 20
563 901 25
727 247 22
517 36 27
1480 1320 25
464 261 37
280 1228 23
1029 1082 37
717 1958 26
734 1285 24
1248 129 22
1532 392 20
1446 758 23
1992 1360 43
1384 734 38
396 1617 27
134 1052 23
981 514 21
1175 1397 22
909 475 31
732 1452 38
1632 1779 27
54 318 24
1034 756 48
259 1876 25
1049 220 26
184 1259 21
390 1998 24
1645 21 32
75 15 23
201 1729 42
1116 96 23
154 1458 42
291 53 21
969 1032 25
1892 128 25
72 1694 22
1099 1342 21
1985 1282 28
1089 1800 46
935 1361 23
259 1558 40
1667 1694 33
1553 785 35
1585 642 29
503 891 22
616 125 26
69 640 45
238 1425 33
705 772 22
851 43 25
1310 1824 30
1816 936 38
1752 1863 30
8 484 23
1969 832 28
1928 586 21
1610 1097 32
12 32 30
1290 120 20
1499 662 26
482 518 24
613 1917 37
720 1019 20
1091 1690 24
1637 395 21
287 1724 24
958 586 42
742 1358 32
435 1261 27
1267 1073 22
1995 497 21
870 812 25
1965 227 34
1507 354 24
797 1174 26
1096 1928 24
774 689 23
1875 1012 44
817 1678 23
998 1658 39
1394 508 46
1474 12 23
1594 947 25
131 1188 20
1827 552 20
1031 473 27
767 960 23
1480 1009 29
858 1149 39
683 1753 25
413 1727 24
574 1863 21
133 1794 21
1224 1170 45
470 614 35
629 955 21
1558 1116 23
1537 49 25
1237 411 21
1743 1152 49
1479 1471 39
1622 1155 20
296 149 47
1889 1302 31
1429 1044 29
1263 788 20
844 863 26
1392 1 23
1136 1282 41
118 1524 20
796 500 29
936 93 24
1586 1827 21
1587 308 49
1217 86 21
1460 114 22
31 1067 33
1133 328 23
150 740 20
774 750 32
341 1572 37
1377 639 27
1763 1312 27
768 1997 37
108 1755 23
1785 1015 44
1996 1854 49
1844 493 20
167 1136 34
157 1948 24
49 1999 29
1844 1110 49
26 1272 47
968 1184 24
849 1584 47
1473 947 32
310 555 21
1415 430 26
1993 1610 20
1483 1783 27
1917 1625 24
113 1634 43
1196 190 30
498 1035 22
1987 145 22
462 1201 26
1942 1574 21
386 1794 43
279 1317 24
1207 338 36
2 104 25
1447 1591 24
1615 1018 32
711 121 37
568 382 31
1701 660 34
960 655 26
1032 1960 30
1732 799 32
815 951 23
313 1108 23
341 1713 25
136 201 22
1499 200 22
722 293 21
836 1314 22
1759 51 25
1820 352 46
447 908 24
1735 596 34
1994 1980 27
1816 1377 50
501 1141 40
1193 1084 30
792 1850 20
1992 343 22
216 93 48
1600 75 35
676 705 42
129 1234 23
588 1244 32
1417 1409 20
1606 1641 38
81 1173 25
1859 649 46
1171 1577 36
1665 753 48
15 1681 22
848 1020 46
924 753 47
974 412 37
1309 449 20
668 412 50
425 50 29
127 1995 23
1941 1529 23
1156 1866 45
55 1558 37
399 839 29
352 1017 28
1414 1891 26
1193 1338 31
1506 1567 23
83 156 37
1023 1169 33
1392 1626 20
1118 622 47
787 601 28
1213 1469 25
1407 360 37
318 308 31
1313 1920 41
1844 811 22
1810 1272 29
435 176 21
1162 731 26
984 1993 28
1076 60 20
1797 1201 21
1923 491 45
1938 1203 42
495 1255 21
665 49 41
80 1854 35
1580 1178 23
1905 301 47
1981 932 38
84 71 21
913 1911 42
1825 1793 49
1151 1939 23
619 252 21
1451 190 22
68 746 30
950 211 27
815 283 43
985 706 22
1629 1827 20
1400 792 20
1285 1607 20
1996 1673 27
1135 504 27
101 1287 23
1573 426 22
223 1342 20
1921 1713 45
678 1273 20
1821 729 26
1681 1013 21
752 1209 20
1640 1454 35
627 1629 45
1765 1496 41
1129 1174 44
1161 1734 43
4 1185 22
343 66 30
1952 643 40
180 1005 41
1662 967 20
876 377 47
1019 1569 21
237 1082 33
442 1464 28
491 1543 30
1725 1246 33
763 1749 50
369 454 20
911 130 20
1209 490 31
1437 1133 46
1774 121 32
1401 1216 40
1518 138 29
49 384 25
809 404 24
613 1297 25
268 1793 32
1048 1880 30
457 1585 20
4 1507 32
1622 1966 44
1601 1731 20
1756 1747 22
1358 187 34
1709 467 32
1878 1853 23
1970 1761 20
518 555 27
805 184 21
1501 469 40
1445 251 23
1441 692 28
1085 1623 39
1137 1370 21
137 368 34
1219 812 27
138 302 30
383 633 48
1772 699 31
292 771 31
1508 1984 24
1943 395 38
1907 713 29
223 205 33
1878 4 45
1631 1540 27
1636 893 36
1545 890 23
1065 1422 26
1350 1042 45
1141 1442 30
612 910 20
151 632 34
274 1636 28
1453 883 27
512 1846 36
928 864 42
1581 1472 25
1049 896 20
789 1501 20
233 478 23
1340 1318 33
753 841 38
1477 1221 27
30 799 21
266 12 20
1955 31 22
13 876 41
655 1197 42
838 1977 30
1194 21 43
1917 821 23
1319 232 22
847 645 45
6 1450 25
803 73 21
376 906 24
1013 80 45
596 1426 43
1995 448 26
289 253 25
121 541 43
1628 153 23
1119 1995 38
1068 1227 33
1613 810 23
1393 973 22
445 789 27
1966 93 27
357 1949 31
1654 471 21
1768 1997 21
151 696 24
832 447 23
1283 1729 40
1674 1192 30
1592 711 34
1363 1995 41
1308 6 26
737 563 30
502 102 25
544 972 48
1799 1933 25
1983 768 34
773 219 24
1503 1840 24
1351 83 31
1111 1559 24
604 625 45
1319 1421 50
1028 986 21
1692 157 38
1884 1572 36
844 1815 35
566 718 41
438 1335 26
547 1688 45
906 1994 26
914 1219 26
661 1572 21
53 1471 20
123 1354 46
953 1578 39
1258 1293 42
1140 1515 20
659 314 21
190 1833 48
268 1172 24
402 305 20
1699 1646 22
401 1087 33
461 1701 27
1306 669 48
633 828 29
104 859 27
349 1371 43
42 1753 20
1450 1994 26
