988 988
473 550
389 46
179 823
263 760
242 414
74 792
347 571
53 46
74 813
326 267
326 120
32 204
473 655
536 834
200 183
116 183
137 508
263 445
242 666
326 183
179 634
242 372
179 361
95 592
515 361
200 15
53 655
263 193
95 844
494 99
32 330
389 676
368 330
326 57
95 697
158 204
116 771
389 844
95 802
326 792
305 592
347 235
431 256
326 666
242 750
116 498
242 645
284 393
515 193
473 361
74 708
32 183
452 351
389 781
284 309
284 141
53 151
137 802
32 435
116 204
95 130
158 36
494 561
179 25
32 456
473 676
284 372
221 130
494 162
116 36
536 645
305 382
221 382
473 298
74 519
410 120
368 687
410 225
410 414
452 162
494 624
347 88
305 634
200 561
452 687
410 792
494 540
515 676
116 78
389 298
452 813
536 372
158 78
74 435
326 15
242 15
53 802
326 330
221 424
326 708
389 760
116 372
347 802
473 172
473 739
347 172
200 162
536 204
389 571
431 697
452 708
53 844
305 277
431 466
179 571
305 802
410 36
368 372
284 99
326 540
536 225
74 414
200 267
179 697
221 172
95 445
242 435
242 183
242 267
410 309
95 403
137 760
263 739
53 550
137 613
473 88
536 351
410 162
284 561
200 792
305 823
515 445
221 466
242 288
473 781
158 288
326 288
284 435
452 498
116 99
389 634
137 487
32 792
452 393
368 162
179 382
32 288
263 844
347 466
32 624
200 624
515 382
389 403
536 414
452 15
410 519
32 477
242 519
389 550
95 655
74 582
116 309
200 141
53 571
137 277
137 172
221 298
32 771
32 99
32 141
347 67
116 435
347 382
242 813
137 382
515 403
116 708
389 88
368 477
515 718
74 288
368 582
179 445
368 519
137 424
53 25
32 414
263 46
368 99
200 204
473 466
200 771
95 781
284 750
326 729
95 193
494 834
536 36
431 781
368 36
515 508
116 603
137 676
305 151
263 718
263 298
305 88
95 340
515 697
473 718
410 813
431 46
431 571
53 109
32 267
74 204
494 435
389 256
200 288
347 46
452 141
95 382
284 729
221 613
284 162
284 57
200 729
74 120
473 571
305 235
158 498
179 130
494 498
158 729
158 372
179 172
368 729
452 36
263 67
431 802
74 330
536 267
305 130
431 718
347 193
137 109
116 288
179 676
536 309
368 603
95 298
284 36
473 592
263 340
473 340
536 729
368 708
53 592
200 36
158 771
95 550
263 361
368 15
368 771
473 508
410 351
158 645
431 319
431 382
305 676
305 571
221 445
158 57
326 351
284 603
74 540
389 319
410 645
74 36
53 193
494 351
200 687
242 393
53 382
389 823
452 246
263 550
410 204
263 592
179 802
368 183
452 561
431 214
263 823
95 718
137 298
347 529
116 57
95 529
494 246
305 193
158 582
158 183
410 15
158 246
431 88
536 162
326 834
536 99
200 309
347 214
137 319
221 634
494 750
242 687
116 414
158 99
53 424
536 246
221 529
53 298
263 697
347 676
74 771
515 25
410 666
368 204
242 78
494 183
137 697
95 508
473 109
452 603
515 151
515 88
221 655
179 277
410 288
95 235
536 141
473 403
494 204
431 550
53 214
410 498
410 372
431 424
473 634
95 214
389 193
137 634
284 540
494 603
179 319
179 529
242 771
326 519
452 435
452 414
410 141
95 823
494 645
410 435
410 78
452 183
431 676
200 246
284 624
536 750
116 561
158 162
389 109
263 781
221 697
32 225
200 834
410 57
305 172
242 729
326 204
536 456
137 718
221 802
326 624
410 267
263 466
515 529
515 466
32 813
53 508
74 267
536 708
515 172
179 508
473 529
515 739
305 739
221 571
74 393
536 78
368 351
158 624
494 120
32 120
284 477
347 508
263 529
494 666
221 823
515 235
200 414
284 246
158 267
116 729
116 477
179 403
494 792
326 456
242 708
431 172
158 792
326 645
95 361
74 351
368 78
200 435
158 393
431 634
326 372
368 288
53 466
221 550
53 277
284 834
515 256
221 361
515 298
32 309
179 109
326 78
263 655
284 204
32 708
431 130
95 634
95 613
368 141
179 613
200 57
347 151
284 456
53 697
305 109
53 487
326 141
305 529
452 645
200 372
179 424
494 36
32 15
53 340
431 739
221 508
242 624
305 613
389 466
179 256
221 592
284 813
452 204
200 582
305 298
494 414
431 340
473 130
116 687
326 771
53 613
473 802
284 645
95 109
200 540
536 603
263 109
368 624
368 456
53 361
536 330
221 46
221 319
368 246
263 151
389 592
158 834
158 351
158 708
347 340
284 792
305 697
158 414
137 214
515 802
32 540
158 15
263 130
515 613
116 267
389 655
32 372
347 781
242 540
116 162
515 550
473 844
221 760
494 267
32 603
515 214
347 739
494 687
473 214
431 844
494 729
347 844
74 246
431 235
473 445
158 519
536 666
368 267
179 340
158 330
74 624
452 120
158 750
116 750
200 393
74 666
284 267
74 162
326 99
32 834
263 403
431 487
179 466
305 214
431 298
53 760
515 592
116 834
242 141
137 67
494 708
284 582
431 760
389 172
284 687
32 246
179 193
494 78
95 319
536 561
410 687
389 151
200 645
116 120
284 351
179 298
116 582
137 193
536 393
116 792
221 109
494 519
326 162
242 162
305 319
74 225
515 319
284 225
347 130
53 88
431 592
368 645
179 592
284 666
431 109
473 613
305 25
536 288
368 540
95 760
53 676
137 592
221 781
200 351
536 477
389 382
536 540
242 309
221 844
368 813
242 57
452 582
263 634
74 750
473 319
284 15
452 99
179 781
389 235
515 46
263 214
200 750
305 256
389 340
221 277
74 834
74 372
389 718
515 760
242 120
263 235
137 88
32 687
515 67
410 393
326 36
263 676
305 340
179 46
137 235
221 193
494 582
473 25
137 466
74 99
158 456
284 78
347 823
95 466
137 550
221 718
347 550
347 634
347 25
137 25
221 25
179 718
305 466
473 256
74 57
74 687
116 666
137 823
242 225
536 57
74 309
200 498
116 246
305 487
410 729
179 214
326 225
95 25
200 519
95 676
53 781
137 46
137 739
137 571
158 435
263 382
305 445
473 67
158 477
95 46
452 666
242 561
305 46
221 67
326 603
74 603
452 729
53 172
347 697
74 498
137 445
53 256
242 99
389 277
158 561
473 823
200 330
263 88
137 844
515 823
473 235
368 57
473 382
116 141
431 823
431 277
284 414
515 655
305 550
389 445
389 529
32 162
515 130
452 288
473 277
242 456
74 561
221 340
347 403
95 739
410 834
32 519
53 718
347 718
536 15
242 330
53 235
200 708
263 508
410 603
284 771
389 25
221 487
305 424
263 172
326 813
368 750
95 424
158 687
515 424
158 309
221 151
53 319
284 708
137 781
347 277
326 582
242 582
368 561
179 487
431 445
158 120
179 550
536 771
368 792
536 582
326 393
95 151
263 802
515 277
494 15
368 435
116 15
536 687
452 225
263 277
305 361
221 676
137 361
53 739
179 655
368 666
494 372
326 687
200 603
347 298
32 78
32 666
242 834
53 529
515 844
494 771
368 834
389 214
263 571
326 246
452 750
431 529
116 624
389 613
179 739
32 351
410 540
32 393
158 225
326 414
410 456
116 456
158 141
284 288
452 477
116 645
347 445
305 718
284 183
32 750
452 792
452 330
179 67
494 57
242 36
389 697
242 498
284 330
536 498
347 760
200 120
137 151
137 403
410 750
284 498
200 477
242 792
116 519
494 141
95 256
368 309
179 760
494 309
242 204
95 88
179 844
431 67
431 151
200 225
158 540
347 256
536 183
389 67
263 256
53 67
431 403
200 78
74 78
200 99
326 435
473 424
53 130
53 403
410 708
305 67
410 771
53 823
74 141
200 666
536 120
410 246
284 120
116 813
473 151
242 246
452 624
116 393
179 88
515 487
116 330
389 802
410 477
116 540
305 655
431 193
347 319
431 25
452 372
179 151
179 235
410 582
32 582
368 225
452 78
263 487
410 99
221 88
536 624
32 645
536 813
389 487
95 277
515 109
221 739
452 267
95 487
515 781
158 603
389 739
368 414
347 655
74 183
284 519
53 634
326 750
368 393
74 15
536 435
536 792
74 477
347 109
410 183
242 603
200 813
305 781
32 57
326 477
137 130
263 613
221 235
74 456
95 172
452 456
95 67
137 529
431 508
263 319
137 256
200 456
515 340
452 834
494 288
221 403
221 214
116 351
53 445
221 256
452 519
305 508
473 697
32 561
347 424
431 613
494 330
263 424
473 193
32 498
494 225
326 498
494 393
410 330
116 225
326 309
305 844
347 361
368 120
473 487
473 760
158 666
494 456
95 571
347 592
431 655
452 57
473 46
242 351
452 771
389 508
74 729
515 571
431 361
515 634
494 813
452 309
137 655
536 519
347 487
368 498
137 340
263 25
326 561
347 613
494 477
410 624
204 361 10
120 403 10
456 25 10
414 550 10
246 508 10
204 655 10
498 487 10
15 351 10
309 225 10
36 361 10
498 340 10
141 414 10
162 67 10
288 256 10
435 498 10
456 613 10
435 330 10
351 834 10
204 613 10
183 519 10
162 361 10
183 225 10
498 235 10
78 487 10
519 120 10
414 88 10
141 267 10
225 456 10
204 67 10
204 340 10
477 687 10
78 697 10
288 319 10
456 781 10
36 214 10
477 498 10
330 613 10
225 498 10
141 498 10
246 487 10
246 781 10
204 382 10
183 456 10
99 519 10
183 498 10
309 834 10
267 393 10
519 687 10
288 67 10
204 130 10
57 456 10
309 204 10
477 204 10
120 277 10
204 172 10
57 687 10
183 183 10
393 267 10
435 666 10
372 844 10
120 172 10
309 36 10
372 130 10
141 456 10
99 771 10
435 456 10
393 561 10
246 46 10
288 487 10
498 172 10
162 466 10
246 256 10
246 844 10
498 466 10
477 120 10
498 382 10
36 844 10
414 823 10
435 477 10
225 645 10
183 435 10
36 655 10
477 750 10
57 288 10
204 46 10
225 309 10
162 592 10
225 183 10
309 414 10
498 844 10
351 120 10
477 603 10
330 424 10
309 288 10
183 687 10
15 477 10
372 739 10
99 624 10
57 540 10
288 718 10
456 592 10
99 183 10
288 298 10
330 466 10
99 435 10
372 25 10
120 88 10
498 718 10
204 193 10
246 529 10
99 57 10
36 466 10
498 67 10
267 435 10
267 99 10
498 151 10
351 645 10
372 319 10
498 25 10
435 141 10
330 382 10
246 277 10
456 844 10
330 193 10
204 760 10
225 687 10
456 256 10
57 708 10
57 834 10
519 15 10
36 109 10
57 78 10
435 99 10
204 739 10
309 666 10
162 781 10
414 697 10
225 435 10
36 760 10
372 550 10
183 792 10
78 340 10
36 529 10
141 519 10
477 729 10
120 739 10
519 603 10
141 645 10
141 99 10
15 99 10
225 15 10
99 393 10
78 382 10
183 540 10
498 613 10
288 739 10
183 330 10
498 403 10
204 550 10
414 319 10
456 130 10
183 162 10
225 246 10
246 130 10
162 319 10
162 340 10
414 403 10
351 729 10
498 109 10
15 414 10
57 57 10
225 414 10
99 36 10
204 445 10
330 172 10
15 666 10
225 792 10
414 214 10
372 802 10
183 624 10
246 823 10
393 435 10
435 771 10
225 267 10
393 36 10
57 120 10
414 46 10
330 676 10
267 57 10
120 802 10
519 792 10
456 550 10
141 57 10
183 645 10
456 760 10
141 36 10
519 813 10
57 477 10
519 624 10
414 760 10
267 330 10
267 456 10
15 120 10
498 46 10
15 624 10
519 750 10
246 151 10
498 781 10
99 603 10
393 309 10
183 309 10
309 813 10
225 540 10
78 550 10
267 498 10
162 823 10
288 214 10
120 718 10
36 571 10
57 603 10
309 183 10
57 624 10
57 141 10
36 739 10
204 676 10
36 25 10
225 288 10
351 15 10
288 445 10
309 687 10
36 592 10
372 151 10
414 802 10
498 319 10
15 708 10
519 666 10
57 204 10
498 88 10
162 256 10
393 519 10
120 781 10
36 823 10
477 99 10
414 235 10
498 130 10
330 571 10
57 813 10
99 708 10
456 655 10
414 571 10
393 456 10
519 561 10
162 214 10
162 235 10
246 760 10
204 718 10
183 729 10
36 613 10
414 172 10
477 813 10
435 414 10
435 645 10
351 435 10
78 172 10
288 697 10
15 372 10
78 655 10
288 193 10
225 729 10
288 592 10
414 151 10
330 802 10
519 99 10
162 109 10
15 435 10
99 414 10
36 193 10
99 204 10
15 519 10
414 676 10
120 361 10
246 382 10
15 267 10
120 25 10
456 634 10
267 309 10
351 750 10
414 382 10
393 162 10
393 708 10
477 414 10
57 15 10
246 88 10
15 582 10
78 844 10
204 823 10
246 340 10
393 246 10
267 729 10
288 340 10
435 519 10
246 172 10
456 67 10
330 298 10
15 456 10
120 550 10
57 162 10
183 288 10
183 99 10
36 382 10
477 267 10
372 676 10
330 214 10
519 540 10
225 78 10
351 540 10
204 25 10
477 372 10
36 130 10
204 634 10
78 823 10
204 256 10
15 309 10
372 634 10
351 792 10
393 414 10
141 834 10
456 193 10
162 403 10
141 15 10
141 729 10
15 162 10
57 582 10
393 498 10
519 309 10
372 529 10
351 225 10
267 687 10
414 277 10
414 340 10
99 267 10
351 813 10
414 508 10
183 603 10
456 802 10
288 172 10
414 25 10
57 750 10
99 15 10
162 760 10
225 162 10
309 750 10
267 141 10
267 183 10
309 15 10
414 739 10
351 414 10
267 162 10
498 697 10
330 634 10
78 298 10
78 634 10
498 823 10
36 676 10
246 571 10
246 109 10
309 456 10
120 571 10
204 487 10
393 204 10
204 802 10
456 739 10
162 193 10
456 151 10
162 298 10
372 298 10
330 592 10
36 88 10
456 277 10
57 498 10
519 582 10
225 393 10
435 603 10
435 372 10
456 823 10
78 718 10
372 508 10
99 540 10
309 246 10
309 78 10
204 214 10
288 823 10
120 319 10
288 403 10
99 687 10
99 372 10
99 750 10
372 823 10
477 624 10
120 298 10
519 78 10
477 246 10
15 687 10
372 256 10
57 519 10
309 330 10
267 792 10
99 78 10
15 771 10
477 183 10
309 309 10
36 46 10
351 708 10
435 288 10
225 351 10
477 225 10
162 445 10
78 802 10
162 571 10
120 529 10
414 256 10
309 792 10
393 57 10
162 634 10
78 466 10
36 235 10
372 277 10
519 330 10
519 351 10
477 582 10
519 36 10
36 634 10
78 445 10
141 372 10
57 330 10
120 424 10
477 645 10
57 309 10
330 655 10
204 298 10
498 508 10
36 697 10
162 802 10
372 760 10
36 319 10
351 36 10
57 267 10
435 267 10
36 277 10
120 823 10
225 603 10
351 78 10
141 393 10
99 792 10
267 519 10
435 78 10
330 445 10
393 15 10
519 771 10
78 760 10
477 561 10
309 540 10
99 162 10
393 645 10
498 361 10
36 487 10
78 25 10
351 582 10
351 603 10
78 67 10
141 309 10
330 697 10
498 529 10
57 645 10
204 697 10
393 834 10
246 193 10
267 351 10
456 445 10
141 792 10
519 162 10
204 403 10
120 508 10
246 739 10
99 246 10
414 634 10
435 708 10
288 655 10
36 172 10
435 750 10
498 277 10
162 25 10
57 99 10
456 697 10
456 172 10
204 466 10
15 78 10
309 141 10
435 120 10
435 36 10
393 666 10
78 424 10
351 162 10
120 256 10
78 277 10
309 582 10
267 561 10
372 361 10
246 403 10
141 351 10
99 834 10
57 246 10
477 57 10
498 256 10
267 414 10
225 834 10
141 582 10
141 141 10
183 36 10
351 519 10
141 771 10
456 718 10
372 613 10
456 424 10
225 561 10
36 550 10
288 781 10
330 25 10
78 361 10
225 519 10
78 613 10
183 204 10
267 666 10
309 771 10
435 729 10
393 813 10
414 445 10
435 792 10
519 498 10
246 214 10
330 109 10
183 771 10
414 592 10
120 466 10
456 319 10
15 813 10
288 235 10
393 141 10
204 508 10
456 340 10
183 120 10
309 351 10
99 582 10
99 141 10
498 445 10
267 120 10
120 697 10
267 246 10
78 130 10
36 298 10
330 235 10
372 403 10
351 771 10
330 46 10
120 214 10
414 487 10
141 78 10
456 46 10
351 561 10
351 246 10
267 204 10
393 750 10
435 309 10
519 414 10
267 582 10
141 708 10
120 445 10
141 561 10
309 708 10
99 225 10
36 340 10
456 487 10
330 256 10
99 309 10
519 57 10
519 246 10
435 246 10
162 655 10
372 466 10
498 592 10
393 792 10
519 288 10
225 372 10
435 624 10
351 57 10
15 15 10
330 361 10
15 183 10
498 655 10
99 99 10
15 750 10
519 645 10
141 330 10
141 750 10
309 162 10
141 603 10
435 57 10
246 445 10
351 687 10
183 477 10
288 424 10
246 676 10
267 225 10
393 183 10
267 603 10
225 204 10
372 718 10
141 162 10
372 193 10
456 571 10
288 508 10
477 456 10
99 456 10
15 246 10
141 477 10
162 550 10
78 256 10
120 193 10
78 508 10
15 288 10
78 529 10
15 645 10
351 498 10
120 613 10
330 844 10
351 351 10
435 393 10
372 382 10
204 844 10
246 802 10
246 424 10
36 403 10
78 739 10
78 781 10
330 781 10
393 540 10
78 676 10
393 372 10
99 561 10
162 676 10
456 403 10
393 393 10
267 540 10
351 393 10
351 309 10
246 697 10
456 676 10
15 141 10
183 561 10
225 624 10
120 592 10
267 288 10
393 120 10
36 718 10
183 78 10
162 382 10
36 781 10
225 57 10
393 582 10
246 550 10
141 183 10
372 571 10
57 666 10
288 676 10
183 351 10
57 561 10
57 351 10
225 330 10
120 109 10
309 120 10
99 351 10
99 288 10
246 613 10
267 771 10
183 267 10
393 477 10
309 267 10
330 88 10
477 78 10
183 141 10
435 582 10
15 498 10
246 319 10
351 141 10
267 834 10
519 477 10
78 46 10
372 235 10
15 603 10
204 277 10
141 813 10
477 435 10
57 372 10
183 57 10
477 834 10
267 78 10
78 214 10
498 739 10
393 99 10
288 109 10
15 561 10
393 603 10
498 424 10
477 351 10
309 498 10
15 36 10
246 655 10
267 750 10
372 46 10
204 151 10
162 424 10
162 130 10
393 771 10
414 466 10
225 666 10
435 204 10
246 592 10
120 235 10
162 529 10
120 130 10
183 750 10
225 708 10
204 109 10
141 120 10
204 592 10
225 225 10
477 519 10
372 487 10
456 529 10
267 15 10
99 666 10
477 666 10
498 676 10
498 760 10
372 424 10
246 718 10
519 267 10
288 571 10
162 508 10
120 487 10
36 256 10
456 109 10
267 624 10
141 225 10
267 645 10
351 456 10
477 330 10
309 624 10
120 46 10
162 172 10
15 330 10
288 382 10
246 361 10
183 414 10
498 298 10
225 36 10
36 445 10
204 781 10
456 298 10
519 225 10
330 67 10
393 624 10
477 393 10
372 655 10
288 529 10
36 67 10
183 246 10
36 151 10
414 193 10
78 571 10
288 151 10
288 277 10
246 235 10
435 687 10
414 844 10
309 729 10
477 708 10
15 225 10
288 130 10
15 729 10
414 67 10
288 46 10
330 718 10
435 183 10
519 141 10
414 781 10
141 666 10
288 613 10
351 183 10
225 582 10
519 372 10
120 760 10
141 624 10
78 88 10
414 109 10
288 466 10
78 319 10
456 508 10
330 508 10
372 445 10
330 487 10
36 508 10
330 130 10
477 162 10
120 844 10
498 802 10
99 498 10
141 204 10
309 99 10
519 708 10
351 330 10
57 225 10
183 372 10
15 57 10
519 435 10
267 372 10
519 183 10
162 739 10
393 330 10
309 477 10
183 393 10
435 162 10
414 613 10
414 529 10
393 288 10
351 288 10
372 781 10
141 246 10
351 666 10
372 214 10
309 435 10
204 88 10
204 235 10
288 802 10
393 351 10
414 718 10
57 393 10
120 655 10
519 834 10
162 697 10
225 120 10
477 36 10
99 330 10
288 88 10
288 760 10
183 666 10
393 687 10
372 67 10
225 477 10
351 372 10
78 592 10
330 823 10
141 540 10
435 351 10
498 634 10
183 15 10
120 340 10
120 382 10
267 708 10
15 204 10
246 466 10
456 382 10
57 183 10
330 550 10
120 634 10
57 771 10
372 697 10
162 88 10
183 708 10
78 403 10
162 487 10
15 393 10
120 67 10
246 298 10
309 372 10
204 319 10
330 529 10
393 729 10
246 634 10
456 361 10
351 267 10
99 729 10
225 99 10
288 550 10
141 288 10
288 361 10
162 613 10
141 687 10
456 88 10
477 477 10
162 46 10
477 771 10
15 834 10
99 120 10
519 729 10
435 813 10
330 151 10
498 193 10
372 88 10
435 540 10
78 109 10
78 193 10
435 225 10
162 844 10
330 340 10
372 109 10
351 204 10
15 792 10
456 235 10
183 582 10
393 78 10
36 424 10
99 813 10
225 813 10
435 435 10
162 151 10
162 277 10
57 414 10
78 151 10
57 435 10
351 477 10
288 25 10
519 393 10
477 792 10
372 592 10
477 309 10
225 750 10
267 813 10
435 834 10
456 214 10
309 57 10
183 834 10
162 718 10
309 393 10
414 298 10
330 739 10
330 277 10
519 204 10
204 571 10
120 676 10
267 267 10
36 802 10
309 561 10
519 456 10
204 424 10
351 624 10
15 540 10
372 340 10
393 225 10
309 603 10
498 550 10
519 519 10
120 151 10
141 435 10
267 36 10
225 771 10
477 141 10
498 214 10
477 15 10
309 519 10
246 25 10
372 172 10
351 99 10
498 571 10
330 319 10
456 466 10
246 67 10
435 15 10
288 634 10
99 477 10
414 655 10
57 792 10
477 288 10
78 235 10
288 844 10
204 529 10
225 141 10
309 645 10
