870 830
3 3746
12 35
15 3512
17 77
28 1808
33 264
38 523
57 4792
58 1789
62 3172
69 4575
72 4474
80 1626
103 4805
108 46
116 4493
119 1449
120 2191
125 2393
130 742
132 3428
141 790
154 1633
163 3137
168 479
194 1513
209 842
209 3371
221 3779
223 4269
229 1866
236 2521
242 3017
249 302
254 2709
266 2308
273 4389
285 4540
286 549
292 4482
296 3361
298 4676
300 3221
317 3039
322 3096
323 885
359 1854
359 1896
366 2321
368 814
377 2076
377 3242
382 4955
387 2066
391 1820
396 3888
406 1320
406 1398
409 4748
411 2930
412 654
412 4887
413 1071
414 3236
414 4535
421 3375
435 4635
447 4394
455 2196
460 4466
480 4819
497 2341
514 4249
526 2646
529 3702
542 3022
543 4252
547 500
561 2805
565 3981
578 4369
583 107
583 3391
586 3965
591 1874
592 2172
596 2577
597 2456
603 771
632 3760
645 619
657 3582
668 1401
677 3949
684 4830
698 2290
707 4919
710 1926
724 307
729 318
735 2028
748 1313
748 3145
751 2496
757 1809
763 4153
771 2297
775 3068
775 4675
778 1552
786 1713
789 582
800 4191
800 4225
801 3134
806 139
807 2230
808 793
810 3511
811 778
820 4484
825 2865
828 2445
829 2255
836 1661
840 723
854 4532
856 238
868 117
869 257
869 1626
877 430
877 4147
881 4262
886 2401
889 1721
889 3039
894 1227
896 4289
898 1870
906 2083
909 4879
913 1438
918 1914
918 4769
921 4853
922 3086
923 3448
926 3407
935 330
937 714
939 1946
940 4720
941 913
945 1988
946 245
948 1176
948 2879
949 475
955 2131
956 2528
956 4612
964 634
974 3393
976 1972
979 2612
982 3487
990 2361
991 2279
1002 996
1007 3852
1008 4508
1015 4439
1028 2475
1035 2308
1045 63
1095 1808
1097 2330
1097 2339
1098 57
1098 1778
1105 1329
1110 72
1114 1836
1122 1859
1132 889
1134 3342
1142 4698
1143 1433
1143 2894
1145 3222
1148 1364
1148 2747
1165 1864
1166 4485
1171 2211
1171 3404
1172 364
1173 4512
1177 542
1180 1297
1201 1312
1210 506
1215 250
1228 3978
1230 4774
1248 1689
1251 1828
1253 1095
1256 377
1259 2876
1266 4129
1269 1679
1274 708
1275 1868
1283 207
1290 4061
1292 3918
1295 2821
1295 3524
1300 713
1306 988
1307 2348
1308 3805
1308 4849
1309 140
1309 3810
1322 1417
1329 595
1331 1794
1331 2622
1337 128
1351 425
1352 1469
1376 1558
1377 473
1379 3860
1380 1682
1385 1322
1385 3412
1389 2127
1395 1581
1397 1147
1411 1262
1415 3246
1418 3942
1419 510
1431 4628
1433 3959
1434 1683
1444 2736
1467 3837
1468 1315
1473 3189
1475 3439
1481 4652
1484 2950
1494 2285
1495 817
1498 4620
1505 2261
1510 2779
1519 2293
1541 2460
1544 853
1544 2309
1564 4385
1568 1078
1569 3048
1570 191
1576 2029
1582 4809
1598 1435
1599 1436
1602 2838
1613 2042
1615 2686
1616 1296
1629 3217
1634 1996
1646 4471
1647 494
1648 859
1650 2543
1654 3759
1655 4866
1669 2759
1682 95
1708 905
1716 2317
1722 3551
1749 4765
1751 1213
1757 74
1757 4806
1763 1473
1764 147
1767 569
1773 4724
1774 2516
1783 3020
1785 4734
1791 3506
1793 3222
1796 3108
1797 2288
1797 3285
1798 1666
1801 2916
1805 1800
1805 2573
1807 1976
1810 3325
1814 29
1816 17
1818 447
1823 4181
1838 2168
1844 3953
1849 1673
1851 571
1856 3714
1861 1617
1872 4608
1880 3671
1882 1919
1892 147
1897 1109
1898 2805
1898 4204
1907 4112
1912 4401
1912 4914
1920 4153
1936 152
1939 3252
1940 1022
1954 2047
1958 394
1973 1869
1977 1942
1983 2100
1987 961
2001 4618
2005 3417
2009 480
2009 2076
2010 3146
2013 4497
2014 1040
2016 2675
2031 1328
2031 1851
2034 2763
2039 1884
2050 509
2066 4590
2091 177
2093 3505
2095 1653
2098 1142
2099 1794
2103 2788
2104 1050
2107 3108
2113 4011
2116 4010
2127 1425
2149 3024
2170 3292
2172 231
2172 943
2179 3708
2181 1501
2184 776
2186 4748
2200 3007
2214 4718
2218 2240
2223 2017
2229 3819
2237 784
2240 3521
2252 4863
2255 88
2259 1377
2262 1268
2267 3852
2276 3910
2288 2171
2289 2151
2292 1087
2296 1452
2303 1103
2307 1416
2307 4829
2312 2872
2313 4959
2315 4620
2320 2894
2322 1967
2330 4519
2334 3858
2343 333
2353 301
2354 4329
2357 4346
2358 373
2366 2487
2374 3870
2378 3339
2379 271
2379 1313
2384 2595
2393 569
2397 2396
2397 4191
2403 2965
2406 2393
2407 2943
2414 4868
2423 45
2424 285
2434 3595
2436 992
2438 245
2441 2669
2451 4950
2452 1199
2457 2383
2462 3842
2465 2060
2465 4945
2467 2091
2470 4320
2478 1331
2483 316
2487 4067
2488 4558
2489 4583
2503 1747
2504 570
2505 2313
2516 4750
2526 2524
2529 750
2531 4373
2550 232
2560 2349
2562 3876
2565 1081
2565 4164
2571 4422
2585 2089
2596 1016
2596 4561
2598 4373
2603 631
2655 1829
2680 2847
2683 983
2683 4055
2696 2069
2698 2788
2710 3876
2715 3032
2716 3727
2719 3533
2720 2488
2720 3660
2724 4776
2727 2428
2732 2208
2734 3671
2734 4867
2741 3541
2758 4012
2762 4381
2766 2672
2767 1357
2768 3988
2775 2894
2786 2249
2787 3126
2790 3459
2799 509
2800 1689
2814 3370
2817 4668
2831 4955
2844 1585
2844 3153
2845 4525
2860 3968
2870 2410
2880 3967
2884 1891
2889 20
2890 2451
2892 3116
2892 3830
2894 1568
2895 4608
2899 3830
2900 884
2905 442
2906 1107
2906 3809
2909 2281
2912 2357
2912 4441
2916 3367
2928 549
2929 1184
2938 4068
2955 3940
2971 401
2973 3948
2984 4668
2999 3541
3002 1024
3030 4323
3034 35
3036 2238
3036 3813
3043 634
3047 2818
3049 3163
3062 2087
3067 3915
3069 382
3072 1431
3085 33
3085 2363
3089 3240
3091 3247
3092 1250
3105 1790
3106 471
3107 4307
3117 2136
3118 1558
3121 1809
3127 3640
3135 3310
3136 4624
3142 743
3149 2572
3152 2123
3164 4576
3168 317
3169 722
3171 4570
3178 4705
3180 2922
3185 2919
3187 3812
3188 3179
3191 4194
3199 101
3206 2671
3212 4552
3213 782
3220 4381
3220 4881
3221 560
3224 945
3231 1089
3245 423
3255 779
3260 4697
3265 697
3267 3342
3282 487
3284 4634
3285 1800
3288 1524
3293 2613
3300 2767
3304 2839
3314 3580
3315 3054
3319 239
3347 933
3347 3906
3358 4118
3360 4454
3365 3984
3367 3598
3386 4103
3402 246
3405 2200
3407 1488
3419 3381
3437 1421
3437 4436
3439 966
3449 2940
3451 1975
3466 2711
3466 4031
3471 4675
3474 2450
3475 2173
3480 2476
3486 4645
3489 2925
3491 3944
3492 519
3503 215
3514 3463
3521 2064
3535 221
3540 1710
3542 1263
3550 1709
3565 3029
3589 4381
3593 1303
3594 713
3598 1323
3599 1658
3609 1613
3611 4753
3612 3997
3616 4680
3618 12
3618 2703
3638 1298
3660 130
3664 783
3664 3038
3667 3369
3671 1279
3675 3752
3681 450
3697 3753
3702 998
3704 3242
3706 757
3706 2562
3709 513
3721 484
3728 2227
3735 4837
3739 1502
3744 2031
3757 1889
3758 935
3765 1318
3771 3653
3780 319
3783 4631
3784 1362
3789 306
3800 4280
3804 3458
3807 2865
3809 2394
3822 256
3828 3041
3829 4723
3832 4169
3839 4364
3841 993
3845 1543
3846 2131
3858 1205
3861 4007
3868 1476
3874 1090
3893 294
3893 2783
3901 3216
3914 4418
3915 4234
3921 1183
3924 573
3937 117
3946 1602
3960 1656
3962 4456
3964 4811
3966 294
3978 3906
3986 4803
3995 2976
4005 4210
4011 1299
4025 2220
4040 2929
4042 1347
4044 2191
4046 1591
4057 1502
4057 3342
4058 1522
4060 1311
4063 2781
4068 3141
4069 2772
4080 1263
4085 3161
4086 2384
4095 492
4095 1275
4097 4284
4110 770
4113 1997
4133 2368
4148 4272
4152 2803
4159 746
4168 3422
4178 2206
4189 1299
4207 4297
4208 335
4209 908
4209 2907
4215 887
4231 3431
4233 507
4238 45
4251 2961
4259 451
4263 909
4266 4542
4269 3045
4277 1890
4277 4360
4284 188
4285 4679
4308 498
4311 2196
4312 4590
4317 2013
4317 2062
4326 3307
4335 2676
4344 2552
4364 1543
4364 3823
4382 2724
4383 3516
4390 4183
4391 1499
4396 4651
4399 142
4405 2695
4412 416
4413 2835
4418 4013
4427 3492
4434 3368
4434 4820
4440 1400
4447 4031
4460 4073
4466 261
4466 369
4475 861
4476 741
4479 2696
4482 1866
4488 4542
4490 986
4494 2368
4494 2652
4500 3363
4502 4750
4508 4148
4509 471
4515 1425
4525 27
4541 2312
4542 1518
4544 1530
4544 1561
4549 239
4555 3037
4563 1692
4575 3407
4577 3599
4579 1805
4587 2939
4594 3140
4596 791
4606 176
4608 1980
4620 3738
4622 1645
4625 3871
4627 550
4634 1462
4637 1705
4641 2877
4646 824
4650 1052
4658 1225
4665 3839
4670 4131
4676 1458
4678 1212
4678 4221
4687 3334
4700 2894
4716 4509
4729 1009
4733 3979
4741 4667
4742 2903
4742 3949
4742 4464
4745 3565
4749 12
4753 1926
4755 3900
4758 3824
4763 196
4771 3973
4785 1354
4786 3040
4796 1674
4800 3102
4810 1344
4810 3311
4824 748
4830 2719
4837 3884
4840 4974
4851 2487
4853 1846
4854 2097
4859 1627
4867 1652
4883 1455
4883 3916
4885 281
4886 2356
4900 2262
4903 241
4912 1295
4915 835
4915 3264
4916 3641
4918 3611
4924 3693
4925 428
4926 140
4927 4712
4932 4733
4933 780
4934 333
4935 602
4937 4098
4938 4264
4941 1435
4943 3930
4943 4656
4945 4967
4958 1905
4966 4773
4970 4249
4984 2231
4984 4966
4986 2474
4990 2026
4994 930
4996 1012
2 1949 65
6 1444 61
15 3874 63
16 2292 70
16 3313 66
21 4875 66
32 4709 69
33 4411 65
37 879 63
43 625 63
43 754 60
45 4124 62
46 440 63
53 2649 67
55 1092 67
60 2111 70
63 4259 60
64 3459 61
69 3629 66
75 2789 66
78 121 66
104 1563 60
132 4598 65
132 4966 65
134 1340 67
143 2533 60
144 3064 67
145 1741 65
145 3900 69
150 3235 64
163 239 68
173 1963 68
175 405 70
183 2355 60
184 3708 67
187 944 66
188 4420 66
204 1087 64
205 632 66
208 4834 62
212 114 63
224 4017 63
230 3489 67
231 2927 68
232 2635 69
241 2187 65
247 777 67
253 4158 65
259 3165 60
261 1569 70
274 4987 64
277 2792 68
300 1792 67
306 1287 69
314 3756 63
321 3900 69
322 307 63
335 3618 69
337 4347 66
338 635 64
343 89 67
344 4617 67
346 3304 67
352 4823 61
361 2452 68
367 483 64
371 2598 67
375 1488 69
377 2175 64
390 1161 64
395 922 61
395 4113 68
397 3070 65
402 1972 64
407 2855 70
411 1650 68
430 2292 64
453 763 60
454 1846 67
455 221 63
456 3777 65
459 1275 60
474 4328 60
479 94 63
484 3277 68
485 2724 62
489 3935 65
500 421 70
507 4757 63
514 1489 60
516 4607 70
520 3411 66
521 987 61
525 4083 65
530 3620 70
535 4450 68
542 2947 63
550 4896 63
556 2520 65
563 571 65
573 2076 63
585 11 70
585 1798 64
586 2316 63
588 1945 60
592 3833 63
608 859 65
616 1311 68
620 173 63
630 1180 62
642 466 65
653 326 63
659 4280 66
662 4696 64
665 4016 66
666 1515 67
677 2589 64
678 3344 60
686 2811 65
688 3698 69
689 3486 64
691 2411 69
692 3086 70
692 4982 63
706 1756 62
708 734 70
720 2225 68
730 1037 69
740 233 64
745 1635 60
756 1407 62
763 4530 61
776 1212 68
778 4358 70
783 3597 61
794 897 62
799 1935 66
801 3347 60
804 4888 67
810 370 70
817 3791 69
822 2973 69
824 2569 66
827 2083 65
832 1780 65
845 3217 70
854 4731 64
855 1501 61
856 560 67
889 178 63
903 2689 69
908 4983 60
909 3517 68
911 3914 63
912 2471 62
917 4372 68
920 3663 60
922 4517 61
923 2255 69
926 790 66
937 981 66
944 1605 60
948 4061 70
950 3785 60
957 4230 68
959 30 61
963 1735 65
986 1293 61
997 3214 60
1009 314 62
1022 667 65
1023 2541 63
1024 520 61
1025 1446 65
1025 3357 61
1026 1147 64
1033 2740 67
1036 4734 70
1037 169 65
1040 3025 61
1048 4979 63
1051 3504 60
1056 851 61
1072 3906 70
1082 2402 64
1085 1922 66
1087 4535 69
1093 4287 70
1096 2221 62
1101 3708 69
1117 1581 66
1133 3137 63
1138 438 67
1143 4153 68
1152 608 65
1156 18 65
1166 4826 65
1167 1136 63
1182 1783 69
1182 2079 62
1186 2997 69
1195 727 61
1198 3290 63
1205 1006 67
1206 2602 61
1207 2796 69
1215 3800 67
1223 157 62
1229 3438 61
1232 3602 62
1237 4611 60
1246 302 60
1246 1353 60
1268 1608 61
1275 2278 66
1277 4936 65
1293 2420 70
1296 521 65
1296 4429 63
1310 1241 64
1317 2003 63
1320 4736 63
1331 4109 60
1355 841 67
1358 3972 66
1366 2906 70
1366 4546 67
1369 3621 65
1370 3482 68
1383 3183 65
1398 3325 69
1399 2519 60
1403 1794 62
1405 153 68
1406 1437 62
1406 4286 64
1407 2248 68
1412 4965 62
1426 3776 61
1428 2665 67
1434 1928 61
1438 3023 63
1441 379 68
1454 666 67
1458 28 63
1461 1008 68
1462 4752 69
1469 1147 69
1489 4490 62
1497 4188 65
1508 3934 65
1515 3570 67
1518 2393 62
1520 2115 69
1536 1668 64
1537 1273 66
1538 4905 67
1539 1810 67
1541 2872 69
1545 3698 60
1572 910 63
1574 2243 60
1583 2540 64
1589 4048 66
1595 777 68
1598 30 62
1600 3845 62
1607 1515 64
1607 3304 61
1609 611 70
1616 1930 68
1617 4266 69
1621 4541 70
1625 3451 65
1625 4750 68
1643 163 70
1644 1074 62
1658 2120 62
1664 376 70
1665 2958 66
1672 3611 66
1677 3116 66
1685 4971 60
1694 2425 63
1697 1382 62
1699 1624 60
1705 1793 65
1714 510 61
1717 2554 67
1733 3356 70
1734 2801 63
1739 848 64
1745 2210 60
1745 4359 69
1753 3977 68
1755 238 64
1758 639 67
1763 4624 62
1778 3746 66
1780 4124 66
1791 2048 66
1798 1287 60
1807 1008 70
1818 1432 65
1818 2704 63
1818 4989 63
1830 3576 70
1846 1855 60
1851 758 68
1861 4284 61
1863 3033 61
1868 4844 70
1872 324 69
1887 2234 60
1889 2376 68
1893 3299 64
1904 901 63
1907 1719 69
1908 14 70
1910 4716 62
1932 555 63
1932 3138 63
1936 4042 68
1940 1583 68
1941 2582 67
1941 4572 62
1950 3881 61
1958 3675 65
1978 1263 61
1996 3493 64
1999 772 61
2001 1396 65
2008 2945 68
2010 130 69
2018 4858 70
2021 1115 64
2025 401 61
2032 3269 65
2038 1984 64
2043 2373 63
2044 4431 67
2063 4989 67
2084 4697 70
2085 1516 63
2085 3794 68
2111 1869 64
2112 4269 69
2118 293 60
2120 2154 61
2123 2486 63
2127 2281 60
2131 3650 65
2133 730 62
2140 1745 60
2144 4103 66
2156 2830 67
2162 575 70
2162 1255 61
2185 3891 66
2186 4850 67
2188 432 64
2189 4518 60
2190 1074 65
2191 1388 67
2202 133 65
2202 879 68
2204 2698 61
2209 3111 66
2220 4990 61
2233 3442 62
2235 3265 69
2248 2349 66
2250 1628 62
2270 4010 69
2285 2976 66
2297 2593 68
2298 1902 68
2307 601 66
2307 3570 65
2307 4256 60
2310 745 65
2317 1184 64
2322 230 62
2329 2046 70
2331 955 70
2333 88 69
2337 4714 68
2345 2756 61
2378 1384 69
2379 4461 64
2381 4936 69
2386 3127 62
2389 3717 66
2392 2247 66
2394 4072 68
2415 4599 69
2420 1602 69
2429 3451 69
2450 618 70
2451 3300 66
2454 1098 68
2457 2460 64
2459 420 66
2460 1801 64
2465 885 63
2467 3954 68
2472 109 67
2475 3038 61
2477 4243 60
2477 4818 62
2480 2905 70
2503 2755 65
2505 2608 67
2510 2010 64
2539 1467 64
2543 4948 63
2544 2239 68
2550 1613 61
2554 1314 61
2573 4047 70
2577 552 60
2584 1176 66
2585 4700 61
2587 1875 68
2588 3158 69
2588 3665 66
2589 182 63
2600 877 60
2601 31 69
2604 705 63
2608 3020 69
2613 2489 67
2619 4481 69
2623 397 65
2645 2005 69
2648 3513 65
2648 3830 70
2654 2622 70
2674 1708 69
2674 4834 64
2675 4321 61
2687 2295 61
2689 1048 63
2696 3342 62
2703 513 64
2708 4187 69
2712 769 61
2714 1242 65
2725 212 70
2728 1571 68
2733 2129 70
2734 4556 61
2745 2740 67
2753 1907 67
2766 4985 69
2767 385 63
2769 935 66
2772 2996 64
2784 3722 68
2789 2480 67
2796 1772 65
2798 1453 64
2807 3870 60
2810 73 68
2819 4835 63
2841 3270 64
2843 4325 67
2844 4045 68
2847 1164 60
2851 2214 70
2861 3426 64
2865 1019 60
2868 2904 66
2873 2063 60
2882 4192 69
2883 671 64
2884 803 61
2889 338 61
2899 4695 69
2907 1307 65
2912 3047 68
2928 1453 63
2928 1658 63
2928 2552 65
2945 1797 66
2954 1964 67
2959 3176 66
2961 4569 70
2963 4976 61
2965 3838 64
2969 67 68
2975 4830 63
2976 884 60
2978 2817 65
2998 1161 61
2999 505 69
3004 2391 61
3010 3639 60
3027 4449 61
3040 275 60
3043 3982 63
3050 3307 66
3053 1523 65
3062 2646 67
3075 4660 63
3084 678 60
3089 1362 69
3093 125 60
3096 4940 62
3104 2983 69
3113 4200 67
3114 1891 63
3118 2231 62
3125 3847 70
3126 3439 60
3130 1026 69
3136 2418 69
3141 883 66
3142 543 64
3146 4498 65
3151 2043 68
3163 4818 60
3167 3583 68
3173 251 61
3177 398 69
3177 1640 60
3210 3968 63
3217 3304 61
3218 1782 67
3224 3073 68
3228 2783 60
3253 1463 61
3257 618 64
3258 1316 62
3263 111 64
3266 4180 69
3276 889 69
3281 3815 63
3286 4955 69
3289 4539 63
3293 324 64
3295 2540 66
3296 2181 66
3296 3185 60
3304 1962 61
3314 4788 64
3315 1197 67
3319 1690 66
3326 2680 70
3326 3413 70
3334 1062 67
3334 4376 66
3382 4648 61
3385 2982 68
3388 25 65
3391 3718 70
3392 1566 70
3398 169 69
3403 2808 61
3418 856 69
3420 3276 67
3424 341 66
3425 2512 64
3425 3142 63
3427 548 61
3427 2063 67
3437 3909 63
3441 4869 60
3445 3520 70
3447 1331 65
3470 1166 67
3471 4101 63
3474 1880 70
3489 1464 64
3509 1647 70
3509 4425 60
3519 4273 63
3524 2768 64
3528 3772 70
3528 4552 62
3529 3374 63
3537 781 64
3546 2430 61
3560 567 61
3560 2258 69
3565 88 70
3578 2093 60
3580 368 63
3611 953 69
3616 4972 66
3617 2623 60
3621 1779 67
3630 3097 63
3632 3284 60
3633 3508 60
3636 3655 68
3646 4229 60
3651 4061 62
3653 4820 66
3656 1967 64
3656 2953 68
3660 1455 61
3672 2744 63
3675 255 65
3675 4395 61
3675 4565 67
3676 3904 68
3677 1197 63
3690 2308 67
3707 393 60
3712 687 66
3727 821 65
3738 4688 64
3746 2632 68
3767 1599 64
3772 2464 65
3777 1751 60
3783 137 62
3783 2102 62
3786 3144 70
3788 484 61
3794 2941 67
3796 3364 68
3801 1161 63
3805 4 65
3816 911 61
3817 3543 67
3818 2798 62
3825 4913 62
3832 1304 68
3846 756 65
3850 4468 66
3855 602 63
3863 1902 62
3877 3917 64
3883 4304 60
3888 2283 61
3891 1645 66
3893 2640 67
3895 3725 68
3904 217 66
3908 4756 68
3934 1434 67
3935 2925 66
3936 494 68
3942 4130 65
3947 3378 68
3951 1060 60
3958 2158 70
3960 2010 66
3975 364 66
3988 3556 62
3989 2401 64
3994 1202 66
3995 2797 68
4001 947 61
4008 631 68
4013 2542 61
4014 1790 68
4015 792 67
4016 3236 70
4017 4326 66
4018 3043 62
4034 4688 63
4036 4482 66
4042 4941 69
4046 4023 64
4051 81 69
4064 3654 61
4078 3811 70
4085 2277 69
4096 2886 62
4104 1402 68
4105 2140 66
4120 2637 63
4121 4790 65
4127 1882 60
4131 864 61
4131 4171 60
4132 1721 65
4139 668 66
4143 1580 68
4143 3508 65
4145 998 70
4161 228 65
4161 4532 61
4168 1155 60
4169 459 64
4171 4363 61
4183 3005 69
4195 2417 65
4197 4982 62
4207 4666 60
4208 3948 65
4212 3350 68
4230 2757 65
4231 4086 68
4238 1956 65
4238 2101 68
4243 767 60
4251 121 66
4252 4221 63
4254 1515 60
4254 2595 63
4268 2253 61
4273 3116 62
4276 1221 66
4285 1072 68
4285 3550 65
4286 3811 68
4296 4815 66
4315 615 62
4327 419 70
4331 3005 62
4337 1782 62
4339 1623 70
4348 4394 60
4349 2810 61
4353 2390 70
4354 829 66
4373 4257 61
4374 4589 60
4375 262 69
4375 1962 61
4387 1355 64
4403 4114 63
4408 3109 64
4410 976 68
4417 2590 69
4421 2156 63
4427 1111 67
4433 4743 63
4436 4942 67
4438 3304 63
4444 32 67
4449 641 60
4454 3595 70
4461 3948 69
4468 3801 65
4470 1482 67
4478 3449 62
4488 1226 60
4491 1673 67
4497 166 66
4499 2928 64
4507 4618 65
4509 2473 68
4519 3177 63
4524 2018 69
4524 4426 66
4530 814 62
4546 1860 61
4551 4869 64
4552 558 70
4558 1036 66
4570 2245 68
4573 2595 69
4589 3286 65
4600 334 62
4601 4137 69
4607 4715 62
4608 1152 60
4608 3469 63
4612 2759 67
4619 3969 61
4629 3036 63
4631 4533 66
4633 4269 65
4650 5 64
4655 4993 63
4657 1534 69
4657 1783 61
4660 1355 65
4662 932 70
4671 208 67
4689 2301 62
4696 617 61
4697 1969 70
4704 3762 68
4706 2637 66
4706 3214 64
4707 3620 63
4710 4824 67
4719 2139 60
4726 768 60
4732 4380 62
4744 1241 64
4771 1455 68
4773 1846 65
4774 1099 62
4774 4945 61
4775 2495 60
4791 1598 62
4796 4201 63
4809 2980 61
4811 3407 69
4816 2311 61
4827 359 69
4830 100 67
4830 532 70
4840 4582 66
4840 4788 66
4853 3630 63
4859 2818 63
4861 2031 64
4870 4438 61
4883 907 69
4889 3108 62
4897 698 69
4899 1107 62
4899 2161 61
4902 4025 63
4905 1365 67
4915 1522 62
4922 1824 69
4930 3855 68
4930 4195 64
4931 2508 61
4932 4897 67
4940 2658 69
4947 1664 61
4950 3523 65
4955 2937 64
4972 1234 70
4974 3311 63
4977 277 68
4989 484 64
4991 98 66
4992 2338 66
4994 3681 63
