1000 1000
32 15
32 36
32 57
32 78
32 99
32 120
32 141
32 162
32 183
32 204
32 225
32 246
32 267
32 288
32 309
32 330
32 351
32 372
32 393
32 414
32 435
32 456
32 477
32 498
32 519
32 540
32 561
32 582
32 603
32 624
32 645
32 666
32 687
32 708
32 729
32 750
32 771
32 792
32 813
32 834
53 25
53 46
53 67
53 88
53 109
53 130
53 151
53 172
53 193
53 214
53 235
53 256
53 277
53 298
53 319
53 340
53 361
53 382
53 403
53 424
53 445
53 466
53 487
53 508
53 529
53 550
53 571
53 592
53 613
53 634
53 655
53 676
53 697
53 718
53 739
53 760
53 781
53 802
53 823
53 844
74 15
74 36
74 57
74 78
74 99
74 120
74 141
74 162
74 183
74 204
74 225
74 246
74 267
74 288
74 309
74 330
74 351
74 372
74 393
74 414
74 435
74 456
74 477
74 498
74 519
74 540
74 561
74 582
74 603
74 624
74 645
74 666
74 687
74 708
74 729
74 750
74 771
74 792
74 813
74 834
95 25
95 46
95 67
95 88
95 109
95 130
95 151
95 172
95 193
95 214
95 235
95 256
95 277
95 298
95 319
95 340
95 361
95 382
95 403
95 424
95 445
95 466
95 487
95 508
95 529
95 550
95 571
95 592
95 613
95 634
95 655
95 676
95 697
95 718
95 739
95 760
95 781
95 802
95 823
95 844
116 15
116 36
116 57
116 78
116 99
116 120
116 141
116 162
116 183
116 204
116 225
116 246
116 267
116 288
116 309
116 330
116 351
116 372
116 393
116 414
116 435
116 456
116 477
116 498
116 519
116 540
116 561
116 582
116 603
116 624
116 645
116 666
116 687
116 708
116 729
116 750
116 771
116 792
116 813
116 834
137 25
137 46
137 67
137 88
137 109
137 130
137 151
137 172
137 193
137 214
137 235
137 256
137 277
137 298
137 319
137 340
137 361
137 382
137 403
137 424
137 445
137 466
137 487
137 508
137 529
137 550
137 571
137 592
137 613
137 634
137 655
137 676
137 697
137 718
137 739
137 760
137 781
137 802
137 823
137 844
158 15
158 36
158 57
158 78
158 99
158 120
158 141
158 162
158 183
158 204
158 225
158 246
158 267
158 288
158 309
158 330
158 351
158 372
158 393
158 414
158 435
158 456
158 477
158 498
158 519
158 540
158 561
158 582
158 603
158 624
158 645
158 666
158 687
158 708
158 729
158 750
158 771
158 792
158 813
158 834
179 25
179 46
179 67
179 88
179 109
179 130
179 151
179 172
179 193
179 214
179 235
179 256
179 277
179 298
179 319
179 340
179 361
179 382
179 403
179 424
179 445
179 466
179 487
179 508
179 529
179 550
179 571
179 592
179 613
179 634
179 655
179 676
179 697
179 718
179 739
179 760
179 781
179 802
179 823
179 844
200 15
200 36
200 57
200 78
200 99
200 120
200 141
200 162
200 183
200 204
200 225
200 246
200 267
200 288
200 309
200 330
200 351
200 372
200 393
200 414
200 435
200 456
200 477
200 498
200 519
200 540
200 561
200 582
200 603
200 624
200 645
200 666
200 687
200 708
200 729
200 750
200 771
200 792
200 813
200 834
221 25
221 46
221 67
221 88
221 109
221 130
221 151
221 172
221 193
221 214
221 235
221 256
221 277
221 298
221 319
221 340
221 361
221 382
221 403
221 424
221 445
221 466
221 487
221 508
221 529
221 550
221 571
221 592
221 613
221 634
221 655
221 676
221 697
221 718
221 739
221 760
221 781
221 802
221 823
221 844
242 15
242 36
242 57
242 78
242 99
242 120
242 141
242 162
242 183
242 204
242 225
242 246
242 267
242 288
242 309
242 330
242 351
242 372
242 393
242 414
242 435
242 456
242 477
242 498
242 519
242 540
242 561
242 582
242 603
242 624
242 645
242 666
242 687
242 708
242 729
242 750
242 771
242 792
242 813
242 834
263 25
263 46
263 67
263 88
263 109
263 130
263 151
263 172
263 193
263 214
263 235
263 256
263 277
263 298
263 319
263 340
263 361
263 382
263 403
263 424
263 445
263 466
263 487
263 508
263 529
263 550
263 571
263 592
263 613
263 634
263 655
263 676
263 697
263 718
263 739
263 760
263 781
263 802
263 823
263 844
284 15
284 36
284 57
284 78
284 99
284 120
284 141
284 162
284 183
284 204
284 225
284 246
284 267
284 288
284 309
284 330
284 351
284 372
284 393
284 414
284 435
284 456
284 477
284 498
284 519
284 540
284 561
284 582
284 603
284 624
284 645
284 666
284 687
284 708
284 729
284 750
284 771
284 792
284 813
284 834
305 25
305 46
305 67
305 88
305 109
305 130
305 151
305 172
305 193
305 214
305 235
305 256
305 277
305 298
305 319
305 340
305 361
305 382
305 403
305 424
305 445
305 466
305 487
305 508
305 529
305 550
305 571
305 592
305 613
305 634
305 655
305 676
305 697
305 718
305 739
305 760
305 781
305 802
305 823
305 844
326 15
326 36
326 57
326 78
326 99
326 120
326 141
326 162
326 183
326 204
326 225
326 246
326 267
326 288
326 309
326 330
326 351
326 372
326 393
326 414
326 435
326 456
326 477
326 498
326 519
326 540
326 561
326 582
326 603
326 624
326 645
326 666
326 687
326 708
326 729
326 750
326 771
326 792
326 813
326 834
347 25
347 46
347 67
347 88
347 109
347 130
347 151
347 172
347 193
347 214
347 235
347 256
347 277
347 298
347 319
347 340
347 361
347 382
347 403
347 424
347 445
347 466
347 487
347 508
347 529
347 550
347 571
347 592
347 613
347 634
347 655
347 676
347 697
347 718
347 739
347 760
347 781
347 802
347 823
347 844
368 15
368 36
368 57
368 78
368 99
368 120
368 141
368 162
368 183
368 204
368 225
368 246
368 267
368 288
368 309
368 330
368 351
368 372
368 393
368 414
368 435
368 456
368 477
368 498
368 519
368 540
368 561
368 582
368 603
368 624
368 645
368 666
368 687
368 708
368 729
368 750
368 771
368 792
368 813
368 834
389 25
389 46
389 67
389 88
389 109
389 130
389 151
389 172
389 193
389 214
389 235
389 256
389 277
389 298
389 319
389 340
389 361
389 382
389 403
389 424
389 445
389 466
389 487
389 508
389 529
389 550
389 571
389 592
389 613
389 634
389 655
389 676
389 697
389 718
389 739
389 760
389 781
389 802
389 823
389 844
410 15
410 36
410 57
410 78
410 99
410 120
410 141
410 162
410 183
410 204
410 225
410 246
410 267
410 288
410 309
410 330
410 351
410 372
410 393
410 414
410 435
410 456
410 477
410 498
410 519
410 540
410 561
410 582
410 603
410 624
410 645
410 666
410 687
410 708
410 729
410 750
410 771
410 792
410 813
410 834
431 25
431 46
431 67
431 88
431 109
431 130
431 151
431 172
431 193
431 214
431 235
431 256
431 277
431 298
431 319
431 340
431 361
431 382
431 403
431 424
431 445
431 466
431 487
431 508
431 529
431 550
431 571
431 592
431 613
431 634
431 655
431 676
431 697
431 718
431 739
431 760
431 781
431 802
431 823
431 844
452 15
452 36
452 57
452 78
452 99
452 120
452 141
452 162
452 183
452 204
452 225
452 246
452 267
452 288
452 309
452 330
452 351
452 372
452 393
452 414
452 435
452 456
452 477
452 498
452 519
452 540
452 561
452 582
452 603
452 624
452 645
452 666
452 687
452 708
452 729
452 750
452 771
452 792
452 813
452 834
473 25
473 46
473 67
473 88
473 109
473 130
473 151
473 172
473 193
473 214
473 235
473 256
473 277
473 298
473 319
473 340
473 361
473 382
473 403
473 424
473 445
473 466
473 487
473 508
473 529
473 550
473 571
473 592
473 613
473 634
473 655
473 676
473 697
473 718
473 739
473 760
473 781
473 802
473 823
473 844
494 15
494 36
494 57
494 78
494 99
494 120
494 141
494 162
494 183
494 204
494 225
494 246
494 267
494 288
494 309
494 330
494 351
494 372
494 393
494 414
494 435
494 456
494 477
494 498
494 519
494 540
494 561
494 582
494 603
494 624
494 645
494 666
494 687
494 708
494 729
494 750
494 771
494 792
494 813
494 834
515 25
515 46
515 67
515 88
515 109
515 130
515 151
515 172
515 193
515 214
515 235
515 256
515 277
515 298
515 319
515 340
515 361
515 382
515 403
515 424
515 445
515 466
515 487
515 508
515 529
515 550
515 571
515 592
515 613
515 634
515 655
515 676
515 697
515 718
515 739
515 760
515 781
515 802
515 823
515 844
536 15
536 36
536 57
536 78
536 99
536 120
536 141
536 162
536 183
536 204
536 225
536 246
536 267
536 288
536 309
536 330
536 351
536 372
536 393
536 414
536 435
536 456
536 477
536 498
536 519
536 540
536 561
536 582
536 603
536 624
536 645
536 666
536 687
536 708
536 729
536 750
536 771
536 792
536 813
536 834
15 15 10
15 36 10
15 57 10
15 78 10
15 99 10
15 120 10
15 141 10
15 162 10
15 183 10
15 204 10
15 225 10
15 246 10
15 267 10
15 288 10
15 309 10
15 330 10
15 351 10
15 372 10
15 393 10
15 414 10
15 435 10
15 456 10
15 477 10
15 498 10
15 519 10
15 540 10
15 561 10
15 582 10
15 603 10
15 624 10
15 645 10
15 666 10
15 687 10
15 708 10
15 729 10
15 750 10
15 771 10
15 792 10
15 813 10
15 834 10
36 25 10
36 46 10
36 67 10
36 88 10
36 109 10
36 130 10
36 151 10
36 172 10
36 193 10
36 214 10
36 235 10
36 256 10
36 277 10
36 298 10
36 319 10
36 340 10
36 361 10
36 382 10
36 403 10
36 424 10
36 445 10
36 466 10
36 487 10
36 508 10
36 529 10
36 550 10
36 571 10
36 592 10
36 613 10
36 634 10
36 655 10
36 676 10
36 697 10
36 718 10
36 739 10
36 760 10
36 781 10
36 802 10
36 823 10
36 844 10
57 15 10
57 36 10
57 57 10
57 78 10
57 99 10
57 120 10
57 141 10
57 162 10
57 183 10
57 204 10
57 225 10
57 246 10
57 267 10
57 288 10
57 309 10
57 330 10
57 351 10
57 372 10
57 393 10
57 414 10
57 435 10
57 456 10
57 477 10
57 498 10
57 519 10
57 540 10
57 561 10
57 582 10
57 603 10
57 624 10
57 645 10
57 666 10
57 687 10
57 708 10
57 729 10
57 750 10
57 771 10
57 792 10
57 813 10
57 834 10
78 25 10
78 46 10
78 67 10
78 88 10
78 109 10
78 130 10
78 151 10
78 172 10
78 193 10
78 214 10
78 235 10
78 256 10
78 277 10
78 298 10
78 319 10
78 340 10
78 361 10
78 382 10
78 403 10
78 424 10
78 445 10
78 466 10
78 487 10
78 508 10
78 529 10
78 550 10
78 571 10
78 592 10
78 613 10
78 634 10
78 655 10
78 676 10
78 697 10
78 718 10
78 739 10
78 760 10
78 781 10
78 802 10
78 823 10
78 844 10
99 15 10
99 36 10
99 57 10
99 78 10
99 99 10
99 120 10
99 141 10
99 162 10
99 183 10
99 204 10
99 225 10
99 246 10
99 267 10
99 288 10
99 309 10
99 330 10
99 351 10
99 372 10
99 393 10
99 414 10
99 435 10
99 456 10
99 477 10
99 498 10
99 519 10
99 540 10
99 561 10
99 582 10
99 603 10
99 624 10
99 645 10
99 666 10
99 687 10
99 708 10
99 729 10
99 750 10
99 771 10
99 792 10
99 813 10
99 834 10
120 25 10
120 46 10
120 67 10
120 88 10
120 109 10
120 130 10
120 151 10
120 172 10
120 193 10
120 214 10
120 235 10
120 256 10
120 277 10
120 298 10
120 319 10
120 340 10
120 361 10
120 382 10
120 403 10
120 424 10
120 445 10
120 466 10
120 487 10
120 508 10
120 529 10
120 550 10
120 571 10
120 592 10
120 613 10
120 634 10
120 655 10
120 676 10
120 697 10
120 718 10
120 739 10
120 760 10
120 781 10
120 802 10
120 823 10
120 844 10
141 15 10
141 36 10
141 57 10
141 78 10
141 99 10
141 120 10
141 141 10
141 162 10
141 183 10
141 204 10
141 225 10
141 246 10
141 267 10
141 288 10
141 309 10
141 330 10
141 351 10
141 372 10
141 393 10
141 414 10
141 435 10
141 456 10
141 477 10
141 498 10
141 519 10
141 540 10
141 561 10
141 582 10
141 603 10
141 624 10
141 645 10
141 666 10
141 687 10
141 708 10
141 729 10
141 750 10
141 771 10
141 792 10
141 813 10
141 834 10
162 25 10
162 46 10
162 67 10
162 88 10
162 109 10
162 130 10
162 151 10
162 172 10
162 193 10
162 214 10
162 235 10
162 256 10
162 277 10
162 298 10
162 319 10
162 340 10
162 361 10
162 382 10
162 403 10
162 424 10
162 445 10
162 466 10
162 487 10
162 508 10
162 529 10
162 550 10
162 571 10
162 592 10
162 613 10
162 634 10
162 655 10
162 676 10
162 697 10
162 718 10
162 739 10
162 760 10
162 781 10
162 802 10
162 823 10
162 844 10
183 15 10
183 36 10
183 57 10
183 78 10
183 99 10
183 120 10
183 141 10
183 162 10
183 183 10
183 204 10
183 225 10
183 246 10
183 267 10
183 288 10
183 309 10
183 330 10
183 351 10
183 372 10
183 393 10
183 414 10
183 435 10
183 456 10
183 477 10
183 498 10
183 519 10
183 540 10
183 561 10
183 582 10
183 603 10
183 624 10
183 645 10
183 666 10
183 687 10
183 708 10
183 729 10
183 750 10
183 771 10
183 792 10
183 813 10
183 834 10
204 25 10
204 46 10
204 67 10
204 88 10
204 109 10
204 130 10
204 151 10
204 172 10
204 193 10
204 214 10
204 235 10
204 256 10
204 277 10
204 298 10
204 319 10
204 340 10
204 361 10
204 382 10
204 403 10
204 424 10
204 445 10
204 466 10
204 487 10
204 508 10
204 529 10
204 550 10
204 571 10
204 592 10
204 613 10
204 634 10
204 655 10
204 676 10
204 697 10
204 718 10
204 739 10
204 760 10
204 781 10
204 802 10
204 823 10
204 844 10
225 15 10
225 36 10
225 57 10
225 78 10
225 99 10
225 120 10
225 141 10
225 162 10
225 183 10
225 204 10
225 225 10
225 246 10
225 267 10
225 288 10
225 309 10
225 330 10
225 351 10
225 372 10
225 393 10
225 414 10
225 435 10
225 456 10
225 477 10
225 498 10
225 519 10
225 540 10
225 561 10
225 582 10
225 603 10
225 624 10
225 645 10
225 666 10
225 687 10
225 708 10
225 729 10
225 750 10
225 771 10
225 792 10
225 813 10
225 834 10
246 25 10
246 46 10
246 67 10
246 88 10
246 109 10
246 130 10
246 151 10
246 172 10
246 193 10
246 214 10
246 235 10
246 256 10
246 277 10
246 298 10
246 319 10
246 340 10
246 361 10
246 382 10
246 403 10
246 424 10
246 445 10
246 466 10
246 487 10
246 508 10
246 529 10
246 550 10
246 571 10
246 592 10
246 613 10
246 634 10
246 655 10
246 676 10
246 697 10
246 718 10
246 739 10
246 760 10
246 781 10
246 802 10
246 823 10
246 844 10
267 15 10
267 36 10
267 57 10
267 78 10
267 99 10
267 120 10
267 141 10
267 162 10
267 183 10
267 204 10
267 225 10
267 246 10
267 267 10
267 288 10
267 309 10
267 330 10
267 351 10
267 372 10
267 393 10
267 414 10
267 435 10
267 456 10
267 477 10
267 498 10
267 519 10
267 540 10
267 561 10
267 582 10
267 603 10
267 624 10
267 645 10
267 666 10
267 687 10
267 708 10
267 729 10
267 750 10
267 771 10
267 792 10
267 813 10
267 834 10
288 25 10
288 46 10
288 67 10
288 88 10
288 109 10
288 130 10
288 151 10
288 172 10
288 193 10
288 214 10
288 235 10
288 256 10
288 277 10
288 298 10
288 319 10
288 340 10
288 361 10
288 382 10
288 403 10
288 424 10
288 445 10
288 466 10
288 487 10
288 508 10
288 529 10
288 550 10
288 571 10
288 592 10
288 613 10
288 634 10
288 655 10
288 676 10
288 697 10
288 718 10
288 739 10
288 760 10
288 781 10
288 802 10
288 823 10
288 844 10
309 15 10
309 36 10
309 57 10
309 78 10
309 99 10
309 120 10
309 141 10
309 162 10
309 183 10
309 204 10
309 225 10
309 246 10
309 267 10
309 288 10
309 309 10
309 330 10
309 351 10
309 372 10
309 393 10
309 414 10
309 435 10
309 456 10
309 477 10
309 498 10
309 519 10
309 540 10
309 561 10
309 582 10
309 603 10
309 624 10
309 645 10
309 666 10
309 687 10
309 708 10
309 729 10
309 750 10
309 771 10
309 792 10
309 813 10
309 834 10
330 25 10
330 46 10
330 67 10
330 88 10
330 109 10
330 130 10
330 151 10
330 172 10
330 193 10
330 214 10
330 235 10
330 256 10
330 277 10
330 298 10
330 319 10
330 340 10
330 361 10
330 382 10
330 403 10
330 424 10
330 445 10
330 466 10
330 487 10
330 508 10
330 529 10
330 550 10
330 571 10
330 592 10
330 613 10
330 634 10
330 655 10
330 676 10
330 697 10
330 718 10
330 739 10
330 760 10
330 781 10
330 802 10
330 823 10
330 844 10
351 15 10
351 36 10
351 57 10
351 78 10
351 99 10
351 120 10
351 141 10
351 162 10
351 183 10
351 204 10
351 225 10
351 246 10
351 267 10
351 288 10
351 309 10
351 330 10
351 351 10
351 372 10
351 393 10
351 414 10
351 435 10
351 456 10
351 477 10
351 498 10
351 519 10
351 540 10
351 561 10
351 582 10
351 603 10
351 624 10
351 645 10
351 666 10
351 687 10
351 708 10
351 729 10
351 750 10
351 771 10
351 792 10
351 813 10
351 834 10
372 25 10
372 46 10
372 67 10
372 88 10
372 109 10
372 130 10
372 151 10
372 172 10
372 193 10
372 214 10
372 235 10
372 256 10
372 277 10
372 298 10
372 319 10
372 340 10
372 361 10
372 382 10
372 403 10
372 424 10
372 445 10
372 466 10
372 487 10
372 508 10
372 529 10
372 550 10
372 571 10
372 592 10
372 613 10
372 634 10
372 655 10
372 676 10
372 697 10
372 718 10
372 739 10
372 760 10
372 781 10
372 802 10
372 823 10
372 844 10
393 15 10
393 36 10
393 57 10
393 78 10
393 99 10
393 120 10
393 141 10
393 162 10
393 183 10
393 204 10
393 225 10
393 246 10
393 267 10
393 288 10
393 309 10
393 330 10
393 351 10
393 372 10
393 393 10
393 414 10
393 435 10
393 456 10
393 477 10
393 498 10
393 519 10
393 540 10
393 561 10
393 582 10
393 603 10
393 624 10
393 645 10
393 666 10
393 687 10
393 708 10
393 729 10
393 750 10
393 771 10
393 792 10
393 813 10
393 834 10
414 25 10
414 46 10
414 67 10
414 88 10
414 109 10
414 130 10
414 151 10
414 172 10
414 193 10
414 214 10
414 235 10
414 256 10
414 277 10
414 298 10
414 319 10
414 340 10
414 361 10
414 382 10
414 403 10
414 424 10
414 445 10
414 466 10
414 487 10
414 508 10
414 529 10
414 550 10
414 571 10
414 592 10
414 613 10
414 634 10
414 655 10
414 676 10
414 697 10
414 718 10
414 739 10
414 760 10
414 781 10
414 802 10
414 823 10
414 844 10
435 15 10
435 36 10
435 57 10
435 78 10
435 99 10
435 120 10
435 141 10
435 162 10
435 183 10
435 204 10
435 225 10
435 246 10
435 267 10
435 288 10
435 309 10
435 330 10
435 351 10
435 372 10
435 393 10
435 414 10
435 435 10
435 456 10
435 477 10
435 498 10
435 519 10
435 540 10
435 561 10
435 582 10
435 603 10
435 624 10
435 645 10
435 666 10
435 687 10
435 708 10
435 729 10
435 750 10
435 771 10
435 792 10
435 813 10
435 834 10
456 25 10
456 46 10
456 67 10
456 88 10
456 109 10
456 130 10
456 151 10
456 172 10
456 193 10
456 214 10
456 235 10
456 256 10
456 277 10
456 298 10
456 319 10
456 340 10
456 361 10
456 382 10
456 403 10
456 424 10
456 445 10
456 466 10
456 487 10
456 508 10
456 529 10
456 550 10
456 571 10
456 592 10
456 613 10
456 634 10
456 655 10
456 676 10
456 697 10
456 718 10
456 739 10
456 760 10
456 781 10
456 802 10
456 823 10
456 844 10
477 15 10
477 36 10
477 57 10
477 78 10
477 99 10
477 120 10
477 141 10
477 162 10
477 183 10
477 204 10
477 225 10
477 246 10
477 267 10
477 288 10
477 309 10
477 330 10
477 351 10
477 372 10
477 393 10
477 414 10
477 435 10
477 456 10
477 477 10
477 498 10
477 519 10
477 540 10
477 561 10
477 582 10
477 603 10
477 624 10
477 645 10
477 666 10
477 687 10
477 708 10
477 729 10
477 750 10
477 771 10
477 792 10
477 813 10
477 834 10
498 25 10
498 46 10
498 67 10
498 88 10
498 109 10
498 130 10
498 151 10
498 172 10
498 193 10
498 214 10
498 235 10
498 256 10
498 277 10
498 298 10
498 319 10
498 340 10
498 361 10
498 382 10
498 403 10
498 424 10
498 445 10
498 466 10
498 487 10
498 508 10
498 529 10
498 550 10
498 571 10
498 592 10
498 613 10
498 634 10
498 655 10
498 676 10
498 697 10
498 718 10
498 739 10
498 760 10
498 781 10
498 802 10
498 823 10
498 844 10
519 15 10
519 36 10
519 57 10
519 78 10
519 99 10
519 120 10
519 141 10
519 162 10
519 183 10
519 204 10
519 225 10
519 246 10
519 267 10
519 288 10
519 309 10
519 330 10
519 351 10
519 372 10
519 393 10
519 414 10
519 435 10
519 456 10
519 477 10
519 498 10
519 519 10
519 540 10
519 561 10
519 582 10
519 603 10
519 624 10
519 645 10
519 666 10
519 687 10
519 708 10
519 729 10
519 750 10
519 771 10
519 792 10
519 813 10
519 834 10
