997 995
9997 5015
9997 5046
9996 5109
9995 5140
9994 5172
9993 5203
9991 5235
9990 5266
9988 5297
9986 5329
9984 5360
9982 5392
9979 5423
9976 5454
9973 5485
9970 5517
9967 5548
9963 5579
9959 5610
9956 5642
9951 5673
9947 5704
9943 5735
9938 5766
9933 5797
9928 5828
9922 5859
9917 5890
9911 5921
9905 5952
9899 5983
9893 6014
9886 6044
9880 6075
9873 6106
9866 6136
9859 6167
9851 6197
9844 6228
9836 6258
9828 6289
9820 6319
9811 6349
9803 6380
9794 6410
9785 6440
9776 6470
9766 6500
9757 6530
9747 6560
9737 6590
9727 6620
9717 6649
9706 6679
9696 6708
9685 6738
9674 6767
9662 6797
9651 6826
9640 6855
9628 6884
9616 6913
9604 6942
9591 6971
9579 7000
9566 7029
9553 7058
9540 7086
9527 7115
9514 7143
9500 7172
9486 7200
9472 7228
9458 7256
9444 7284
9430 7312
9415 7340
9400 7368
9385 7395
9370 7423
9355 7450
9339 7478
9323 7505
9308 7532
9292 7559
9275 7586
9259 7613
9243 7640
9226 7666
9209 7693
9192 7719
9175 7745
9157 7772
9140 7798
9122 7824
9104 7850
9086 7875
9068 7901
9050 7927
9031 7952
9013 7977
8994 8002
8975 8028
8956 8052
8937 8077
8917 8102
8897 8127
8878 8151
8858 8175
8838 8200
8818 8224
8797 8248
8777 8271
8756 8295
8735 8319
8714 8342
8693 8365
8672 8389
8651 8412
8629 8435
8607 8457
8586 8480
8564 8502
8541 8525
8519 8547
8497 8569
8474 8591
8452 8613
8429 8634
8406 8656
8383 8677
8360 8698
8336 8720
8313 8740
8289 8761
8266 8782
8242 8802
8218 8823
8194 8843
8169 8863
8145 8883
8120 8902
8096 8922
8071 8941
8046 8961
8021 8980
7996 8999
7971 9017
7946 9036
7920 9054
7895 9073
7869 9091
7843 9109
7817 9127
7791 9144
7765 9162
7739 9179
7713 9196
7686 9213
7660 9230
7633 9247
7606 9263
7579 9279
7552 9296
7525 9312
7498 9327
7471 9343
7443 9358
7416 9374
7388 9389
7361 9404
7333 9419
7305 9433
7277 9448
7249 9462
7221 9476
7193 9490
7165 9504
7136 9517
7108 9530
7079 9544
7051 9557
7022 9569
6993 9582
6964 9594
6935 9607
6906 9619
6877 9631
6848 9642
6819 9654
6789 9665
6760 9676
6731 9687
6701 9698
6671 9709
6642 9719
6612 9730
6582 9740
6552 9749
6523 9759
6493 9769
6463 9778
6432 9787
6402 9796
6372 9805
6342 9813
6312 9822
6281 9830
6251 9838
6220 9845
6190 9853
6159 9860
6129 9868
6098 9875
6067 9881
6037 9888
6006 9895
5975 9901
5944 9907
5913 9913
5882 9918
5851 9924
5820 9929
5789 9934
5758 9939
5727 9944
5696 9948
5665 9952
5634 9957
5603 9960
5571 9964
5540 9968
5509 9971
5478 9974
5446 9977
5415 9980
5384 9982
5352 9984
5321 9987
5290 9989
5258 9990
5227 9992
5195 9993
5164 9994
5133 9995
5101 9996
5070 9996
5038 9997
5007 9997
4975 9997
4944 9997
4913 9996
4881 9996
4850 9995
4818 9994
4787 9992
4755 9991
4724 9989
4693 9988
4661 9986
4630 9983
4599 9981
4567 9978
4536 9976
4505 9972
4473 9969
4442 9966
4411 9962
4380 9958
4349 9954
4317 9950
4286 9946
4255 9941
4224 9937
4193 9932
4162 9926
4131 9921
4100 9916
4069 9910
4038 9904
4008 9898
3977 9891
3946 9885
3915 9878
3885 9871
3854 9864
3823 9857
3793 9849
3762 9842
3732 9834
3702 9826
3671 9817
3641 9809
3611 9800
3581 9792
3551 9783
3520 9773
3490 9764
3461 9754
3431 9745
3401 9735
3371 9724
3341 9714
3312 9704
3282 9693
3253 9682
3223 9671
3194 9660
3165 9648
3135 9637
3106 9625
3077 9613
3048 9601
3019 9588
2991 9576
2962 9563
2933 9550
2905 9537
2876 9524
2848 9510
2819 9497
2791 9483
2763 9469
2735 9455
2707 9440
2679 9426
2651 9411
2623 9396
2596 9381
2568 9366
2541 9351
2514 9335
2486 9320
2459 9304
2432 9288
2405 9271
2379 9255
2352 9238
2325 9222
2299 9205
2272 9188
2246 9170
2220 9153
2194 9135
2168 9118
2142 9100
2116 9082
2091 9064
2065 9045
2040 9027
2014 9008
1989 8989
1964 8970
1939 8951
1914 8932
1890 8912
1865 8893
1841 8873
1817 8853
1792 8833
1768 8812
1744 8792
1721 8772
1697 8751
1673 8730
1650 8709
1627 8688
1604 8667
1581 8645
1558 8624
1535 8602
1512 8580
1490 8558
1468 8536
1445 8514
1423 8491
1402 8469
1380 8446
1358 8423
1337 8400
1315 8377
1294 8354
1273 8330
1252 8307
1232 8283
1211 8260
1191 8236
1170 8212
1150 8188
1130 8163
1110 8139
1091 8114
1071 8090
1052 8065
1033 8040
1014 8015
995 7990
976 7965
957 7939
939 7914
921 7888
903 7863
885 7837
867 7811
849 7785
832 7759
815 7732
798 7706
781 7679
764 7653
747 7626
731 7599
714 7572
698 7545
682 7518
667 7491
651 7464
636 7436
620 7409
605 7381
590 7354
576 7326
561 7298
547 7270
533 7242
519 7214
505 7186
491 7157
478 7129
464 7101
451 7072
438 7043
425 7015
413 6986
400 6957
388 6928
376 6899
364 6870
353 6841
341 6811
330 6782
319 6753
308 6723
297 6694
286 6664
276 6634
266 6605
256 6575
246 6545
236 6515
227 6485
218 6455
209 6425
200 6395
191 6365
183 6334
174 6304
166 6274
158 6243
151 6213
143 6182
136 6152
129 6121
122 6090
115 6060
108 6029
102 5998
96 5967
90 5936
84 5906
78 5875
73 5844
68 5813
63 5782
58 5751
53 5719
49 5688
45 5657
40 5626
37 5595
33 5564
30 5532
26 5501
23 5470
20 5439
18 5407
15 5376
13 5345
11 5313
9 5282
7 5250
6 5219
5 5188
3 5156
2 5093
1 5062
1 5030
1 4999
1 4968
1 4936
2 4905
3 4873
3 4842
5 4810
6 4779
7 4748
9 4716
11 4685
13 4653
15 4622
18 4591
20 4559
23 4528
26 4497
30 4466
33 4434
37 4403
40 4372
45 4341
49 4310
53 4279
58 4247
63 4216
68 4185
73 4154
78 4123
84 4092
90 4062
96 4031
102 4000
108 3969
115 3938
122 3908
129 3877
136 3846
143 3816
151 3785
158 3755
166 3724
174 3694
183 3664
191 3633
200 3603
209 3573
218 3543
227 3513
236 3483
246 3453
256 3423
266 3393
276 3364
286 3334
297 3304
308 3275
319 3245
330 3216
341 3187
353 3157
364 3128
376 3099
388 3070
400 3041
413 3012
425 2983
438 2955
451 2926
464 2897
478 2869
491 2841
505 2812
519 2784
533 2756
547 2728
561 2700
576 2672
590 2644
605 2617
620 2589
636 2562
651 2534
667 2507
682 2480
698 2453
714 2426
731 2399
747 2372
764 2345
781 2319
798 2292
815 2266
832 2239
849 2213
867 2187
885 2161
903 2135
921 2110
939 2084
957 2059
976 2033
995 2008
1014 1983
1033 1958
1052 1933
1071 1908
1091 1884
1110 1859
1130 1835
1150 1810
1170 1786
1191 1762
1211 1738
1232 1715
1252 1691
1273 1668
1294 1644
1315 1621
1337 1598
1358 1575
1380 1552
1402 1529
1423 1507
1445 1484
1468 1462
1490 1440
1512 1418
1535 1396
1558 1374
1581 1353
1604 1331
1627 1310
1650 1289
1673 1268
1697 1247
1721 1226
1744 1206
1768 1186
1792 1165
1817 1145
1841 1125
1865 1105
1890 1086
1914 1066
1939 1047
1964 1028
1989 1009
2014 990
2040 971
2065 953
2091 934
2116 916
2142 898
2168 880
2194 863
2220 845
2246 828
2272 810
2299 793
2325 776
2352 760
2379 743
2405 727
2432 710
2459 694
2486 678
2514 663
2541 647
2568 632
2596 617
2623 602
2651 587
2679 572
2707 558
2735 543
2763 529
2791 515
2819 501
2848 488
2876 474
2905 461
2933 448
2962 435
2991 422
3019 410
3048 397
3077 385
3106 373
3135 361
3165 350
3194 338
3223 327
3253 316
3282 305
3312 294
3341 284
3371 274
3401 263
3431 253
3461 244
3490 234
3520 225
3551 215
3581 206
3611 198
3641 189
3671 181
3702 172
3732 164
3762 156
3793 149
3823 141
3854 134
3885 127
3915 120
3946 113
3977 107
4008 100
4038 94
4069 88
4100 82
4131 77
4162 72
4193 66
4224 61
4255 57
4286 52
4317 48
4349 44
4380 40
4411 36
4442 32
4473 29
4505 26
4536 22
4567 20
4599 17
4630 15
4661 12
4693 10
4724 9
4755 7
4787 6
4818 4
4850 3
4881 2
4913 2
4944 1
4975 1
5007 1
5038 1
5070 2
5101 2
5133 3
5164 4
5195 5
5227 6
5258 8
5290 9
5321 11
5352 14
5384 16
5415 18
5446 21
5478 24
5509 27
5540 30
5571 34
5603 38
5634 41
5665 46
5696 50
5727 54
5758 59
5789 64
5820 69
5851 74
5882 80
5913 85
5944 91
5975 97
6006 103
6037 110
6067 117
6098 123
6129 130
6159 138
6190 145
6220 153
6251 160
6281 168
6312 176
6342 185
6372 193
6402 202
6432 211
6463 220
6493 229
6523 239
6552 249
6582 258
6612 268
6642 279
6671 289
6701 300
6731 311
6760 322
6789 333
6819 344
6848 356
6877 367
6906 379
6935 391
6964 404
6993 416
7022 429
7051 441
7079 454
7108 468
7136 481
7165 494
7193 508
7221 522
7249 536
7277 550
7305 565
7333 579
7361 594
7388 609
7416 624
7443 640
7471 655
7498 671
7525 686
7552 702
7579 719
7606 735
7633 751
7660 768
7686 785
7713 802
7739 819
7765 836
7791 854
7817 871
7843 889
7869 907
7895 925
7920 944
7946 962
7971 981
7996 999
8021 1018
8046 1037
8071 1057
8096 1076
8120 1096
8145 1115
8169 1135
8194 1155
8218 1175
8242 1196
8266 1216
8289 1237
8313 1258
8336 1278
8360 1300
8383 1321
8406 1342
8429 1364
8452 1385
8474 1407
8497 1429
8519 1451
8541 1473
8564 1496
8586 1518
8607 1541
8629 1563
8651 1586
8672 1609
8693 1633
8714 1656
8735 1679
8756 1703
8777 1727
8797 1750
8818 1774
8838 1798
8858 1823
8878 1847
8897 1871
8917 1896
8937 1921
8956 1946
8975 1970
8994 1996
9013 2021
9031 2046
9050 2071
9068 2097
9086 2123
9104 2148
9122 2174
9140 2200
9157 2226
9175 2253
9192 2279
9209 2305
9226 2332
9243 2358
9259 2385
9275 2412
9292 2439
9308 2466
9323 2493
9339 2520
9355 2548
9370 2575
9385 2603
9400 2630
9415 2658
9430 2686
9444 2714
9458 2742
9472 2770
9486 2798
9500 2826
9514 2855
9527 2883
9540 2912
9553 2940
9566 2969
9579 2998
9591 3027
9604 3056
9616 3085
9628 3114
9640 3143
9651 3172
9662 3201
9674 3231
9685 3260
9696 3290
9706 3319
9717 3349
9727 3378
9737 3408
9747 3438
9757 3468
9766 3498
9776 3528
9785 3558
9794 3588
9803 3618
9811 3649
9820 3679
9828 3709
9836 3740
9844 3770
9851 3801
9859 3831
9866 3862
9873 3892
9880 3923
9886 3954
9893 3984
9899 4015
9905 4046
9911 4077
9917 4108
9922 4139
9928 4170
9933 4201
9938 4232
9943 4263
9947 4294
9951 4325
9956 4356
9959 4388
9963 4419
9967 4450
9970 4481
9973 4513
9976 4544
9979 4575
9982 4606
9984 4638
9986 4669
9988 4701
9990 4732
9991 4763
9993 4795
9994 4826
9995 4858
9996 4889
9996 4920
9997 4952
9997 4983
9997 4999 1
9997 5030 1
9997 5062 1
9996 5093 1
9995 5125 1
9995 5156 1
9993 5188 1
9992 5219 1
9991 5250 1
9989 5282 1
9987 5313 1
9985 5345 1
9983 5376 1
9980 5407 1
9978 5439 1
9975 5470 1
9972 5501 1
9968 5532 1
9965 5564 1
9961 5595 1
9958 5626 1
9953 5657 1
9949 5688 1
9945 5719 1
9940 5751 1
9935 5782 1
9930 5813 1
9925 5844 1
9920 5875 1
9914 5906 1
9908 5936 1
9902 5967 1
9896 5998 1
9890 6029 1
9883 6060 1
9876 6090 1
9869 6121 1
9862 6152 1
9855 6182 1
9847 6213 1
9840 6243 1
9832 6274 1
9824 6304 1
9815 6334 1
9807 6365 1
9798 6395 1
9789 6425 1
9780 6455 1
9771 6485 1
9762 6515 1
9752 6545 1
9742 6575 1
9732 6605 1
9722 6634 1
9712 6664 1
9701 6694 1
9690 6723 1
9679 6753 1
9668 6782 1
9657 6811 1
9645 6841 1
9634 6870 1
9622 6899 1
9610 6928 1
9598 6957 1
9585 6986 1
9573 7015 1
9560 7043 1
9547 7072 1
9534 7101 1
9520 7129 1
9507 7157 1
9493 7186 1
9479 7214 1
9465 7242 1
9451 7270 1
9437 7298 1
9422 7326 1
9408 7354 1
9393 7381 1
9378 7409 1
9362 7436 1
9347 7464 1
9331 7491 1
9316 7518 1
9300 7545 1
9284 7572 1
9267 7599 1
9251 7626 1
9234 7653 1
9217 7679 1
9200 7706 1
9183 7732 1
9166 7759 1
9149 7785 1
9131 7811 1
9113 7837 1
9095 7863 1
9077 7888 1
9059 7914 1
9041 7939 1
9022 7965 1
9003 7990 1
8984 8015 1
8965 8040 1
8946 8065 1
8927 8090 1
8907 8114 1
8888 8139 1
8868 8163 1
8848 8188 1
8828 8212 1
8807 8236 1
8787 8260 1
8766 8283 1
8746 8307 1
8725 8330 1
8704 8354 1
8683 8377 1
8661 8400 1
8640 8423 1
8618 8446 1
8596 8469 1
8575 8491 1
8553 8514 1
8530 8536 1
8508 8558 1
8486 8580 1
8463 8602 1
8440 8624 1
8417 8645 1
8394 8667 1
8371 8688 1
8348 8709 1
8325 8730 1
8301 8751 1
8277 8772 1
8254 8792 1
8230 8812 1
8206 8833 1
8181 8853 1
8157 8873 1
8133 8893 1
8108 8912 1
8084 8932 1
8059 8951 1
8034 8970 1
8009 8989 1
7984 9008 1
7958 9027 1
7933 9045 1
7907 9064 1
7882 9082 1
7856 9100 1
7830 9118 1
7804 9135 1
7778 9153 1
7752 9170 1
7726 9188 1
7699 9205 1
7673 9222 1
7646 9238 1
7619 9255 1
7593 9271 1
7566 9288 1
7539 9304 1
7512 9320 1
7484 9335 1
7457 9351 1
7430 9366 1
7402 9381 1
7375 9396 1
7347 9411 1
7319 9426 1
7291 9440 1
7263 9455 1
7235 9469 1
7207 9483 1
7179 9497 1
7150 9510 1
7122 9524 1
7093 9537 1
7065 9550 1
7036 9563 1
7007 9576 1
6979 9588 1
6950 9601 1
6921 9613 1
6892 9625 1
6863 9637 1
6833 9648 1
6804 9660 1
6775 9671 1
6745 9682 1
6716 9693 1
6686 9704 1
6657 9714 1
6627 9724 1
6597 9735 1
6567 9745 1
6537 9754 1
6508 9764 1
6478 9773 1
6447 9783 1
6417 9792 1
6387 9800 1
6357 9809 1
6327 9817 1
6296 9826 1
6266 9834 1
6236 9842 1
6205 9849 1
6175 9857 1
6144 9864 1
6113 9871 1
6083 9878 1
6052 9885 1
6021 9891 1
5990 9898 1
5960 9904 1
5929 9910 1
5898 9916 1
5867 9921 1
5836 9926 1
5805 9932 1
5774 9937 1
5743 9941 1
5712 9946 1
5681 9950 1
5649 9954 1
5618 9958 1
5587 9962 1
5556 9966 1
5525 9969 1
5493 9972 1
5462 9976 1
5431 9978 1
5399 9981 1
5368 9983 1
5337 9986 1
5305 9988 1
5274 9989 1
5243 9991 1
5180 9994 1
5148 9995 1
5117 9996 1
5085 9996 1
5054 9997 1
5023 9997 1
4991 9997 1
4960 9997 1
4928 9996 1
4897 9996 1
4865 9995 1
4834 9994 1
4803 9993 1
4771 9992 1
4740 9990 1
4708 9989 1
4677 9987 1
4646 9984 1
4614 9982 1
4583 9980 1
4552 9977 1
4520 9974 1
4489 9971 1
4458 9968 1
4427 9964 1
4395 9960 1
4364 9957 1
4333 9952 1
4302 9948 1
4271 9944 1
4240 9939 1
4209 9934 1
4147 9924 1
4116 9918 1
4085 9913 1
4054 9907 1
4023 9901 1
3992 9895 1
3961 9888 1
3931 9881 1
3900 9875 1
3869 9868 1
3839 9860 1
3808 9853 1
3778 9845 1
3747 9838 1
3717 9830 1
3686 9822 1
3656 9813 1
3626 9805 1
3596 9796 1
3566 9787 1
3535 9778 1
3505 9769 1
3475 9759 1
3446 9749 1
3416 9740 1
3386 9730 1
3356 9719 1
3327 9709 1
3297 9698 1
3267 9687 1
3238 9676 1
3209 9665 1
3179 9654 1
3150 9642 1
3121 9631 1
3092 9619 1
3063 9607 1
3034 9594 1
3005 9582 1
2976 9569 1
2947 9557 1
2919 9544 1
2890 9530 1
2862 9517 1
2833 9504 1
2805 9490 1
2777 9476 1
2749 9462 1
2721 9448 1
2693 9433 1
2665 9419 1
2637 9404 1
2610 9389 1
2582 9374 1
2555 9358 1
2527 9343 1
2500 9327 1
2473 9312 1
2446 9296 1
2419 9279 1
2392 9263 1
2365 9247 1
2338 9230 1
2312 9213 1
2285 9196 1
2259 9179 1
2233 9162 1
2207 9144 1
2181 9127 1
2155 9109 1
2129 9091 1
2103 9073 1
2078 9054 1
2052 9036 1
2027 9017 1
2002 8999 1
1977 8980 1
1952 8961 1
1927 8941 1
1902 8922 1
1878 8902 1
1853 8883 1
1829 8863 1
1804 8843 1
1780 8823 1
1756 8802 1
1732 8782 1
1709 8761 1
1685 8740 1
1662 8720 1
1638 8698 1
1615 8677 1
1592 8656 1
1569 8634 1
1546 8613 1
1524 8591 1
1501 8569 1
1479 8547 1
1457 8525 1
1434 8502 1
1412 8480 1
1391 8457 1
1369 8435 1
1347 8412 1
1326 8389 1
1305 8365 1
1284 8342 1
1263 8319 1
1242 8295 1
1221 8271 1
1201 8248 1
1180 8224 1
1160 8200 1
1140 8175 1
1120 8151 1
1101 8127 1
1081 8102 1
1061 8077 1
1042 8052 1
1023 8028 1
1004 8002 1
985 7977 1
967 7952 1
948 7927 1
930 7901 1
912 7875 1
894 7850 1
876 7824 1
858 7798 1
841 7772 1
823 7745 1
806 7719 1
789 7693 1
772 7666 1
755 7640 1
739 7613 1
723 7586 1
706 7559 1
690 7532 1
675 7505 1
659 7478 1
643 7450 1
628 7423 1
613 7395 1
598 7368 1
583 7340 1
568 7312 1
554 7284 1
540 7256 1
526 7228 1
512 7200 1
498 7172 1
484 7143 1
471 7115 1
458 7086 1
445 7058 1
432 7029 1
419 7000 1
407 6971 1
394 6942 1
382 6913 1
370 6884 1
358 6855 1
347 6826 1
336 6797 1
324 6767 1
313 6738 1
302 6708 1
292 6679 1
281 6649 1
271 6620 1
261 6590 1
251 6560 1
241 6530 1
232 6500 1
222 6470 1
213 6440 1
204 6410 1
195 6380 1
187 6349 1
178 6319 1
170 6289 1
162 6258 1
154 6228 1
147 6197 1
139 6167 1
132 6136 1
125 6106 1
118 6075 1
112 6044 1
105 6014 1
99 5983 1
93 5952 1
87 5921 1
81 5890 1
76 5859 1
70 5828 1
65 5797 1
60 5766 1
55 5735 1
51 5704 1
47 5673 1
42 5642 1
39 5610 1
35 5579 1
31 5548 1
28 5517 1
25 5485 1
22 5454 1
19 5423 1
16 5392 1
14 5360 1
12 5329 1
10 5297 1
8 5266 1
7 5235 1
5 5203 1
4 5172 1
3 5140 1
2 5109 1
2 5078 1
1 5046 1
1 5015 1
4999 4999 4996
1 4983 1
1 4952 1
2 4920 1
2 4889 1
3 4858 1
4 4826 1
5 4795 1
7 4763 1
8 4732 1
10 4701 1
12 4669 1
14 4638 1
16 4606 1
19 4575 1
22 4544 1
25 4513 1
28 4481 1
31 4450 1
35 4419 1
39 4388 1
42 4356 1
47 4325 1
51 4294 1
55 4263 1
60 4232 1
65 4201 1
70 4170 1
76 4139 1
81 4108 1
87 4077 1
93 4046 1
99 4015 1
105 3984 1
112 3954 1
118 3923 1
125 3892 1
132 3862 1
139 3831 1
147 3801 1
154 3770 1
162 3740 1
170 3709 1
178 3679 1
187 3649 1
195 3618 1
204 3588 1
213 3558 1
222 3528 1
232 3498 1
241 3468 1
251 3438 1
261 3408 1
271 3378 1
281 3349 1
292 3319 1
302 3290 1
313 3260 1
324 3231 1
336 3201 1
347 3172 1
358 3143 1
370 3114 1
382 3085 1
394 3056 1
407 3027 1
419 2998 1
432 2969 1
445 2940 1
458 2912 1
471 2883 1
484 2855 1
498 2826 1
512 2798 1
526 2770 1
540 2742 1
554 2714 1
568 2686 1
583 2658 1
598 2630 1
613 2603 1
628 2575 1
643 2548 1
659 2520 1
675 2493 1
690 2466 1
706 2439 1
723 2412 1
739 2385 1
755 2358 1
772 2332 1
789 2305 1
806 2279 1
823 2253 1
841 2226 1
858 2200 1
876 2174 1
894 2148 1
912 2123 1
930 2097 1
948 2071 1
967 2046 1
985 2021 1
1004 1996 1
1023 1970 1
1042 1946 1
1061 1921 1
1081 1896 1
1101 1871 1
1120 1847 1
1140 1823 1
1160 1798 1
1180 1774 1
1201 1750 1
1221 1727 1
1242 1703 1
1263 1679 1
1284 1656 1
1305 1633 1
1326 1609 1
1347 1586 1
1369 1563 1
1391 1541 1
1412 1518 1
1434 1496 1
1457 1473 1
1479 1451 1
1501 1429 1
1524 1407 1
1546 1385 1
1569 1364 1
1592 1342 1
1615 1321 1
1638 1300 1
1662 1278 1
1685 1258 1
1709 1237 1
1732 1216 1
1756 1196 1
1780 1175 1
1804 1155 1
1829 1135 1
1853 1115 1
1878 1096 1
1902 1076 1
1927 1057 1
1952 1037 1
1977 1018 1
2002 999 1
2027 981 1
2052 962 1
2078 944 1
2103 925 1
2129 907 1
2155 889 1
2181 871 1
2207 854 1
2233 836 1
2259 819 1
2285 802 1
2312 785 1
2338 768 1
2365 751 1
2392 735 1
2419 719 1
2446 702 1
2473 686 1
2500 671 1
2527 655 1
2555 640 1
2582 624 1
2610 609 1
2637 594 1
2665 579 1
2693 565 1
2721 550 1
2749 536 1
2777 522 1
2805 508 1
2833 494 1
2862 481 1
2890 468 1
2919 454 1
2947 441 1
2976 429 1
3005 416 1
3034 404 1
3063 391 1
3092 379 1
3121 367 1
3150 356 1
3179 344 1
3209 333 1
3238 322 1
3267 311 1
3297 300 1
3327 289 1
3356 279 1
3386 268 1
3416 258 1
3446 249 1
3475 239 1
3505 229 1
3535 220 1
3566 211 1
3596 202 1
3626 193 1
3656 185 1
3686 176 1
3717 168 1
3747 160 1
3778 153 1
3808 145 1
3839 138 1
3869 130 1
3900 123 1
3931 117 1
3961 110 1
3992 103 1
4023 97 1
4054 91 1
4085 85 1
4116 80 1
4147 74 1
4178 69 1
4209 64 1
4240 59 1
4271 54 1
4302 50 1
4333 46 1
4364 41 1
4395 38 1
4427 34 1
4458 30 1
4489 27 1
4520 24 1
4552 21 1
4583 18 1
4614 16 1
4646 14 1
4677 11 1
4708 9 1
4740 8 1
4771 6 1
4803 5 1
4834 4 1
4865 3 1
4897 2 1
4928 2 1
4960 1 1
4991 1 1
5023 1 1
5054 1 1
5085 2 1
5117 2 1
5148 3 1
5180 4 1
5211 6 1
5243 7 1
5274 9 1
5305 10 1
5337 12 1
5368 15 1
5399 17 1
5431 20 1
5462 22 1
5493 26 1
5525 29 1
5556 32 1
5587 36 1
5618 40 1
5649 44 1
5681 48 1
5712 52 1
5743 57 1
5774 61 1
5805 66 1
5836 72 1
5867 77 1
5898 82 1
5929 88 1
5960 94 1
5990 100 1
6021 107 1
6052 113 1
6083 120 1
6113 127 1
6175 141 1
6205 149 1
6236 156 1
6266 164 1
6296 172 1
6327 181 1
6357 189 1
6387 198 1
6417 206 1
6447 215 1
6478 225 1
6508 234 1
6537 244 1
6567 253 1
6597 263 1
6627 274 1
6657 284 1
6686 294 1
6716 305 1
6745 316 1
6775 327 1
6804 338 1
6833 350 1
6863 361 1
6892 373 1
6921 385 1
6950 397 1
6979 410 1
7007 422 1
7036 435 1
7065 448 1
7093 461 1
7122 474 1
7150 488 1
7179 501 1
7207 515 1
7235 529 1
7263 543 1
7291 558 1
7319 572 1
7347 587 1
7375 602 1
7402 617 1
7430 632 1
7457 647 1
7484 663 1
7512 678 1
7539 694 1
7593 727 1
7619 743 1
7646 760 1
7673 776 1
7699 793 1
7726 810 1
7752 828 1
7778 845 1
7804 863 1
7830 880 1
7856 898 1
7882 916 1
7907 934 1
7933 953 1
7958 971 1
7984 990 1
8009 1009 1
8034 1028 1
8059 1047 1
8084 1066 1
8108 1086 1
8133 1105 1
8157 1125 1
8181 1145 1
8206 1165 1
8230 1186 1
8254 1206 1
8277 1226 1
8301 1247 1
8325 1268 1
8348 1289 1
8371 1310 1
8394 1331 1
8417 1353 1
8440 1374 1
8463 1396 1
8486 1418 1
8508 1440 1
8530 1462 1
8553 1484 1
8575 1507 1
8596 1529 1
8618 1552 1
8640 1575 1
8661 1598 1
8683 1621 1
8704 1644 1
8725 1668 1
8746 1691 1
8766 1715 1
8787 1738 1
8807 1762 1
8828 1786 1
8848 1810 1
8868 1835 1
8888 1859 1
8927 1908 1
8946 1933 1
8965 1958 1
8984 1983 1
9003 2008 1
9022 2033 1
9041 2059 1
9059 2084 1
9077 2110 1
9095 2135 1
9113 2161 1
9131 2187 1
9149 2213 1
9166 2239 1
9183 2266 1
9200 2292 1
9217 2319 1
9234 2345 1
9251 2372 1
9267 2399 1
9284 2426 1
9300 2453 1
9316 2480 1
9331 2507 1
9347 2534 1
9362 2562 1
9378 2589 1
9393 2617 1
9408 2644 1
9422 2672 1
9437 2700 1
9451 2728 1
9465 2756 1
9479 2784 1
9493 2812 1
9507 2841 1
9520 2869 1
9534 2897 1
9547 2926 1
9560 2955 1
9573 2983 1
9585 3012 1
9598 3041 1
9610 3070 1
9622 3099 1
9634 3128 1
9645 3157 1
9657 3187 1
9668 3216 1
9679 3245 1
9690 3275 1
9701 3304 1
9712 3334 1
9722 3364 1
9732 3393 1
9742 3423 1
9752 3453 1
9762 3483 1
9771 3513 1
9780 3543 1
9789 3573 1
9798 3603 1
9807 3633 1
9815 3664 1
9824 3694 1
9832 3724 1
9840 3755 1
9847 3785 1
9855 3816 1
9862 3846 1
9869 3877 1
9876 3908 1
9883 3938 1
9890 3969 1
9896 4000 1
9902 4031 1
9908 4062 1
9914 4092 1
9920 4123 1
9925 4154 1
9930 4185 1
9935 4216 1
9940 4247 1
9945 4279 1
9949 4310 1
9953 4341 1
9958 4372 1
9961 4403 1
9965 4434 1
9968 4466 1
9972 4497 1
9975 4528 1
9978 4559 1
9980 4591 1
9983 4622 1
9985 4653 1
9987 4685 1
9989 4716 1
9991 4748 1
9992 4779 1
9993 4810 1
9995 4842 1
9995 4873 1
9996 4905 1
9997 4936 1
9997 4968 1
