80 80
925 55
53 809
118 289
549 758
736 777
35 843
127 801
621 359
34 117
351 876
62 930
418 172
712 131
810 82
266 348
650 437
97 591
105 302
914 471
642 373
45 562
137 518
998 962
192 511
21 842
699 526
259 748
303 997
444 236
322 909
306 79
558 290
738 158
933 671
614 733
27 52
676 559
88 500
855 32
54 466
57 576
122 530
889 318
762 185
499 721
884 603
854 426
883 417
30 109
35 723
894 754
191 505
434 167
301 46
821 564
918 245
922 164
588 858
264 428
401 514
731 296
373 882
771 868
897 451
497 151
867 8
834 825
926 472
698 915
801 615
321 226
73 523
450 299
706 217
385 511
182 244
538 384
581 195
460 820
808 147
895 812 57
376 961 55
998 204 45
777 806 46
416 680 61
434 89 50
338 329 58
82 999 48
770 658 48
897 538 54
7 510 52
522 236 55
669 7 56
771 404 48
493 473 54
985 109 50
644 139 46
866 708 49
753 915 46
503 971 52
151 733 45
38 341 61
595 432 46
653 875 51
4 4 45
857 81 45
657 635 45
965 421 62
377 1 46
862 359 48
925 980 46
127 887 60
570 701 49
637 990 63
389 439 48
35 665 49
20 905 46
207 812 49
111 435 57
252 242 46
263 499 63
236 963 62
377 226 45
987 882 45
11 765 45
471 359 57
731 89 46
515 867 47
304 160 48
998 642 53
165 584 56
958 288 46
775 252 57
855 916 46
532 592 63
874 192 49
93 40 50
130 220 48
592 798 47
990 750 50
640 515 48
997 527 45
352 568 45
687 744 58
319 809 61
633 297 62
279 703 49
203 126 58
966 2 49
3 172 52
804 994 45
266 608 45
548 137 45
500 774 46
192 337 62
418 867 47
246 8 58
556 17 54
775 0 50
760 540 58
