8 50
3 3
3 1
3 6
3 5
1 8 8
2 1 5
1 2 6
3 1
1 7 1
2 2 3
3 4
1 4 6
1 6 8
3 2
3 2
2 3 6
3 2
2 5 3
1 5 3
2 3 3
1 1 2
2 2 1
1 6 3
2 4 6
1 7 8
1 2 6
1 7 6
2 6 4
1 5 4
1 5 4
3 3
3 5
3 1
1 8 5
3 7
1 7 1
3 8
1 4 3
2 8 1
3 5
1 1 4
1 2 3
2 3 7
2 3 5
2 6 8
2 8 6
3 8
1 1 7
3 8
2 5 3
96 120
1 72 2
3 74
1 3 54
3 7
1 69 47
2 75 67
2 19 5
2 39 40
2 52 74
2 9 52
3 82
2 80 53
3 33
1 58 15
2 12 88
1 13 80
3 93
1 32 66
3 38
2 18 27
3 4
2 74 82
2 45 12
1 16 32
2 52 13
2 41 81
3 41
1 80 16
2 18 33
2 88 19
1 95 21
2 82 28
1 87 73
3 76
1 84 52
2 60 8
3 37
2 23 5
1 58 22
1 9 81
3 22
1 15 31
2 69 59
1 9 30
2 58 51
3 34
1 44 48
1 6 75
1 73 6
2 23 15
1 61 75
1 41 75
1 46 6
3 27
3 80
1 4 58
3 48
2 74 6
1 93 46
1 94 89
1 49 71
3 68
3 83
1 20 87
1 95 44
1 90 3
3 81
2 46 58
1 56 84
1 86 20
2 88 4
3 4
1 64 37
2 27 68
1 75 81
1 46 20
1 17 79
1 65 44
3 41
3 12
2 95 93
2 9 47
2 47 42
3 7
2 83 73
2 51 92
1 15 19
3 31
3 13
3 49
1 9 87
1 21 24
1 34 6
1 35 75
3 94
3 93
2 54 41
1 13 28
2 32 43
1 75 18
1 30 81
3 12
3 46
3 96
3 28
3 66
3 51
2 6 78
3 8
2 26 2
2 78 95
3 41
1 89 25
1 29 84
1 92 75
1 76 9
3 32
1 78 22
1 17 39
1 60 71
112 164
2 78 112
2 44 76
2 61 79
2 77 106
2 102 32
1 61 41
1 88 63
2 34 38
2 1 40
2 58 52
1 105 38
2 40 46
3 15
2 76 41
2 40 27
3 84
2 71 47
2 48 66
3 7
1 77 54
1 8 25
2 45 93
1 44 33
1 52 101
1 37 22
1 6 7
1 17 7
1 30 52
1 100 110
2 10 77
2 30 54
3 95
1 18 103
2 47 31
3 99
2 104 97
3 109
1 76 52
3 21
3 23
2 8 86
1 70 98
3 80
2 31 112
3 112
2 112 60
3 14
2 3 43
2 1 89
2 71 10
2 29 26
2 108 39
2 102 29
3 91
1 53 32
3 106
2 94 94
3 12
1 68 110
1 22 36
3 21
3 33
2 80 48
3 88
3 50
1 103 72
3 11
3 86
3 96
3 12
3 75
3 10
2 2 75
3 25
1 3 40
2 19 28
1 27 37
3 101
1 40 84
3 58
3 86
3 53
3 32
1 111 35
2 87 98
3 77
3 17
3 23
1 103 21
1 55 86
3 94
3 38
1 55 105
1 94 58
3 89
1 52 87
1 74 71
2 104 36
1 19 112
1 101 31
1 63 85
2 37 107
3 93
1 38 40
2 52 22
2 105 92
3 36
1 34 102
1 48 5
1 24 55
2 81 50
1 75 31
2 93 106
3 5
1 28 11
2 80 46
1 70 73
1 29 27
2 112 11
1 62 63
3 99
2 43 16
1 28 98
2 100 106
2 43 4
1 32 43
1 104 35
3 82
3 77
2 9 44
1 20 95
2 99 76
3 43
3 98
3 25
1 3 108
1 24 43
2 33 52
1 17 45
2 11 31
2 5 96
2 104 92
1 96 103
2 102 57
1 52 56
3 52
3 104
3 45
1 67 92
2 93 46
1 107 20
2 20 110
2 76 63
3 24
3 80
2 28 88
3 37
3 28
2 87 99
2 69 104
2 70 32
2 58 62
1 95 9
1 43 105
195 131
1 180 58
3 63
2 122 19
3 122
1 177 161
1 81 110
3 55
3 161
1 71 114
1 128 79
3 183
1 76 89
2 125 4
3 72
1 40 121
1 11 179
1 70 135
3 55
1 129 41
1 61 172
3 177
2 140 106
3 75
1 155 76
3 57
1 10 1
2 151 84
2 88 67
1 189 44
3 105
1 35 174
1 22 17
2 2 150
3 46
2 187 173
1 7 133
3 54
3 53
2 109 48
1 191 184
1 4 136
1 182 164
2 136 64
3 71
2 99 158
3 147
1 120 60
2 40 8
2 75 58
1 87 163
2 184 66
2 114 58
1 194 176
2 53 84
2 88 182
1 17 132
2 105 122
1 140 17
2 77 30
2 150 131
3 152
2 21 178
1 152 90
3 38
2 184 171
2 75 25
2 60 175
1 168 120
3 118
2 145 6
1 122 167
3 64
3 94
2 17 124
3 184
2 158 90
2 45 142
3 186
1 88 87
1 92 59
2 77 100
2 65 149
3 9
1 89 99
1 52 84
3 180
3 112
3 115
3 12
1 89 164
3 164
3 24
2 137 89
2 64 161
3 69
2 75 74
1 88 39
2 104 146
1 61 45
2 78 110
3 126
1 96 130
2 94 1
1 60 136
1 98 119
2 62 5
3 176
2 142 40
3 119
3 5
3 81
1 176 188
1 145 78
2 191 172
3 116
1 69 41
3 96
2 155 129
1 32 191
1 15 83
1 89 118
1 23 10
3 71
3 41
2 77 142
3 65
1 194 12
2 47 141
1 116 14
3 52
3 44
148 109
1 94 21
3 113
1 122 95
3 79
3 129
2 98 86
2 73 80
2 38 28
2 53 138
1 108 24
3 54
3 76
3 5
1 52 24
2 147 28
3 64
2 107 130
3 4
3 52
3 130
3 116
1 140 7
3 65
3 25
3 80
2 97 26
1 114 56
3 127
3 32
1 131 28
1 76 106
3 51
1 118 147
3 53
2 91 90
1 33 75
1 70 34
2 66 53
3 36
2 101 140
2 17 48
3 50
3 32
3 114
2 65 137
1 76 133
1 88 116
2 87 85
3 105
3 106
2 20 17
2 15 1
2 88 107
1 119 96
3 102
1 54 148
2 115 20
1 108 64
2 143 38
3 127
3 76
2 115 64
1 95 34
2 140 117
3 90
3 108
2 51 73
1 87 83
1 128 68
3 75
2 39 98
2 115 55
3 75
3 66
2 110 120
2 10 52
2 28 53
1 148 116
2 103 30
2 31 29
3 28
1 22 31
3 38
2 77 59
1 135 147
1 37 24
2 66 146
2 119 101
1 132 96
3 133
3 50
2 40 99
1 32 102
2 58 146
3 138
2 5 80
1 53 145
2 87 51
1 36 2
3 134
1 32 53
3 95
2 104 56
2 6 4
1 25 37
2 139 48
2 70 79
1 104 126
3 118
105 3
2 86 12
1 89 63
2 15 73
150 126
2 64 67
2 149 30
1 15 6
3 58
3 65
2 48 100
2 30 127
2 99 136
3 119
1 104 134
3 60
1 35 76
2 137 130
3 101
1 143 149
3 132
3 57
3 18
2 21 59
2 97 105
3 14
1 135 107
1 113 114
3 75
3 74
1 78 70
3 132
3 140
3 48
1 59 71
1 119 2
3 93
2 57 141
1 119 21
2 50 35
2 72 92
3 18
3 126
3 93
2 97 138
3 66
2 16 11
2 76 110
1 24 85
3 115
3 26
2 28 123
3 23
1 84 18
3 141
1 113 146
3 117
1 78 129
1 73 88
1 82 127
1 31 96
1 70 63
3 113
3 44
1 77 134
2 97 93
3 60
1 23 91
3 16
3 52
1 78 18
3 116
3 50
1 31 27
2 82 28
1 148 44
1 130 123
3 54
1 28 125
1 128 7
1 23 52
3 99
2 95 28
2 10 28
3 2
3 121
2 78 96
3 15
2 118 74
1 55 119
3 76
2 8 67
2 43 113
2 91 56
2 57 52
3 121
1 136 3
1 86 61
3 14
1 2 111
3 148
2 24 39
2 33 60
1 146 53
1 40 70
2 137 8
1 1 97
1 16 45
2 75 68
1 96 17
2 92 42
3 7
2 98 110
1 73 86
2 20 71
2 149 104
1 27 34
2 94 54
1 125 117
1 31 132
3 26
3 109
3 22
1 7 73
1 54 126
3 106
1 46 103
2 32 1
3 48
3 52
1 80 147
30 102
1 1 22
1 3 2
1 11 15
1 14 26
1 2 17
2 19 17
1 3 27
3 1
2 3 22
1 20 9
1 7 3
2 24 9
2 30 27
1 13 24
2 30 6
2 3 12
1 12 20
1 18 7
3 17
3 15
3 28
1 14 24
3 11
1 27 19
1 4 8
3 6
1 29 4
1 8 12
1 5 25
3 16
1 15 11
1 14 3
3 22
1 3 10
2 14 6
3 15
3 2
3 29
2 5 8
3 19
2 26 5
1 27 14
3 21
2 23 21
1 3 26
1 8 15
1 5 21
2 7 7
2 4 23
2 29 6
2 16 7
2 26 28
3 4
3 14
3 22
3 22
1 1 26
3 22
1 27 30
3 25
1 24 4
2 24 4
3 23
3 22
2 18 17
3 15
2 21 15
3 30
2 20 24
1 30 25
1 24 10
3 6
3 18
2 9 14
1 10 8
2 29 6
2 25 3
1 1 10
1 29 30
2 23 9
2 2 23
3 10
1 6 19
1 18 26
1 15 16
1 24 30
3 30
1 4 19
1 28 8
2 13 9
1 25 13
3 16
1 13 21
1 24 4
1 19 24
3 2
3 16
1 25 8
2 19 16
1 19 25
3 22
1 16 10
57 145
2 49 23
1 43 19
1 37 20
1 32 36
1 49 38
1 1 44
1 13 10
3 48
3 40
1 31 18
1 30 39
2 53 3
1 8 9
3 46
3 25
1 29 25
3 30
2 44 39
3 31
3 28
3 20
3 9
1 51 44
1 40 3
3 3
1 12 43
3 48
1 23 3
2 5 24
2 34 26
1 45 56
1 46 18
1 51 45
2 3 19
1 22 30
1 1 12
2 6 24
2 27 47
3 19
1 49 47
2 22 45
2 2 22
2 54 30
3 10
1 48 1
2 48 10
1 23 55
1 29 7
2 51 30
2 2 1
1 17 10
1 5 45
2 38 56
3 8
2 39 5
2 7 29
2 25 27
1 3 43
1 27 18
2 37 28
1 14 52
2 8 10
1 24 5
2 6 48
3 46
1 55 31
1 43 52
1 42 17
1 35 4
3 51
1 5 6
1 6 45
1 46 2
2 52 30
3 29
1 45 28
3 20
1 46 57
3 6
1 55 55
1 31 50
1 13 10
3 22
3 51
1 29 19
2 11 7
3 18
3 15
2 8 27
2 17 37
2 43 18
2 31 28
1 38 36
2 52 29
2 48 23
2 3 52
1 11 8
3 40
3 8
1 44 12
2 56 25
3 40
2 4 54
1 13 36
2 1 53
1 35 10
1 34 27
2 11 10
1 15 9
2 25 40
1 20 42
1 8 39
3 7
3 48
2 32 56
1 33 26
1 42 34
3 11
2 17 39
3 4
3 46
3 30
1 39 4
3 6
2 55 48
2 12 24
2 4 50
3 34
3 53
3 16
1 25 4
1 26 55
2 34 11
2 33 52
3 4
3 8
3 41
3 45
2 42 13
1 49 30
3 46
1 18 24
3 8
1 32 25
1 32 3
189 147
2 84 44
1 95 11
3 33
2 95 70
1 176 189
3 177
2 153 105
1 161 124
2 110 134
2 99 71
1 9 143
1 106 16
2 19 32
2 127 176
3 16
1 184 29
3 103
2 46 152
2 117 49
1 72 122
3 34
2 29 177
2 49 179
2 154 135
2 33 140
2 11 171
3 166
2 125 54
2 154 159
3 105
1 26 54
2 106 55
3 44
3 32
2 131 119
2 20 91
3 172
3 125
3 117
2 44 66
2 30 32
1 86 56
3 18
2 35 53
3 40
2 113 49
1 163 35
1 89 36
2 44 90
1 70 11
3 83
3 114
1 146 21
2 144 143
1 160 122
3 149
2 147 144
1 26 132
3 67
3 104
3 170
3 10
3 122
2 137 183
3 15
2 166 48
2 51 48
1 72 122
1 33 14
3 43
3 174
3 135
2 14 47
1 52 124
1 126 84
3 79
3 174
1 8 138
3 10
3 85
2 139 147
1 188 123
1 114 136
2 59 37
2 93 150
2 147 67
2 63 164
2 71 91
1 88 183
2 2 102
1 87 88
1 10 12
3 6
1 119 30
2 131 44
3 155
1 157 34
1 185 98
2 137 33
2 24 78
1 141 71
2 105 3
1 92 137
3 132
2 91 167
1 147 37
2 162 154
2 123 169
3 121
3 90
2 4 16
2 106 101
2 7 27
1 149 53
2 21 24
2 25 63
2 33 26
3 51
2 103 8
2 40 46
2 6 154
1 162 76
2 182 187
3 189
1 116 43
1 183 177
2 87 146
1 130 158
3 54
2 87 165
2 117 93
1 11 31
3 55
3 81
1 143 126
3 89
1 154 87
2 175 116
3 132
3 187
2 164 1
1 156 81
3 36
2 124 157
2 162 154
1 166 69
2 68 28
45 77
2 14 7
1 23 45
3 5
2 11 42
1 32 29
2 6 14
3 36
2 28 5
3 23
1 43 19
3 10
2 41 19
1 12 44
3 5
3 23
3 16
1 45 31
2 44 9
3 19
3 7
3 10
3 6
1 33 19
3 40
3 4
2 18 32
3 27
1 13 35
3 32
3 38
3 18
3 45
3 28
2 4 2
3 25
3 32
1 38 40
2 21 8
1 31 37
2 22 16
2 6 24
2 15 16
3 38
2 9 16
2 4 3
3 22
1 5 21
2 1 1
1 17 34
2 10 19
3 10
2 17 31
2 29 36
2 16 33
3 34
3 21
1 42 29
2 5 33
3 5
1 4 43
3 30
2 21 22
3 7
1 11 43
3 45
1 19 8
1 2 45
2 25 30
2 10 34
1 17 42
2 44 18
2 42 34
2 29 8
2 29 42
2 6 16
1 13 10
3 14
175 34
1 165 7
2 106 62
2 122 60
1 150 35
3 138
2 101 62
3 64
1 26 168
2 47 25
1 69 36
3 60
1 86 174
2 168 30
3 155
2 92 107
2 45 34
1 133 146
2 156 26
3 152
2 44 93
2 50 95
1 66 39
3 14
2 113 87
1 73 139
3 153
1 170 119
2 126 125
2 39 73
2 17 94
3 73
1 149 156
2 64 118
3 143
189 143
3 57
3 18
1 95 165
1 119 44
2 76 44
1 131 45
2 165 104
3 60
3 100
3 104
2 107 184
1 179 69
2 146 134
1 189 106
3 35
3 72
1 163 24
2 38 84
3 117
2 125 173
2 167 120
1 183 40
3 138
3 135
1 125 71
2 79 173
2 179 44
1 70 119
3 61
1 69 100
2 176 175
1 2 143
3 16
2 188 36
2 85 23
3 102
1 158 14
1 134 66
1 9 25
1 148 59
1 22 111
3 49
1 122 9
1 172 187
1 66 149
3 169
1 65 150
1 1 163
1 171 137
1 74 180
2 31 24
2 13 179
3 61
1 92 166
1 141 25
1 84 130
1 56 54
3 85
1 75 116
1 88 47
2 101 109
2 173 115
3 52
1 65 42
1 160 17
2 23 37
1 94 138
2 189 32
3 53
2 167 14
2 127 91
3 70
3 20
2 50 111
3 157
2 26 26
2 39 89
2 96 113
1 15 106
3 5
3 114
2 147 64
1 41 169
2 166 54
1 119 140
3 134
1 141 155
3 82
1 132 114
3 173
3 173
3 38
3 47
1 175 181
3 63
2 4 81
1 134 41
1 124 81
2 176 108
2 187 30
1 25 116
3 74
3 61
2 155 153
1 131 32
3 2
1 51 115
3 110
2 12 143
1 122 132
2 186 15
1 88 80
1 168 59
3 128
1 68 142
2 80 137
1 3 65
3 40
1 144 161
1 88 5
3 75
2 157 73
1 72 137
3 174
1 46 30
3 58
1 30 76
2 137 177
1 40 113
1 187 43
1 132 84
3 99
3 62
2 162 137
1 62 152
1 102 56
2 81 165
2 15 30
3 177
2 94 69
3 30
3 181
2 15 63
163 20
1 16 104
1 135 34
2 142 78
2 118 62
1 75 29
3 155
2 125 68
3 45
2 154 69
1 150 128
1 123 90
3 116
2 99 121
2 141 124
1 107 61
2 126 17
3 24
1 47 75
2 31 12
1 11 149
127 121
1 117 43
3 10
1 25 38
1 85 56
1 92 126
1 47 69
2 15 13
2 106 63
1 9 50
3 13
2 2 86
1 15 55
1 116 110
2 102 58
2 62 75
2 60 96
3 84
1 121 88
2 91 33
3 9
3 64
1 105 96
2 109 13
2 75 46
2 112 63
2 22 67
3 34
3 125
2 50 23
2 116 21
1 21 39
3 100
3 21
1 33 81
2 6 29
3 1
1 44 24
1 80 94
3 48
2 22 51
3 122
2 28 9
2 25 115
3 2
3 102
2 82 116
3 45
2 86 56
2 122 90
1 37 26
3 53
3 28
3 62
2 22 52
1 76 113
3 33
3 3
2 17 58
2 14 66
1 10 37
1 110 31
2 75 79
3 45
2 80 44
2 17 87
2 105 125
1 111 82
1 34 106
2 59 115
3 79
3 120
2 34 39
2 21 84
1 85 54
1 47 91
2 40 8
3 83
2 63 54
3 10
3 12
3 93
3 46
1 38 94
2 56 38
3 71
3 111
3 84
2 5 13
1 24 22
3 53
2 49 72
1 97 96
2 116 51
1 32 55
3 13
1 60 43
1 82 8
1 77 5
3 42
1 75 48
3 126
3 105
3 58
3 22
1 97 14
1 73 2
2 22 2
3 43
1 61 105
1 100 67
1 29 89
1 5 52
2 16 23
3 100
2 40 101
1 3 95
2 10 119
3 102
3 112
2 21 70
3 12
88 87
3 63
2 81 40
3 65
1 83 17
1 29 23
2 82 80
3 52
2 4 54
1 44 28
3 84
2 6 47
3 52
3 5
2 42 39
2 52 66
3 25
1 23 40
3 49
3 15
2 20 81
1 11 37
3 59
3 9
2 27 1
2 65 11
3 72
2 40 74
1 5 7
2 65 58
2 9 13
3 61
3 54
3 17
3 71
2 28 81
1 18 55
2 59 8
3 67
3 46
1 60 4
3 16
3 64
1 9 35
2 68 31
2 66 52
2 82 87
3 87
2 52 83
2 26 54
1 46 51
2 52 47
1 70 36
2 50 36
2 1 28
3 11
1 30 48
1 76 77
2 54 69
2 60 22
1 12 14
1 51 25
2 4 35
3 73
1 64 58
1 38 33
1 74 55
2 14 57
3 24
2 9 57
3 67
3 13
2 77 77
1 21 43
3 85
3 14
2 70 27
3 83
1 20 52
2 21 55
1 12 37
3 50
3 67
2 47 61
2 41 62
1 30 31
2 61 47
2 25 46
37 90
1 4 10
2 32 24
1 20 33
1 12 26
3 24
1 24 34
1 30 29
2 2 30
2 9 17
2 22 35
1 10 35
1 1 25
3 26
2 4 28
3 26
1 20 17
2 8 9
3 11
2 15 15
3 13
3 28
2 14 31
1 25 18
2 24 21
1 19 6
3 24
1 5 24
3 23
2 15 20
3 9
3 17
3 12
1 30 19
1 27 17
1 17 27
2 30 32
3 5
2 19 25
1 28 25
1 23 13
3 2
3 9
3 18
2 32 36
2 14 13
1 16 24
2 13 31
3 13
1 5 12
2 34 9
1 37 37
2 23 19
1 11 10
1 36 32
2 30 33
2 7 1
1 33 29
3 32
1 29 1
1 12 29
3 7
3 29
3 23
3 17
1 4 8
3 13
3 5
1 29 32
2 33 13
1 8 16
2 6 16
1 37 25
2 31 23
3 2
2 36 17
2 12 28
1 3 27
2 35 28
1 3 36
1 5 12
1 1 32
1 23 10
1 36 14
3 30
2 8 37
2 26 9
1 20 11
3 7
3 19
1 12 26
38 46
2 36 37
2 13 26
2 24 10
2 7 13
1 2 21
2 20 1
3 12
2 33 16
1 14 25
2 7 38
1 25 5
3 21
2 7 18
1 28 32
3 36
2 15 9
3 16
1 18 16
3 37
2 23 14
3 14
2 37 24
2 7 34
1 33 1
2 25 20
3 27
2 4 30
3 28
1 5 2
3 2
1 6 27
1 16 29
1 29 34
1 18 36
2 19 38
1 31 22
2 8 15
1 32 1
3 18
1 11 20
1 16 8
2 1 11
2 3 3
3 14
3 5
2 29 16
149 183
1 38 42
3 87
2 96 51
1 67 111
2 78 122
3 134
3 146
1 132 74
1 69 15
3 31
2 54 105
3 121
3 142
3 96
2 81 76
2 16 89
3 48
3 36
1 6 54
3 19
2 86 104
3 61
3 2
2 122 14
1 83 86
1 3 117
2 100 45
2 1 104
2 18 71
3 61
1 80 105
2 117 109
1 50 66
2 3 55
3 104
2 33 136
3 34
2 75 51
3 1
1 113 100
1 103 3
3 14
1 57 106
1 42 139
2 45 72
1 101 36
1 46 46
3 13
1 12 58
3 64
2 19 88
1 128 119
3 74
2 146 82
2 131 136
1 81 49
3 61
1 113 75
2 61 127
2 77 120
3 63
2 17 96
2 16 11
1 52 20
3 98
1 126 22
2 131 9
1 22 114
2 33 96
3 128
1 118 43
3 36
1 130 122
2 149 5
2 33 109
1 103 134
3 81
3 107
1 126 97
2 108 136
3 15
2 38 29
2 26 117
1 88 86
2 127 133
1 98 56
1 24 41
3 71
1 141 35
2 53 65
2 77 48
3 5
1 53 123
3 16
2 145 113
1 13 95
2 126 85
1 3 48
3 115
1 12 58
3 38
2 110 84
1 99 124
2 136 148
1 62 6
1 11 134
3 126
3 35
3 54
2 130 26
3 96
1 61 76
2 92 56
2 74 86
1 123 45
2 33 85
1 34 62
1 83 67
2 137 98
1 127 39
1 106 138
3 109
2 45 88
1 54 66
2 143 114
1 45 126
2 133 122
3 11
1 11 64
2 131 104
1 114 54
1 69 89
3 18
3 39
1 97 109
2 9 31
3 86
3 117
2 45 123
1 147 50
2 68 11
2 117 53
3 64
3 40
1 26 101
2 52 28
1 82 42
3 69
3 21
2 19 60
1 9 43
1 77 128
2 34 56
3 19
3 45
1 112 90
2 62 114
2 30 23
3 120
3 88
1 138 72
1 105 99
3 61
2 102 44
2 123 82
2 36 98
3 64
1 4 139
2 119 136
3 74
3 74
2 96 113
3 98
1 149 121
1 149 126
1 49 114
1 26 18
1 147 42
1 106 73
1 62 83
2 93 15
1 62 147
3 9
78 115
2 43 62
3 49
1 47 60
3 26
2 13 31
3 73
2 1 22
1 69 32
3 60
1 52 18
3 61
2 70 33
2 20 9
3 72
3 55
3 28
1 66 55
3 51
3 52
2 77 77
2 38 3
2 16 15
1 55 33
2 5 76
1 27 1
2 26 73
3 1
3 60
1 55 73
1 27 12
1 55 25
1 19 65
3 11
1 2 42
1 45 13
2 14 3
1 59 17
2 70 74
3 43
2 32 32
1 23 63
2 64 19
2 28 70
3 21
1 35 41
2 36 73
3 68
2 64 47
3 28
2 20 78
1 78 75
1 78 53
1 38 39
2 16 1
3 47
2 43 47
2 57 55
1 75 7
1 47 29
2 21 7
1 17 61
2 52 74
2 19 49
1 36 57
1 58 52
2 40 50
1 28 37
1 63 70
3 52
1 10 22
3 26
2 25 2
3 20
3 19
2 49 62
2 35 48
1 45 49
1 62 8
1 56 46
1 17 71
1 3 12
1 55 39
2 11 15
1 9 44
3 76
2 78 63
3 65
3 62
1 67 32
1 8 60
2 75 51
2 20 26
3 78
2 20 70
1 63 1
1 1 70
3 76
2 39 47
3 67
2 11 44
3 24
1 60 15
3 40
1 73 56
1 67 49
1 62 12
3 5
2 65 17
3 22
1 32 25
3 14
3 5
1 22 2
2 62 72
1 48 69
148 127
3 119
1 147 35
2 75 18
2 81 78
3 76
3 102
2 105 80
3 131
1 25 53
3 17
1 45 97
3 85
2 134 82
3 99
3 35
3 105
3 87
1 114 20
3 19
1 39 145
3 42
2 117 128
1 107 61
1 11 29
1 65 108
2 58 27
3 114
3 100
3 117
2 101 9
2 85 94
2 105 77
2 104 128
2 68 119
2 32 77
3 144
2 34 119
1 127 87
2 28 84
1 48 14
3 16
3 91
3 108
3 109
3 76
2 128 80
3 83
2 127 123
3 110
3 80
1 70 101
2 35 34
1 47 84
3 142
3 92
1 4 13
1 11 1
2 18 69
1 55 116
1 2 64
3 108
3 73
2 54 132
2 55 21
3 93
2 61 61
1 16 97
1 144 79
2 113 84
3 117
2 37 55
2 88 6
1 58 85
2 145 72
3 14
1 79 102
3 107
2 46 49
1 77 132
1 23 30
2 96 135
2 148 136
2 92 91
1 14 70
1 72 56
1 35 5
2 99 6
3 9
3 91
2 17 94
2 101 91
3 8
3 114
3 25
2 130 99
1 25 52
2 59 110
2 112 57
3 48
3 135
2 139 25
3 76
3 68
3 124
3 90
1 70 50
1 10 123
1 27 73
3 48
1 86 132
1 47 98
2 34 19
2 104 2
2 119 28
3 59
2 67 89
1 87 129
3 67
1 90 88
2 20 46
2 83 135
3 103
2 89 42
3 115
2 109 79
1 46 70
3 147
34 70
3 31
1 15 24
1 6 17
1 25 29
1 24 17
3 4
2 19 15
2 11 15
3 8
2 28 3
3 15
1 12 32
1 21 18
2 23 20
2 11 2
1 18 2
1 34 5
2 3 5
3 7
1 34 20
2 12 16
2 17 12
3 7
3 29
2 10 4
3 4
1 11 31
2 3 29
1 27 16
1 30 22
3 18
1 27 31
3 14
2 26 33
1 32 7
3 23
1 2 19
1 18 27
3 12
2 4 3
3 30
2 23 27
2 15 18
2 26 10
2 22 24
3 8
1 10 3
2 17 13
3 9
3 20
3 7
2 2 26
1 10 26
2 16 2
2 31 22
2 18 33
3 15
1 25 23
1 3 4
1 34 32
1 15 32
3 5
1 6 33
1 30 26
2 28 18
3 23
2 2 33
2 7 25
3 5
1 29 4
94 103
1 60 61
2 94 84
2 21 61
3 89
1 47 58
1 19 72
2 71 78
1 80 1
3 78
1 18 39
2 94 40
3 66
3 3
1 91 77
1 85 80
3 92
1 66 28
1 55 71
3 74
3 66
2 94 32
2 37 34
1 58 49
1 48 77
3 90
2 67 24
1 60 18
3 71
2 43 70
3 90
3 55
2 46 64
2 48 57
2 4 35
2 35 41
1 58 46
1 39 78
3 78
1 79 11
3 91
2 23 65
2 53 92
2 28 51
2 57 46
1 1 22
3 61
2 62 85
1 40 10
3 59
2 94 32
3 49
3 84
1 37 92
1 53 80
3 10
3 91
3 65
3 63
2 84 25
1 83 83
1 29 84
2 82 61
2 62 20
1 84 32
2 80 75
2 29 21
3 43
2 18 85
3 74
3 41
2 48 54
2 11 86
3 61
3 58
3 74
3 3
2 37 83
1 31 29
2 43 4
2 1 14
2 26 77
3 89
3 18
1 44 2
1 73 21
2 72 82
3 32
3 87
3 45
2 31 76
3 51
3 48
1 39 54
3 47
1 22 3
1 6 12
3 74
2 71 85
2 76 33
2 52 46
1 75 32
1 66 30
1 64 41
35 181
2 25 28
2 6 29
2 25 12
1 22 33
3 24
1 6 16
3 5
2 3 11
3 8
1 27 22
2 18 19
1 17 13
3 16
3 31
3 35
1 23 6
1 21 19
2 10 3
2 28 12
3 30
2 32 14
1 8 1
3 28
2 5 8
2 3 3
1 33 1
2 26 25
2 31 17
1 8 21
1 6 12
1 2 4
3 8
2 4 32
2 25 12
1 7 9
1 15 14
1 26 12
1 20 34
2 25 24
1 5 18
1 33 25
3 17
1 34 10
2 2 7
2 33 15
3 26
2 20 18
3 12
1 18 21
2 26 9
3 16
1 27 30
1 16 25
3 35
1 27 4
3 12
3 35
2 32 35
3 32
3 19
3 30
2 26 10
3 13
1 17 24
3 8
2 35 14
1 19 9
3 24
1 8 8
3 31
3 20
2 8 24
3 32
2 1 32
2 32 33
1 20 35
2 25 29
1 34 15
3 2
2 1 31
3 6
1 19 34
1 31 25
3 27
1 10 33
3 11
2 10 31
3 15
2 15 14
1 32 3
2 29 21
2 17 17
2 13 5
1 23 9
1 5 11
1 33 9
2 27 5
2 23 3
1 34 11
3 1
2 34 6
3 9
1 35 1
3 22
2 32 33
1 23 12
3 32
1 14 35
1 24 31
3 21
2 24 33
3 30
1 29 25
2 24 30
2 8 26
2 19 6
1 31 15
1 17 2
2 2 32
2 35 32
2 18 12
3 32
1 32 15
3 4
2 6 31
2 4 28
3 34
2 21 2
3 30
1 16 9
3 25
3 29
1 13 2
1 20 3
2 19 14
2 32 23
3 20
1 2 3
1 2 8
3 1
2 35 15
3 27
3 34
3 26
3 23
1 20 20
3 9
2 22 7
2 23 14
1 2 31
3 1
1 18 7
3 14
2 5 17
1 17 28
1 5 18
2 1 9
1 12 17
2 11 8
1 15 23
1 29 3
3 28
1 12 26
2 35 7
2 27 18
2 35 20
1 31 21
3 23
3 25
1 15 20
2 18 24
1 28 23
1 29 22
2 32 25
2 20 13
3 23
1 25 4
2 16 11
1 35 5
3 31
1 20 30
181 161
1 172 82
1 85 138
1 15 89
2 152 26
3 95
2 115 168
1 144 157
2 30 160
1 67 50
2 32 151
1 95 168
3 74
1 178 63
1 127 46
3 56
3 60
3 95
1 127 102
1 7 99
3 43
3 27
2 181 94
2 155 54
1 61 75
2 144 127
2 135 31
1 67 123
1 92 147
1 34 111
3 139
1 34 55
2 159 106
3 114
1 26 164
3 111
3 134
3 38
3 155
1 53 105
3 147
2 172 111
2 100 127
3 39
2 104 104
3 124
2 72 60
1 41 152
2 62 90
2 162 44
2 167 111
2 65 16
2 13 106
3 84
1 138 82
3 19
3 79
2 135 118
1 156 155
3 119
2 147 142
2 133 55
2 13 112
3 89
1 83 77
1 116 62
2 104 108
1 57 94
1 113 53
1 157 180
1 55 40
3 61
1 18 71
1 167 5
2 105 79
1 70 166
2 78 56
2 85 130
2 130 145
3 114
2 53 163
1 108 96
2 130 159
3 178
2 3 114
3 89
1 15 106
3 82
3 126
3 77
1 111 125
1 119 133
1 77 20
3 22
3 120
3 8
1 76 148
2 52 154
1 22 107
1 134 49
2 138 133
3 108
1 179 168
1 9 16
2 164 14
2 36 79
2 141 179
2 130 178
1 33 149
1 28 135
2 7 102
2 121 51
2 35 58
3 111
3 102
1 17 130
3 134
2 81 65
1 120 174
1 115 115
3 34
3 146
1 110 29
1 73 2
1 175 37
3 176
3 114
2 132 52
1 83 96
3 157
3 137
3 127
3 11
2 40 16
2 90 152
2 3 163
3 121
3 98
1 16 2
2 66 116
2 55 125
2 144 23
1 53 39
3 178
2 139 17
2 13 17
3 165
2 122 153
2 174 26
1 27 64
3 44
2 168 18
1 104 166
1 54 110
2 117 119
2 29 15
1 10 29
2 152 35
2 24 6
3 13
2 116 61
1 175 174
157 135
2 35 52
2 11 157
1 99 151
3 112
2 28 141
2 115 113
2 90 48
2 83 139
1 47 72
3 31
1 42 83
2 47 44
2 146 68
3 93
3 37
2 38 88
1 54 78
3 79
3 21
1 96 81
1 6 85
3 128
2 59 50
3 88
2 79 149
1 115 101
2 18 115
3 35
1 137 39
2 70 117
1 86 119
1 93 53
1 32 144
1 61 3
2 85 2
3 2
2 33 92
1 82 57
2 65 59
1 122 89
3 38
3 10
3 33
2 31 14
3 42
2 64 96
2 127 146
2 87 48
2 25 157
1 129 84
1 157 110
3 28
3 127
3 83
1 14 51
2 138 128
3 127
3 117
3 82
3 85
3 45
3 51
1 10 155
3 50
2 147 55
1 60 129
2 156 17
3 93
1 91 56
1 135 87
1 84 83
2 20 83
2 18 104
1 133 70
2 27 46
2 145 38
3 87
3 137
1 115 67
3 84
1 91 26
2 24 52
3 82
1 72 42
2 36 81
3 45
1 143 119
3 87
2 12 58
3 35
1 54 6
2 152 67
3 126
2 150 155
2 103 150
2 122 56
1 136 132
3 1
3 88
3 68
3 108
2 60 36
1 17 52
1 37 68
1 154 137
2 25 47
1 89 45
1 139 151
3 69
1 49 44
2 27 34
2 116 50
1 130 136
3 10
1 29 86
1 45 152
2 106 81
3 27
1 52 75
1 40 125
1 39 127
3 40
3 21
2 9 34
3 61
2 139 82
3 47
3 157
1 142 21
3 99
3 56
3 15
2 24 3
1 88 38
2 83 40
112 148
2 40 38
1 51 50
3 75
3 36
2 37 81
1 8 81
3 74
2 30 96
3 9
2 22 20
2 78 95
2 110 42
1 53 64
2 1 33
3 107
2 18 37
2 95 102
2 98 92
1 14 28
1 55 6
1 93 28
1 81 55
3 47
1 70 61
1 15 34
3 82
2 70 54
1 80 10
1 21 19
1 72 43
1 33 67
1 79 53
3 2
3 79
2 66 4
1 22 31
3 18
1 52 39
1 1 31
2 94 110
3 75
2 16 9
2 99 30
2 71 84
2 105 50
3 10
3 102
2 89 6
3 112
2 52 31
2 87 97
3 21
3 86
1 102 26
2 43 32
2 94 71
3 4
1 64 63
2 66 49
1 28 52
1 107 33
3 77
3 90
1 65 45
1 93 8
3 66
1 11 59
2 96 43
3 5
2 61 34
1 108 60
2 53 96
2 79 83
2 39 44
2 3 73
3 38
3 55
3 66
3 11
3 2
1 106 37
3 111
3 83
1 88 110
2 58 9
1 56 94
1 94 72
3 96
3 60
3 93
2 58 57
3 32
3 17
2 93 55
2 33 74
2 90 83
3 7
1 107 109
3 78
2 1 71
3 89
3 2
1 60 37
2 66 31
1 39 54
3 87
2 80 68
1 76 101
1 110 22
3 30
2 46 104
2 37 89
1 28 104
3 21
1 110 34
2 43 67
2 21 82
2 65 75
1 40 61
1 77 110
1 91 25
2 101 31
3 44
1 88 94
3 40
1 98 33
1 58 81
3 10
1 70 51
3 103
2 13 88
3 109
3 103
1 63 43
1 28 56
2 34 82
3 37
2 102 98
1 44 76
3 110
1 46 67
1 80 61
2 21 84
1 58 70
3 97
3 76
1 71 41
3 25
135 108
1 30 21
3 108
3 54
2 76 128
3 130
2 81 103
1 21 15
1 47 115
3 132
1 75 83
1 129 105
2 102 53
2 44 20
3 33
3 22
1 35 57
3 110
2 118 132
3 13
3 37
3 45
1 23 64
3 133
2 103 130
2 87 113
1 119 57
1 70 103
1 13 103
3 129
2 103 62
3 80
1 90 72
2 50 74
2 13 120
1 54 93
2 7 38
2 55 99
3 74
1 48 33
3 62
3 112
3 93
1 46 90
2 94 8
2 10 91
2 64 61
2 31 110
1 51 125
3 8
2 72 50
3 12
2 133 129
3 65
1 18 123
3 46
1 98 107
1 32 88
2 131 25
3 133
1 119 121
3 65
3 14
1 60 95
3 6
1 15 108
2 120 63
1 75 9
2 102 12
2 110 67
1 59 124
3 81
2 47 54
2 9 45
1 80 32
1 79 120
1 65 18
2 98 128
3 119
2 4 3
3 50
2 102 16
2 115 23
3 4
2 60 65
3 31
3 82
1 39 69
3 121
3 27
3 48
1 33 55
1 7 104
2 110 15
1 72 73
3 24
1 59 37
3 95
3 85
2 84 95
2 133 9
3 12
1 53 13
2 121 67
3 3
3 75
2 51 80
2 121 120
3 71
62 62
1 23 54
2 32 27
2 21 45
3 32
3 54
3 54
3 50
3 50
1 31 26
1 58 19
1 43 33
1 14 44
1 39 8
3 17
3 50
2 45 13
2 6 16
1 57 25
2 47 35
1 25 21
2 49 15
3 32
1 56 59
1 26 52
3 41
3 54
1 60 27
3 27
3 29
3 1
1 33 25
1 46 59
3 61
1 51 54
3 12
1 21 36
3 40
2 8 39
3 57
1 15 39
1 8 24
3 6
1 56 33
2 38 51
1 18 51
3 32
3 43
1 62 33
1 18 11
1 21 33
2 38 40
2 2 57
2 31 18
1 14 60
3 57
2 3 50
2 9 43
1 54 3
1 37 43
3 35
2 40 12
1 1 19
123 2
2 66 63
3 14
15 55
3 9
1 11 1
3 12
1 7 8
3 3
2 13 7
2 15 7
3 15
3 8
3 1
3 1
1 4 14
1 1 1
2 13 3
3 9
2 8 9
1 1 1
2 11 6
3 5
2 8 4
3 6
3 13
1 3 3
1 5 9
3 11
1 5 8
1 2 8
3 15
2 12 11
3 9
2 5 7
1 3 3
2 11 3
3 5
2 11 12
1 4 14
3 9
1 5 14
1 6 4
2 2 12
1 13 11
3 4
2 2 11
1 8 14
1 3 5
2 7 1
2 11 6
3 9
3 9
3 3
1 12 12
2 4 12
3 10
1 1 1
3 1
121 155
2 105 56
2 95 38
3 63
3 84
3 48
2 81 43
1 85 7
1 21 80
1 16 33
1 43 34
3 81
2 50 101
3 53
3 29
3 86
1 14 6
3 9
3 111
3 28
2 113 105
1 54 113
3 63
3 2
2 37 47
3 89
3 65
1 29 19
1 58 100
3 53
2 101 62
3 20
1 60 118
3 31
2 50 20
1 13 23
2 8 13
3 28
1 13 41
3 19
2 107 94
1 30 90
1 3 76
2 79 42
3 114
2 33 18
1 91 27
2 47 58
3 105
1 89 37
3 21
3 43
3 45
2 24 2
2 121 85
1 72 76
2 64 118
3 27
3 55
2 56 48
2 58 32
3 42
3 51
2 76 70
3 95
2 104 4
3 70
1 45 52
1 31 84
1 40 53
1 35 117
1 41 110
1 89 47
3 67
2 31 71
1 81 105
3 25
2 80 50
2 49 117
1 57 36
3 84
1 108 109
3 100
1 39 108
1 59 78
1 108 37
1 88 69
3 113
3 90
1 6 110
3 84
3 14
1 64 21
3 8
1 53 80
3 117
2 103 41
1 105 70
1 120 108
3 20
2 120 73
2 42 113
3 24
2 14 63
2 9 22
2 72 77
3 11
2 46 73
1 120 54
2 104 40
1 26 84
3 92
3 110
3 83
1 83 100
1 57 73
1 39 51
3 10
2 39 87
3 94
1 62 97
1 7 118
2 35 63
2 81 82
3 45
3 65
3 19
1 51 56
3 50
1 44 118
1 95 25
3 3
3 115
2 18 8
3 52
3 89
1 40 39
2 11 38
1 41 88
3 26
3 75
2 118 70
1 21 87
2 112 101
1 117 45
1 3 48
3 114
1 35 84
1 99 17
2 74 11
1 111 9
1 116 28
2 51 39
3 88
2 101 20
3 33
157 69
2 54 129
2 26 19
2 14 139
3 43
3 13
2 70 43
3 98
2 14 98
1 36 152
1 56 75
2 77 101
1 104 64
3 29
1 22 1
3 149
3 81
2 91 116
1 89 39
2 4 8
1 116 32
1 59 146
2 61 39
1 72 2
2 13 37
2 83 134
2 141 113
1 157 133
3 33
1 121 40
1 38 96
1 128 105
3 70
1 76 3
1 14 40
2 37 111
2 8 148
2 51 107
1 34 131
2 94 71
1 143 59
3 130
1 12 91
1 9 132
3 157
3 105
3 28
3 15
3 15
3 131
1 152 86
2 140 126
2 118 65
3 62
1 53 123
3 22
2 14 92
3 16
2 53 9
3 70
1 109 131
1 33 114
1 43 131
2 37 9
2 58 51
2 25 89
3 88
3 123
2 95 140
3 112
56 36
3 38
2 29 15
1 21 52
1 52 26
2 14 43
1 11 47
3 20
3 24
2 56 53
2 10 44
2 26 14
3 53
2 13 9
2 13 38
1 16 2
2 23 9
1 5 53
2 22 56
3 5
1 19 41
2 15 37
1 55 38
1 51 52
1 13 42
1 33 54
1 49 36
1 17 52
3 30
1 33 27
3 14
3 39
1 24 55
2 5 19
2 35 13
1 26 36
1 46 54
141 57
2 87 17
2 114 82
2 93 91
1 88 121
3 134
3 54
1 76 72
2 84 42
3 117
2 98 82
3 76
2 74 78
3 36
1 8 122
1 6 101
2 60 99
1 25 90
1 25 124
2 3 95
1 34 56
2 135 106
1 64 8
1 38 1
3 2
2 109 104
3 113
3 61
2 54 54
1 83 52
3 114
1 54 59
3 117
1 131 140
1 100 122
3 39
3 41
2 105 35
3 74
2 15 12
3 103
1 84 55
1 88 10
2 16 75
1 136 130
3 132
1 58 78
1 24 119
1 52 115
2 13 3
3 93
2 129 46
1 86 124
1 9 63
2 97 12
1 5 100
1 3 11
1 44 8
21 133
3 14
1 20 5
2 16 8
3 19
2 14 2
2 10 17
2 12 14
2 14 21
2 1 20
2 17 18
1 5 11
1 9 17
3 19
2 9 11
3 14
3 12
1 9 17
1 1 14
3 21
2 14 3
2 13 12
1 7 4
2 15 8
1 16 7
3 20
2 7 16
2 6 15
1 8 18
2 19 7
3 2
1 12 4
2 11 1
3 16
2 3 9
2 11 15
2 17 19
3 14
2 20 3
1 8 15
1 19 9
2 15 8
2 3 20
2 11 7
1 21 12
2 20 1
3 8
3 8
2 8 7
3 1
2 6 11
2 7 1
3 1
2 1 2
3 1
3 7
3 18
3 8
2 18 5
3 1
1 12 5
1 8 12
3 18
3 16
2 13 9
1 17 8
1 6 18
2 6 11
2 21 21
3 7
1 21 9
3 12
3 15
3 16
2 6 5
2 8 12
3 17
3 17
1 2 18
2 17 5
3 11
1 20 8
3 11
2 20 4
1 6 11
2 3 20
3 11
1 15 17
2 3 19
2 7 16
2 7 9
3 6
3 20
2 7 20
3 13
1 10 4
2 4 16
1 15 15
3 16
3 14
3 13
3 20
2 19 21
2 3 4
1 7 4
2 4 5
3 7
3 8
2 17 8
3 19
3 2
2 3 4
2 12 18
3 1
1 11 5
2 17 12
1 14 19
1 7 21
2 18 2
3 6
1 16 5
2 4 10
2 5 15
2 16 8
2 1 4
1 5 18
3 16
3 6
1 7 10
2 5 8
1 14 1
2 5 17
2 19 5
2 11 8
11 168
2 3 5
2 3 7
2 11 3
2 7 6
3 8
2 11 4
1 8 11
1 1 10
2 7 5
3 7
2 7 9
1 3 11
2 2 3
2 2 10
1 6 10
1 6 6
2 8 9
3 9
1 9 11
3 3
3 7
2 2 9
1 2 8
1 2 7
3 11
2 7 3
1 9 1
1 11 2
2 10 6
2 8 9
3 3
2 10 10
2 9 2
2 3 5
2 11 11
2 1 4
2 8 4
2 1 11
1 8 11
3 6
1 6 3
2 5 10
1 8 5
2 1 11
3 5
3 8
1 6 1
3 8
2 1 6
3 4
3 2
2 1 11
3 8
3 8
2 8 5
2 11 3
1 5 9
1 6 11
1 9 6
2 6 9
2 9 8
3 1
1 8 5
2 8 7
3 7
3 11
1 2 3
2 11 5
2 8 3
2 4 2
3 9
1 10 5
2 8 5
3 11
3 6
1 10 1
3 6
3 1
3 3
2 6 3
2 8 6
2 3 1
2 1 8
3 5
1 10 2
3 2
1 1 5
3 8
1 1 11
3 2
2 2 5
3 4
2 3 4
3 6
3 11
1 8 8
1 5 11
2 9 11
3 3
1 7 3
3 4
2 9 9
3 11
2 11 2
3 3
1 8 8
3 2
3 5
2 7 5
3 4
2 2 1
3 4
3 10
2 8 9
2 5 11
1 3 1
2 9 5
1 7 5
2 10 5
1 10 5
2 4 10
1 2 6
2 5 9
3 3
3 7
3 1
2 7 9
2 9 6
2 6 11
1 10 3
3 11
1 1 1
1 4 9
1 3 7
3 11
2 7 6
1 1 9
2 6 6
3 3
3 5
1 3 7
2 11 6
3 8
2 5 1
2 5 3
2 6 3
3 8
2 6 11
1 4 10
2 10 2
3 4
1 9 2
3 10
2 3 4
1 4 7
2 5 7
3 9
2 11 11
3 8
3 7
1 1 2
3 5
3 8
2 4 9
2 9 11
2 9 7
2 1 11
1 7 1
88 48
1 13 75
3 14
1 12 30
1 78 48
2 49 58
3 6
1 5 30
1 11 10
2 18 86
2 9 45
1 59 88
2 64 40
3 35
1 54 10
2 19 78
3 50
2 36 5
1 69 20
2 32 27
1 50 30
3 3
2 74 36
1 62 41
3 44
3 9
1 51 86
1 60 46
2 46 38
2 43 58
3 31
3 5
3 88
2 10 86
3 22
1 2 21
2 65 43
2 17 27
2 23 79
3 70
2 27 46
1 80 22
3 9
3 75
2 4 27
2 53 30
1 19 15
1 27 26
2 76 64
54 194
3 15
3 21
1 42 39
2 7 19
3 48
2 9 51
1 2 20
3 29
2 19 4
3 48
3 28
2 51 48
3 1
3 28
3 12
3 48
2 50 23
2 15 48
1 10 40
3 41
3 20
2 42 46
3 21
2 6 12
2 34 46
3 30
1 7 24
2 13 13
3 31
1 24 39
3 25
1 7 46
2 37 16
3 17
1 54 46
1 47 37
2 21 26
3 52
2 36 48
3 54
1 52 52
1 35 33
3 13
1 45 42
3 24
1 38 21
3 31
2 30 22
2 47 22
2 20 19
2 33 28
3 12
1 28 39
1 15 9
3 20
3 29
2 25 31
1 28 6
2 42 18
1 23 6
3 7
3 6
3 8
2 29 1
2 15 21
1 19 9
1 25 47
1 6 16
1 28 9
2 25 25
3 35
2 50 19
2 14 7
1 43 30
2 19 22
1 12 33
3 25
2 46 44
2 14 18
3 25
1 43 53
2 1 7
1 33 39
1 48 19
2 19 9
1 15 50
2 18 24
3 44
2 37 40
1 50 32
3 33
2 13 42
1 2 22
2 15 54
3 29
1 54 53
3 38
3 15
1 11 19
3 16
3 8
1 22 38
3 21
2 11 8
3 42
1 22 26
2 38 19
2 9 52
3 8
1 54 15
1 11 9
3 35
1 2 31
2 34 21
3 42
3 30
3 34
2 49 6
3 24
2 30 31
3 19
1 4 20
1 23 9
1 14 41
2 27 13
3 30
2 53 23
3 14
1 6 17
2 38 45
2 49 5
3 16
3 9
2 30 36
3 41
1 10 12
3 39
1 7 2
3 7
2 45 27
3 6
3 34
1 42 52
2 39 43
3 16
2 30 23
2 6 54
1 35 25
3 26
1 33 52
2 14 23
2 23 48
3 24
1 40 53
3 35
2 41 44
1 7 6
2 34 26
2 48 10
2 22 26
3 43
3 28
1 10 1
3 12
3 47
3 31
2 24 5
2 34 20
2 20 21
2 23 24
3 46
1 21 20
1 43 27
2 43 5
1 36 4
2 27 44
2 30 7
1 29 1
1 33 54
3 6
1 41 5
2 43 21
2 45 33
1 53 1
1 38 29
3 12
1 4 9
2 30 12
3 33
2 53 43
2 54 19
3 17
1 29 34
3 50
3 159
3 1
2 1 2
3 2
1 1 1
1 3 3
1 2 2
3 3
2 3 2
3 3
1 2 1
3 3
1 3 1
1 3 3
2 2 2
3 2
1 3 3
3 2
2 2 2
1 2 1
1 1 1
2 1 2
3 1
3 1
2 2 3
3 2
1 1 2
1 2 1
3 3
1 3 1
1 3 2
1 1 2
1 3 2
3 2
1 3 2
3 2
3 2
3 2
2 1 3
1 1 2
3 1
1 3 3
2 2 2
3 1
2 3 1
2 3 3
2 2 3
1 2 2
2 3 3
3 3
3 2
1 3 1
2 2 2
2 2 1
2 1 3
3 2
2 2 2
2 1 2
3 1
1 3 2
2 1 1
1 3 3
1 2 1
2 1 3
2 1 2
2 2 2
1 2 2
3 1
3 1
3 1
2 2 2
3 3
3 2
1 3 3
3 2
2 2 2
2 1 1
3 1
3 1
3 2
2 3 3
1 2 3
1 2 1
1 2 3
2 3 2
3 3
3 1
2 2 3
3 2
1 3 2
2 2 1
3 1
3 1
2 1 1
1 1 3
3 3
3 2
2 2 2
3 3
1 3 3
1 1 2
2 3 3
3 2
1 2 3
2 2 1
1 3 3
1 3 3
1 2 1
3 1
1 2 1
1 3 1
2 3 1
1 3 3
2 1 2
1 1 1
3 2
3 3
3 3
3 2
3 2
2 3 2
2 2 1
2 3 2
2 3 2
2 2 2
1 2 1
1 1 1
3 2
2 2 2
3 2
3 1
3 1
3 3
2 2 2
1 2 3
2 3 3
3 3
2 1 2
3 1
1 3 3
2 3 3
2 1 2
1 1 3
1 1 2
1 3 3
1 3 1
2 2 1
1 3 3
2 2 2
1 1 1
1 1 3
1 1 2
2 2 2
2 3 1
3 2
1 1 3
3 3
1 1 3
3 3
1 2 1
179 41
1 105 19
1 167 54
2 50 116
2 156 90
2 67 159
2 132 134
1 91 150
1 60 15
3 117
2 172 153
1 161 86
2 154 83
2 83 119
3 11
3 55
1 58 98
2 55 15
1 85 125
1 169 133
3 69
3 74
1 76 158
2 89 37
2 154 57
3 88
3 29
1 85 35
2 52 2
2 27 169
2 148 38
3 13
2 42 150
3 70
3 5
3 24
2 4 75
3 79
2 128 105
3 31
3 86
2 8 159
63 3
3 25
3 33
3 33
196 190
3 49
3 20
1 69 148
1 85 192
1 80 178
3 38
3 18
3 50
1 26 168
3 6
2 165 111
2 196 163
1 32 113
2 190 33
3 84
1 64 32
2 128 75
1 4 139
1 81 160
2 61 114
2 50 55
2 170 111
2 85 142
3 98
2 171 43
1 166 20
1 62 96
2 112 15
1 101 75
3 62
3 31
1 193 110
3 140
3 14
3 70
3 13
1 104 170
3 13
2 88 160
2 69 108
3 95
3 156
2 140 75
2 10 108
2 61 106
2 81 43
2 5 90
3 145
2 7 9
3 123
2 68 178
3 43
2 168 100
1 43 180
3 168
1 87 68
1 107 68
2 110 165
3 155
2 2 34
3 94
2 104 68
3 92
2 189 50
1 114 25
2 168 173
1 148 179
1 64 159
3 60
3 84
3 140
1 109 55
2 16 104
1 55 22
1 34 108
3 4
3 47
3 104
1 89 169
3 82
1 90 79
1 133 31
3 1
1 128 183
1 42 133
1 104 113
2 118 55
1 76 96
3 34
3 86
2 63 156
3 135
2 66 61
2 95 18
2 13 130
2 63 154
3 150
3 147
3 45
1 181 180
2 173 48
2 64 18
1 170 195
3 191
1 28 154
2 12 135
2 76 92
3 11
1 154 187
3 12
1 185 171
1 94 1
3 107
1 63 129
3 3
3 34
3 107
3 163
1 17 123
2 23 55
1 100 91
3 6
1 2 110
3 25
3 146
3 2
2 13 140
1 189 39
3 108
1 74 37
3 27
2 99 86
1 80 154
3 167
2 176 67
3 158
2 11 120
1 88 31
2 148 61
3 162
2 150 28
2 185 99
1 99 14
2 87 51
3 66
2 183 152
3 3
3 188
2 20 141
2 60 90
3 79
3 154
3 49
1 130 188
3 151
3 10
3 16
2 55 153
3 115
2 4 21
1 103 12
1 66 174
3 76
2 69 30
1 134 80
2 152 170
2 115 81
2 95 36
3 109
3 96
1 182 2
2 187 109
2 47 60
3 10
2 175 81
2 125 138
2 118 145
1 125 66
3 57
3 167
1 74 125
3 38
2 110 54
2 196 31
2 135 161
1 99 32
3 185
3 93
3 66
3 148
63 179
1 37 62
3 44
1 32 4
1 56 29
2 29 20
3 7
1 62 10
1 53 45
1 53 55
3 58
2 55 12
2 43 25
2 10 21
1 38 13
3 62
1 48 48
1 51 46
1 48 34
3 59
1 63 54
2 11 54
2 30 58
1 48 55
3 26
3 49
3 18
2 34 29
2 53 11
3 25
2 6 36
3 35
3 31
3 17
2 43 44
1 22 37
2 18 10
1 46 53
3 25
3 41
1 15 42
2 31 51
3 35
3 32
3 61
1 51 52
1 53 50
3 56
1 29 28
3 26
3 49
2 1 28
1 32 1
3 25
2 57 27
1 35 58
1 32 53
1 45 26
1 37 54
2 21 10
2 38 49
2 12 36
3 57
1 3 52
1 59 4
3 21
3 20
1 61 54
1 6 3
2 62 60
2 28 38
3 6
3 19
2 41 21
3 13
1 26 45
1 37 62
3 28
2 53 60
3 11
1 11 11
3 38
3 35
3 23
3 47
2 55 4
1 20 37
2 22 44
1 28 50
1 31 22
3 19
2 59 39
2 47 20
1 40 11
1 21 21
2 17 2
3 30
3 55
1 62 49
3 58
1 55 49
2 61 23
1 1 20
3 33
1 46 54
1 6 27
1 24 51
2 44 12
3 60
3 11
1 36 20
1 4 37
1 49 14
3 36
3 8
3 4
2 63 51
1 49 38
3 48
1 45 44
2 24 52
1 41 12
3 23
3 19
3 35
3 10
1 21 24
2 43 4
2 61 38
2 18 20
1 56 40
3 31
2 60 54
3 41
1 3 3
2 1 23
2 53 17
3 57
3 51
2 52 4
3 7
1 28 23
3 61
2 28 11
2 56 56
2 53 40
3 61
3 32
3 46
3 19
2 53 39
2 56 25
1 59 24
1 4 8
1 58 35
1 44 47
3 11
3 22
3 47
2 34 49
2 51 4
3 10
2 57 54
3 44
1 4 28
1 56 21
2 54 48
3 10
2 4 41
1 30 36
1 55 18
3 50
2 43 53
1 61 42
2 6 12
2 57 52
3 41
2 4 59
3 2
2 52 42
200 20
1 61 157
3 144
2 169 145
1 118 79
3 12
3 194
3 113
1 103 192
1 36 123
2 196 114
3 118
1 80 163
2 58 13
3 179
2 108 38
2 187 164
1 73 113
2 131 182
2 132 116
3 79
23 82
1 9 8
3 15
3 17
2 16 13
1 22 5
3 17
1 16 7
1 1 23
1 17 4
2 14 4
3 6
2 3 19
1 1 6
3 8
2 12 12
1 13 20
3 1
2 5 19
3 20
2 9 12
2 8 12
2 4 6
2 3 5
3 5
3 14
3 19
2 9 9
1 8 13
2 13 14
1 14 12
3 12
2 21 17
2 4 12
3 6
2 9 13
1 12 16
2 18 2
3 1
3 5
1 9 8
3 9
2 7 1
1 10 15
3 17
2 22 5
2 11 13
2 8 10
3 12
1 21 7
2 20 23
3 10
1 12 12
2 14 4
1 19 1
1 8 5
3 22
3 22
3 17
1 6 8
1 23 10
2 14 19
2 10 18
1 8 9
1 6 5
2 21 8
2 15 1
3 7
1 8 15
2 2 13
1 12 8
1 5 18
3 19
2 15 20
1 2 10
1 19 8
1 4 11
1 3 19
3 8
3 4
3 21
3 13
3 21
72 139
2 52 42
2 32 58
2 3 29
3 47
2 20 15
2 72 43
2 52 35
2 35 23
2 12 21
3 26
2 15 18
1 56 38
2 56 12
2 3 52
1 29 63
1 14 33
1 11 65
1 62 29
1 54 31
3 3
3 22
2 32 50
3 60
2 58 53
3 15
1 66 18
2 51 23
1 37 56
1 30 55
2 55 63
2 37 42
3 6
2 46 71
3 26
1 18 58
3 54
3 54
2 42 70
1 20 71
1 68 18
2 23 45
3 15
2 26 24
3 12
1 52 41
2 14 27
3 56
3 64
3 17
3 13
3 26
2 5 50
1 7 48
2 13 52
2 35 70
1 12 57
1 47 38
1 58 45
1 62 60
3 66
3 28
2 25 38
3 24
1 70 22
3 64
3 51
2 2 38
3 8
2 4 62
3 33
2 35 71
2 9 16
2 19 53
1 69 39
2 32 50
3 5
3 8
2 22 47
2 20 11
3 58
2 54 57
3 66
1 66 11
1 31 63
1 24 18
1 49 28
1 40 11
2 24 64
1 5 37
3 6
1 56 61
1 2 41
3 29
3 51
3 61
2 23 70
3 5
1 11 13
1 62 47
2 5 30
1 69 32
2 38 17
2 43 15
2 53 14
2 25 2
2 23 13
2 67 7
1 61 14
1 47 15
3 36
3 34
2 13 48
2 40 48
3 60
2 23 24
1 5 61
3 68
2 61 43
3 38
3 58
1 14 15
2 67 71
1 44 7
1 21 27
2 30 60
1 42 13
2 63 20
2 39 9
3 17
2 48 14
1 52 46
3 20
3 4
2 13 14
1 40 63
1 12 43
3 22
1 50 27
1 9 31
174 127
3 54
2 74 170
2 123 3
1 85 88
1 38 59
3 61
3 57
1 109 153
2 131 100
2 27 100
1 80 163
1 65 42
2 47 149
1 143 96
3 4
1 141 77
1 71 5
3 46
2 94 40
2 27 93
1 108 80
3 65
3 116
1 133 12
3 12
1 33 89
2 123 149
3 113
1 34 48
3 121
3 74
3 151
1 35 144
1 172 140
1 47 21
3 73
1 30 64
1 146 160
3 125
2 57 167
1 161 134
1 133 18
1 114 8
2 115 79
1 45 4
1 125 31
1 121 56
1 137 4
3 94
2 82 10
2 144 157
1 163 162
2 45 97
1 26 100
1 164 151
2 107 129
1 71 21
1 76 106
1 37 23
3 3
1 79 157
2 156 108
3 167
3 37
3 97
2 64 82
2 163 129
2 35 79
1 68 14
3 171
2 157 51
1 11 61
1 154 135
2 152 56
3 101
2 98 128
3 15
1 158 54
2 52 17
2 76 54
3 129
2 99 1
2 147 96
3 21
3 31
1 64 103
1 112 12
1 131 11
1 73 111
3 4
2 90 142
3 11
3 9
1 157 174
1 22 110
3 159
3 99
3 58
1 131 169
1 3 13
1 103 60
1 9 30
2 40 46
1 50 5
2 77 19
3 18
2 25 16
2 71 148
3 90
2 57 173
3 56
3 8
3 51
1 54 25
1 26 122
3 134
1 30 140
3 38
2 66 8
3 74
1 90 80
1 169 163
2 92 69
1 100 23
3 127
2 158 135
1 149 146
20 179
1 18 18
2 4 17
3 16
3 20
3 6
2 18 14
1 9 9
1 1 7
3 18
2 4 18
1 12 17
2 15 16
3 5
1 1 5
1 13 9
3 4
3 7
2 2 5
2 13 20
1 20 6
2 13 3
2 19 17
2 4 19
2 12 6
1 4 17
1 11 13
1 10 13
3 16
3 3
1 16 20
3 15
1 7 15
2 20 3
1 6 20
2 2 15
3 14
1 19 7
2 20 10
3 18
1 19 4
3 3
1 19 1
1 12 16
1 13 12
2 9 3
1 16 18
1 4 18
2 18 18
3 17
1 10 8
3 15
2 14 6
1 2 1
2 10 13
1 8 6
2 11 19
1 19 6
1 7 1
1 18 5
3 12
1 5 11
1 7 5
3 9
1 20 7
1 2 7
2 12 14
1 1 5
3 3
1 11 7
1 19 6
3 5
1 11 15
1 12 2
1 3 10
1 3 2
3 4
3 7
1 13 19
3 17
3 18
1 13 20
1 20 10
3 18
1 8 15
2 2 3
1 6 10
3 6
2 9 4
1 4 4
1 5 13
1 4 15
3 18
2 5 7
2 12 7
1 13 8
3 5
1 14 9
1 12 18
2 13 18
2 18 16
2 15 16
2 5 14
1 15 5
2 2 1
2 5 14
3 17
1 18 6
1 11 17
2 4 8
2 5 10
3 4
1 5 17
1 11 2
3 16
2 4 8
1 3 1
3 17
2 16 20
2 13 11
1 10 16
3 4
1 8 4
2 4 10
3 19
1 15 10
2 15 4
3 15
2 6 20
1 15 9
3 13
2 6 2
3 3
3 5
1 4 2
2 20 5
1 8 12
1 12 16
2 12 2
3 9
1 4 1
3 11
2 2 9
3 13
1 5 4
1 19 9
2 9 14
3 20
1 12 8
3 15
1 19 4
2 18 20
3 11
1 20 14
3 11
2 14 11
1 18 11
3 4
1 8 12
1 6 9
2 2 15
2 11 1
1 9 3
1 19 16
2 10 11
2 1 8
1 11 9
1 6 14
3 11
1 6 16
2 2 3
3 16
3 19
3 15
3 17
1 17 20
3 9
2 3 6
2 11 15
1 16 13
62 48
3 41
3 56
3 10
3 7
1 3 34
2 51 12
1 60 48
2 54 55
3 12
2 36 60
3 30
1 46 61
1 61 5
3 15
3 28
2 58 33
1 59 45
2 6 7
2 37 7
2 15 41
1 15 28
3 29
3 1
3 27
2 46 4
1 11 1
3 39
1 33 19
1 34 6
3 47
1 20 44
3 18
2 53 58
2 38 45
1 50 31
2 3 22
3 28
2 24 3
2 41 34
3 37
1 51 6
1 19 21
2 52 32
3 8
2 10 42
2 29 23
3 40
2 36 42
34 11
2 19 30
3 34
3 20
3 4
3 24
2 9 9
3 15
2 3 17
2 30 18
1 18 31
1 30 21
30 45
3 21
1 2 19
1 4 1
3 12
2 2 13
2 3 6
1 14 7
3 9
1 22 8
1 17 3
2 8 21
1 22 9
1 21 4
1 3 14
2 29 14
1 29 5
3 12
1 13 26
2 22 11
2 16 23
2 27 25
3 8
1 1 14
3 11
3 1
2 2 26
1 13 27
1 20 17
3 25
2 17 2
3 26
2 11 8
3 29
1 17 20
1 27 4
1 3 3
3 15
2 4 25
3 30
1 15 10
1 15 17
1 5 12
2 8 29
2 21 24
1 13 15
77 152
1 7 8
2 41 23
2 27 20
1 37 57
2 54 4
2 74 49
2 27 23
2 37 1
1 75 37
2 53 71
1 50 12
3 4
1 72 75
2 76 74
1 22 32
1 26 35
1 56 16
2 39 24
2 10 48
1 60 64
3 2
2 73 6
1 68 44
1 26 38
1 37 35
3 76
1 3 72
2 23 10
3 61
3 18
3 45
3 15
1 39 54
1 29 10
1 70 65
1 39 45
3 22
2 74 40
3 17
2 63 73
3 7
3 13
1 76 70
3 24
1 44 3
3 24
1 53 35
1 21 52
3 40
1 5 32
1 73 22
1 72 57
2 59 4
1 47 11
1 39 9
2 44 59
3 44
2 31 59
3 3
2 32 77
2 30 23
3 59
1 35 49
2 62 26
2 64 37
2 30 7
1 28 30
1 9 6
1 58 67
2 77 10
3 28
2 62 60
2 44 71
2 72 20
3 69
1 23 4
3 56
2 12 52
2 13 58
2 33 24
3 75
3 25
3 72
3 58
3 72
2 11 10
1 65 40
3 26
1 55 25
2 58 5
2 41 26
1 54 16
1 71 27
3 22
2 55 56
1 61 55
3 49
2 36 19
3 71
3 20
2 31 42
1 38 32
1 31 29
2 19 20
3 2
1 52 27
2 59 44
2 40 62
1 30 2
2 53 4
3 1
3 43
3 19
2 36 48
3 67
3 49
2 56 47
2 77 74
1 67 11
3 12
2 5 17
1 70 7
1 40 49
3 30
3 46
2 61 40
2 38 1
1 37 16
1 11 69
3 50
3 19
3 64
2 24 55
1 43 74
1 75 9
3 27
1 71 47
2 30 51
3 75
3 31
2 23 17
3 41
3 34
2 17 9
1 59 77
1 7 67
3 13
3 65
1 54 22
1 18 63
2 1 12
3 20
198 120
1 45 12
1 186 111
2 139 8
1 35 65
1 103 121
3 129
2 129 137
3 27
2 143 62
2 118 178
3 139
1 50 87
3 87
1 3 2
2 74 110
1 8 57
1 76 93
3 196
2 103 93
3 107
1 135 48
2 126 69
2 168 33
3 49
1 136 189
3 137
3 56
1 116 192
1 184 170
2 163 45
3 98
3 1
2 76 116
1 142 69
3 81
2 40 164
3 81
1 150 195
2 14 114
3 80
3 14
3 71
2 103 158
3 123
2 17 24
3 80
1 29 164
3 69
3 165
3 104
2 179 178
3 187
3 154
3 37
2 140 144
2 31 144
1 3 74
1 77 3
2 32 64
1 59 193
3 58
2 99 58
2 100 187
3 25
2 96 128
1 178 81
3 192
1 41 158
3 62
2 112 155
2 125 159
2 36 15
2 170 153
3 58
2 26 142
3 1
3 108
2 45 29
2 18 183
1 6 155
2 181 14
2 105 14
2 110 155
2 38 44
3 137
3 18
1 20 34
2 26 53
1 65 184
3 150
1 19 189
1 92 13
1 91 29
1 121 44
2 45 164
1 182 33
1 87 46
3 86
2 72 90
2 123 64
2 111 39
2 78 30
3 121
3 54
1 189 90
1 192 154
2 69 84
3 133
2 161 48
2 164 177
2 118 72
3 180
3 101
1 87 168
2 52 1
2 83 79
1 99 46
3 172
2 4 17
3 106
57 30
1 10 25
2 2 37
1 27 21
3 35
1 26 13
3 28
3 31
2 31 30
3 27
1 22 27
2 18 2
2 6 3
1 4 33
2 33 31
2 5 1
2 37 9
3 50
2 56 43
2 31 49
2 42 43
1 38 43
2 8 56
2 44 14
2 41 1
3 38
1 13 16
3 57
3 29
1 53 7
1 35 52
56 19
1 28 55
1 16 8
1 47 39
2 17 49
3 34
1 17 33
1 24 39
1 3 9
1 54 9
2 26 27
1 1 17
3 40
1 32 37
2 40 22
3 3
1 4 47
1 48 23
3 48
1 44 37
89 83
3 10
3 48
1 48 61
2 49 36
1 89 58
1 57 14
2 75 54
2 7 7
3 38
2 83 6
1 61 78
3 11
1 7 38
3 14
2 75 49
2 43 2
2 19 51
3 60
3 52
3 76
2 44 63
2 74 33
3 47
1 55 75
1 81 19
2 75 7
3 42
3 19
3 13
3 9
2 67 20
1 25 60
2 65 38
2 9 80
1 83 15
1 19 30
3 74
3 83
1 66 16
3 55
2 69 70
3 71
1 82 43
2 89 28
3 64
2 71 72
1 9 3
3 71
2 44 72
3 20
1 41 81
2 46 50
2 78 5
1 74 5
1 4 37
3 61
3 22
2 70 73
2 76 54
2 84 4
2 89 76
2 37 72
2 13 74
1 10 35
1 48 56
1 27 26
3 40
1 1 38
2 73 69
2 47 68
2 71 16
3 44
1 36 72
3 64
1 47 49
1 16 48
3 34
3 82
1 76 77
1 64 52
2 39 58
1 77 5
2 88 35
102 178
2 85 80
3 49
3 65
1 57 60
2 75 43
3 31
1 42 49
2 97 25
2 51 51
2 4 82
3 9
2 55 29
3 44
1 9 54
2 36 66
2 92 67
1 1 7
3 88
2 31 79
1 73 8
2 74 79
3 96
2 26 101
2 100 20
2 40 99
2 66 12
2 101 67
2 21 57
3 54
1 67 63
1 102 87
3 45
1 31 38
1 87 44
2 93 89
2 7 46
2 1 61
3 51
3 44
1 50 18
2 71 85
2 54 54
3 38
1 14 13
2 53 9
3 44
1 18 98
1 88 85
2 96 76
1 8 6
1 5 28
3 43
2 55 39
3 55
2 3 102
1 30 40
2 46 77
3 88
1 78 99
1 82 77
2 83 63
2 20 66
1 85 4
1 50 30
3 9
3 7
1 35 4
3 38
1 93 65
2 57 85
2 60 22
1 21 82
3 64
1 79 75
3 75
3 96
3 30
3 3
1 86 43
2 4 35
2 98 102
3 26
1 100 64
1 99 70
3 4
2 99 35
2 73 21
3 77
1 5 66
1 23 66
1 69 73
2 84 51
3 88
3 100
3 69
2 80 40
1 93 48
2 20 2
2 12 36
1 33 89
1 76 59
1 80 95
1 2 48
3 1
2 60 42
1 84 47
3 102
2 6 12
1 12 29
3 25
2 19 13
1 26 31
3 98
1 79 66
1 53 74
1 73 29
3 88
3 67
2 17 87
3 65
3 38
3 68
2 36 41
3 8
3 35
1 86 31
1 48 82
2 81 100
3 6
2 37 89
3 92
3 84
3 88
1 36 10
2 77 85
1 65 22
2 2 90
1 13 10
3 88
1 62 34
3 66
3 29
2 37 80
2 60 58
2 18 8
2 100 21
3 53
3 30
1 16 82
2 8 21
3 57
1 42 76
3 28
3 72
2 49 97
2 3 11
2 79 100
2 100 63
3 37
3 65
1 68 52
2 49 91
1 85 94
2 7 25
2 41 27
2 65 87
2 27 26
3 36
3 100
2 89 63
3 77
1 97 92
1 35 12
3 100
1 65 67
2 23 51
2 52 99
3 44
123 125
1 12 88
2 47 90
3 98
3 123
3 63
2 55 109
3 81
2 80 29
2 87 120
1 37 26
1 98 85
1 24 86
3 62
2 3 42
2 16 67
1 23 11
1 100 32
2 106 79
1 18 35
3 79
1 34 91
1 16 114
3 70
2 97 100
3 63
3 18
2 28 76
3 51
3 55
2 14 84
2 106 88
3 44
1 105 90
2 106 82
3 42
3 106
3 49
2 48 59
3 80
1 18 106
3 113
1 119 108
1 36 54
3 8
1 42 32
2 118 86
2 110 77
1 98 39
2 109 45
3 3
2 20 112
1 90 42
2 77 75
3 34
2 84 6
3 9
3 90
3 114
1 39 49
1 36 115
2 29 62
3 64
3 3
3 77
3 47
2 1 28
3 95
3 111
3 80
1 98 51
3 69
1 116 100
1 43 57
1 113 90
3 6
3 37
2 121 63
3 99
1 120 108
1 85 12
3 118
1 72 58
2 47 123
2 48 82
3 2
2 21 9
3 120
3 55
1 14 9
1 65 80
2 84 92
2 45 102
1 92 52
2 122 12
2 61 36
1 72 107
3 93
2 79 9
3 18
2 18 98
2 72 44
2 16 120
2 96 29
1 14 97
2 41 121
3 100
3 105
2 75 41
2 94 90
3 54
3 90
3 122
1 55 120
1 71 66
3 81
1 93 39
1 11 123
3 10
2 56 88
1 71 89
1 13 27
2 50 90
2 53 22
1 74 20
2 28 29
163 111
1 134 10
3 130
1 88 152
1 58 47
3 15
2 58 126
2 153 41
1 131 114
3 55
2 18 38
3 90
2 50 154
3 139
1 52 88
3 11
2 21 49
1 78 73
3 126
1 62 60
1 136 141
1 54 56
2 113 83
2 52 133
3 141
1 66 96
2 120 108
3 87
1 13 59
1 72 133
2 126 53
3 140
1 124 86
2 60 65
2 104 118
3 23
3 157
2 82 22
1 15 44
2 99 68
2 113 101
3 39
2 159 70
1 160 94
2 149 101
1 92 142
3 29
2 119 46
1 25 80
3 68
1 98 153
2 113 17
2 115 40
2 114 131
2 124 61
3 64
2 14 141
3 149
3 103
1 147 27
1 112 128
1 143 36
3 127
1 64 26
3 91
2 89 49
1 61 73
3 69
3 22
2 89 130
2 128 139
3 120
1 96 125
3 68
1 122 60
3 83
1 155 124
1 11 16
3 161
2 15 4
2 66 38
2 154 70
2 121 43
3 39
3 154
2 54 135
2 90 153
3 9
1 84 110
3 42
1 38 5
3 53
1 99 114
2 143 54
1 95 145
1 88 131
1 42 38
1 64 40
3 102
3 158
1 109 72
1 16 47
3 157
1 102 46
2 18 82
3 104
3 148
2 32 56
1 162 111
1 142 143
1 17 120
2 159 87
168 3
3 132
2 51 54
2 96 54
188 53
1 131 67
1 141 7
1 50 175
2 59 14
3 59
2 27 148
3 15
2 129 160
1 167 36
3 80
1 115 59
1 59 75
3 148
2 155 58
2 31 139
2 19 54
2 176 115
2 90 53
2 23 27
3 33
2 2 176
1 87 13
1 1 120
1 121 91
2 57 109
2 19 107
2 115 24
1 3 5
1 170 34
3 188
1 5 134
3 177
1 7 15
1 151 140
1 156 155
3 93
1 92 97
1 75 16
3 93
2 117 129
2 143 155
1 133 128
1 20 42
2 27 142
2 56 88
1 179 10
2 33 57
1 68 177
2 57 54
3 152
2 74 4
2 183 187
2 69 3
37 96
1 20 23
3 10
3 21
2 21 31
3 36
3 32
2 13 9
1 1 14
1 21 24
2 20 35
1 15 31
2 25 27
3 31
1 20 8
1 28 8
2 6 30
3 21
1 6 7
3 34
1 35 19
2 33 7
3 4
2 25 18
2 27 32
1 37 22
2 15 15
3 35
1 13 34
3 3
2 32 22
2 18 29
3 7
3 25
3 13
2 17 31
3 3
1 10 34
3 30
1 15 12
3 13
2 36 11
1 29 14
3 2
2 15 34
3 24
2 11 11
1 22 35
2 11 28
3 2
2 8 6
2 10 9
3 29
1 34 21
1 23 11
2 11 19
3 28
3 26
1 5 5
2 31 13
1 27 32
3 26
2 35 20
1 15 19
3 2
2 4 6
3 3
2 24 14
1 33 29
2 27 19
3 25
3 9
2 1 17
1 29 9
1 22 30
1 32 26
3 10
3 2
3 32
2 19 7
1 5 22
2 30 10
3 25
1 19 32
2 5 32
3 35
1 21 8
1 10 12
1 34 29
3 33
2 10 18
1 18 30
2 19 29
2 17 10
3 20
1 21 27
1 25 37
185 33
2 45 150
1 111 62
1 141 131
2 165 11
1 165 153
3 136
3 30
3 89
3 164
2 88 53
3 129
3 28
3 74
1 68 98
2 1 173
2 52 5
3 98
3 78
2 80 109
1 183 113
2 109 182
2 131 165
1 41 109
1 127 175
2 50 25
1 177 43
3 108
1 149 87
3 153
3 123
1 61 125
3 124
2 8 138
18 108
3 13
1 10 5
2 13 12
3 16
3 14
1 5 5
1 5 10
3 18
3 8
2 2 4
2 16 17
2 9 13
2 2 4
3 12
3 4
2 15 5
1 6 9
1 16 11
2 15 1
1 6 14
3 15
1 11 1
3 11
2 1 16
2 4 15
3 3
1 7 13
3 3
3 17
3 13
3 8
3 17
2 4 2
2 18 11
2 16 13
3 10
2 8 16
3 8
2 8 1
2 3 4
2 7 8
2 18 9
3 15
3 10
3 18
3 1
1 14 17
3 18
1 1 18
1 4 6
1 13 3
1 3 16
2 7 12
3 16
2 9 14
1 14 7
3 7
3 13
1 9 9
1 6 16
1 8 13
3 5
2 5 15
2 11 2
3 7
3 11
2 9 18
1 5 6
2 10 11
1 13 15
1 12 3
1 4 7
1 11 4
2 12 6
3 2
3 3
1 14 1
2 3 6
1 12 10
3 5
3 3
1 18 11
3 4
2 16 12
2 2 14
1 5 12
2 16 1
3 5
2 11 13
3 9
2 15 17
1 10 1
3 14
2 5 11
3 10
1 12 12
1 5 2
2 7 8
2 16 4
1 18 1
2 13 8
3 13
3 6
3 5
3 13
1 16 8
1 3 13
2 6 18
37 134
3 28
2 33 35
3 20
1 35 35
2 1 8
3 21
1 37 6
3 34
2 12 23
1 5 13
2 12 22
2 24 11
1 6 26
2 12 9
1 21 33
3 25
3 27
2 24 5
2 5 18
1 1 8
3 16
1 24 12
2 22 24
1 1 25
2 7 27
3 16
1 31 30
3 22
1 3 35
3 24
3 18
3 4
2 20 20
2 28 27
2 11 36
2 9 21
3 35
3 14
3 33
2 10 25
2 2 35
2 2 8
3 19
1 16 37
3 33
2 34 32
2 28 23
3 21
1 8 9
1 8 27
1 9 30
1 5 30
1 21 4
1 25 25
3 33
3 31
2 10 2
1 33 37
2 11 32
3 35
2 16 19
3 37
1 23 37
1 26 8
2 18 30
2 11 33
3 16
3 37
2 13 32
2 4 33
1 35 5
2 32 10
3 24
2 37 9
3 34
1 20 6
2 3 10
3 27
3 32
3 21
2 13 16
2 17 34
1 31 7
2 25 4
1 13 24
3 16
3 24
2 27 9
1 36 30
1 29 18
3 3
2 36 30
3 27
3 12
3 23
1 3 14
1 17 5
2 13 34
3 20
2 22 2
2 8 16
2 3 31
1 24 2
1 22 31
2 31 35
2 5 34
2 25 11
3 14
3 12
1 16 32
2 2 19
3 3
3 8
2 20 21
2 8 2
1 8 36
1 27 16
1 36 37
2 33 8
2 8 22
2 2 30
2 24 28
2 10 31
2 3 1
1 27 31
3 27
2 1 25
3 26
1 26 35
1 29 32
3 10
1 14 25
3 13
3 11
8 137
2 2 4
2 7 1
3 2
1 6 1
1 5 7
3 8
1 2 5
3 8
1 8 1
1 8 4
2 2 6
2 3 6
2 1 7
1 7 3
1 6 4
3 5
1 4 7
1 2 8
3 4
1 2 6
2 7 6
3 3
2 6 7
3 2
1 3 7
3 1
2 4 5
1 2 2
2 5 4
3 7
2 8 8
2 6 1
2 6 1
2 4 7
3 8
3 3
2 4 1
1 3 3
1 7 8
1 3 5
1 2 1
2 3 7
2 2 1
3 1
1 5 4
1 2 1
1 2 7
2 7 1
2 8 1
1 8 8
3 7
3 4
2 3 6
1 3 7
3 6
2 4 6
2 8 8
1 1 2
1 4 5
2 5 2
3 7
2 6 1
2 6 4
3 7
2 3 1
2 5 6
1 7 6
2 4 5
1 1 8
3 5
1 6 8
1 6 8
3 2
3 3
2 3 3
1 6 5
2 8 6
3 2
3 4
3 5
1 2 7
2 8 8
2 8 8
3 8
2 4 1
2 2 3
1 4 7
3 6
3 5
1 7 8
2 6 6
2 6 4
1 6 5
3 1
2 6 5
3 3
2 6 1
1 4 1
2 5 5
2 4 1
3 1
2 5 7
2 3 5
2 8 5
2 6 6
1 5 1
3 6
2 3 5
3 3
3 2
2 7 1
1 4 2
2 3 2
1 1 7
3 4
1 1 7
1 8 5
2 3 5
2 1 8
3 8
2 5 5
2 3 7
1 6 1
2 8 1
3 6
1 1 5
3 4
1 3 8
2 8 3
2 4 4
3 5
2 6 4
2 2 2
1 6 2
3 3
1 6 7
3 2
22 84
1 9 14
3 19
2 6 7
2 17 21
3 12
1 22 7
1 16 7
2 3 7
1 6 16
2 22 20
1 5 21
2 1 17
1 17 22
2 12 13
3 3
2 8 15
1 1 22
3 9
2 7 9
3 15
2 6 22
2 20 8
2 15 20
3 1
3 6
1 17 19
3 17
2 20 9
2 9 11
2 5 22
1 13 20
3 9
3 6
3 4
2 21 17
3 1
3 11
3 22
1 3 15
1 6 18
1 1 13
2 5 16
2 17 9
3 9
1 18 21
2 9 8
1 11 19
3 17
3 5
2 15 5
2 22 11
3 19
1 9 21
1 16 8
1 6 6
2 12 20
2 17 17
2 11 17
3 4
2 7 22
1 13 6
1 21 13
3 16
1 16 6
3 13
1 12 16
2 13 8
1 18 15
1 4 12
2 16 5
3 22
1 7 14
3 10
2 5 22
1 10 8
3 9
1 17 2
2 19 21
1 11 11
3 6
1 15 7
2 17 18
2 18 9
2 1 21
162 190
3 4
2 18 107
2 101 16
3 109
3 126
3 81
1 124 58
3 140
3 46
1 136 51
2 114 156
2 92 94
1 44 3
3 103
1 59 114
2 45 14
2 144 78
2 56 31
1 6 20
3 56
3 51
1 137 20
3 20
3 5
2 43 24
1 12 161
1 55 141
2 61 81
3 110
1 64 161
3 89
1 126 34
2 150 68
1 157 30
3 4
2 74 114
3 21
2 148 86
3 129
3 37
3 46
3 136
1 113 146
3 69
1 114 152
2 11 25
2 20 83
2 46 129
2 154 22
1 150 148
3 28
2 113 68
1 46 28
2 94 107
1 45 100
2 36 128
3 37
3 76
2 8 96
3 160
2 1 149
1 5 95
1 5 154
3 18
2 31 49
1 140 114
3 26
1 1 106
3 24
1 63 64
3 3
2 11 82
2 60 89
1 108 28
2 67 153
3 45
2 44 25
2 52 7
1 146 118
2 62 132
2 71 65
1 86 80
3 110
1 88 96
1 146 122
2 148 20
1 20 137
1 141 70
3 102
2 35 8
3 7
1 24 17
1 106 44
1 117 128
3 59
3 108
1 122 126
2 128 44
2 113 120
2 143 148
3 10
3 79
3 149
3 132
1 1 113
2 8 19
3 79
2 153 156
3 60
3 45
2 107 101
1 110 16
3 60
3 128
2 115 26
3 55
3 114
3 60
1 54 121
1 111 150
3 131
2 92 3
2 26 64
2 45 90
2 55 26
3 161
1 157 161
1 7 94
2 23 131
1 7 121
3 81
3 32
2 34 18
2 104 119
1 85 112
3 134
1 10 63
3 77
2 83 140
2 38 115
3 144
3 9
2 2 107
2 75 81
1 131 155
3 130
3 12
1 43 52
1 141 82
1 78 124
3 150
3 120
1 78 40
1 158 117
3 94
3 85
2 135 122
2 3 35
2 41 153
1 156 125
2 22 43
2 72 83
1 42 153
3 26
1 55 155
3 51
2 9 69
2 63 10
3 82
3 119
2 29 50
1 61 80
2 43 5
3 71
1 118 130
3 111
1 66 48
3 124
1 34 57
3 45
2 144 121
3 105
2 159 49
2 16 21
1 142 130
3 59
3 157
2 27 32
1 118 100
2 72 104
155 32
2 28 13
1 21 68
2 104 45
3 85
2 75 142
2 126 8
2 133 85
3 149
1 38 2
1 10 88
3 24
2 119 155
2 154 138
3 90
3 128
1 75 50
2 59 145
2 90 110
3 18
3 109
3 45
3 116
3 155
2 128 46
2 33 131
2 16 113
1 84 112
2 149 92
3 110
2 64 26
3 10
2 139 78
24 100
2 19 17
2 13 14
2 4 21
3 20
1 22 22
2 17 7
2 13 2
2 15 6
3 11
2 18 7
3 22
3 15
1 19 13
2 4 17
2 23 24
2 6 15
1 21 21
1 16 4
1 13 20
3 9
3 13
3 13
2 20 14
2 3 11
3 14
2 8 7
2 13 11
1 19 21
2 4 3
3 22
1 4 7
2 6 18
3 8
2 5 17
1 4 17
2 23 13
1 16 20
2 14 18
1 18 3
2 12 13
1 24 22
1 6 1
2 12 11
3 11
2 18 23
3 19
2 12 18
3 4
2 18 1
2 3 24
3 24
1 21 9
2 10 18
1 2 15
2 20 10
2 14 15
1 16 3
2 12 6
3 4
1 17 24
3 8
1 10 18
3 13
2 10 24
2 5 16
1 18 7
1 12 11
2 22 20
2 24 10
1 6 9
3 1
3 13
1 24 14
3 10
2 20 12
2 19 20
2 12 6
1 14 12
3 2
1 6 12
2 19 22
2 18 23
3 4
2 12 6
3 9
3 8
2 19 10
2 9 9
2 17 22
2 12 20
3 4
2 19 23
1 3 8
3 22
1 18 12
2 15 8
1 15 21
2 4 15
1 24 8
2 8 20
110 180
3 99
3 75
1 7 91
3 108
1 16 5
2 83 49
1 26 89
1 47 62
2 79 20
2 19 13
1 81 75
2 25 66
3 93
1 30 65
1 17 56
3 32
2 82 101
1 14 6
2 20 66
1 56 25
3 26
3 45
2 77 2
3 19
1 10 49
3 97
3 95
1 90 11
2 2 81
1 107 15
1 11 43
1 17 40
3 39
1 97 24
2 63 90
2 50 24
3 17
2 64 17
1 76 58
1 12 36
3 17
2 27 43
1 38 91
2 50 68
3 54
1 37 19
1 109 17
1 106 31
1 57 76
2 91 56
1 52 45
1 76 62
1 60 70
3 90
1 107 104
3 93
2 17 27
3 22
3 28
1 36 41
2 78 85
1 51 40
1 93 23
1 1 36
2 72 110
1 32 73
1 51 23
2 48 9
1 54 4
2 81 92
2 48 76
2 95 75
2 4 28
1 87 12
3 20
2 73 97
3 8
2 26 14
1 39 85
2 81 43
2 70 32
3 43
1 89 85
1 28 106
1 82 39
2 72 110
1 78 18
2 49 33
3 86
1 103 81
2 98 57
3 93
3 23
2 87 7
1 102 88
2 41 73
2 1 38
2 77 33
1 78 74
2 96 27
3 81
3 84
2 47 2
3 4
3 56
2 30 15
2 93 97
1 59 89
2 12 98
3 95
1 56 80
1 16 4
1 72 37
1 44 35
1 46 81
1 7 42
2 21 35
3 90
1 6 15
3 55
1 27 50
2 67 23
3 86
3 84
1 82 8
2 78 85
3 31
2 102 16
2 13 74
1 87 106
3 68
3 41
1 3 32
3 7
1 20 106
1 107 85
3 27
2 3 33
1 68 66
1 11 95
1 98 9
1 98 39
1 96 85
3 97
1 29 68
1 15 33
2 29 83
1 60 92
3 46
3 61
1 96 82
1 39 27
2 65 75
3 6
1 80 97
3 39
2 3 56
1 104 61
2 67 40
2 80 65
3 25
2 108 56
3 38
1 43 80
1 59 88
1 7 4
3 4
3 95
3 36
3 98
1 110 96
1 3 104
3 107
1 69 67
2 90 56
1 37 92
1 83 74
1 22 51
2 84 20
3 14
194 178
3 166
1 24 8
3 130
2 9 83
1 88 29
2 153 7
3 38
1 96 150
2 75 19
3 162
1 111 80
2 174 136
1 105 120
1 186 178
2 186 51
2 191 70
2 11 110
1 178 143
1 185 43
2 183 50
3 130
1 164 39
2 69 81
1 184 102
2 57 52
3 55
1 94 75
3 16
3 170
3 45
1 187 36
2 74 153
1 8 131
2 98 4
2 126 71
2 19 21
1 178 187
2 95 136
2 116 55
3 134
3 179
3 25
1 192 84
2 34 90
2 52 125
1 100 59
2 107 29
2 120 16
2 64 156
1 45 73
3 40
3 65
1 31 31
2 75 56
1 194 191
1 3 55
3 189
3 2
1 110 189
3 177
2 157 72
1 68 94
1 173 40
3 38
2 150 32
3 83
1 126 34
1 105 11
2 85 126
2 70 60
2 35 78
1 35 158
1 181 121
1 72 128
1 91 163
3 138
1 103 72
1 120 30
2 20 49
2 173 186
3 37
3 90
3 187
2 150 135
2 38 57
1 97 70
1 110 162
3 42
2 141 82
3 188
2 92 11
1 170 119
3 99
2 187 7
2 161 16
3 83
3 107
2 110 56
2 152 72
1 85 132
1 41 192
2 121 85
1 31 49
2 126 115
3 116
2 87 164
1 131 60
1 109 44
3 186
2 9 83
3 96
1 154 144
3 133
1 136 82
1 15 106
1 29 17
2 33 54
3 98
3 84
3 57
1 13 16
3 109
2 25 72
2 117 95
2 112 160
3 72
2 171 20
1 121 181
2 27 172
1 177 84
2 61 130
1 24 7
1 167 109
3 127
1 59 134
3 171
3 64
3 174
3 39
1 17 77
3 165
1 6 105
2 130 41
1 45 108
3 106
1 82 165
3 97
3 109
1 61 79
3 41
2 94 39
3 11
1 169 47
1 33 159
3 163
1 187 54
3 3
2 12 38
1 103 26
1 114 59
3 180
2 56 53
2 183 98
3 11
3 137
2 121 122
3 88
1 140 181
1 164 110
3 94
1 111 114
1 125 89
1 118 64
1 173 161
1 15 94
1 7 9
3 110
2 186 23
149 171
3 23
2 123 144
3 149
3 21
1 85 115
1 141 130
1 79 84
2 48 78
3 65
2 65 40
2 8 24
2 73 107
3 77
3 66
2 115 119
3 65
2 137 107
2 93 70
3 84
3 2
1 107 108
1 73 13
2 75 109
1 96 63
2 65 69
1 22 66
1 47 111
3 41
3 68
2 67 74
1 20 86
2 66 85
1 55 119
2 25 145
1 11 105
3 9
1 32 37
3 138
3 138
3 146
1 145 126
3 14
2 83 146
1 84 26
2 5 119
3 86
3 63
2 86 122
2 20 79
1 97 2
2 59 24
3 55
3 50
2 149 18
1 21 83
1 121 101
1 47 103
3 43
2 97 91
1 9 100
3 65
3 51
1 27 48
3 17
1 8 99
1 5 3
3 2
1 39 15
1 43 114
1 57 126
2 87 38
3 148
2 99 81
3 88
1 147 75
1 1 103
1 63 129
2 68 124
3 75
2 76 108
3 51
1 149 89
2 27 31
2 138 94
3 22
2 121 27
3 46
2 89 124
2 5 76
2 40 47
2 5 137
3 4
2 35 46
3 60
1 53 6
2 25 38
2 137 121
3 46
2 111 85
2 146 88
3 8
3 6
2 141 20
3 80
1 58 32
2 103 30
2 14 100
1 121 88
2 113 108
2 64 55
2 13 136
1 56 29
2 111 103
2 13 58
3 103
3 146
2 60 95
1 107 76
1 76 16
3 62
2 16 118
2 110 21
2 6 41
2 124 101
1 52 113
2 141 35
3 54
1 73 86
1 63 49
2 30 89
1 129 75
3 144
2 43 107
1 119 44
3 43
1 66 114
3 139
3 24
1 5 101
3 93
3 79
3 53
2 143 12
2 18 6
2 52 128
3 14
2 84 65
2 78 99
3 55
1 39 103
2 98 137
1 62 112
2 50 147
2 11 10
1 81 89
3 71
3 45
3 72
1 9 49
2 126 73
2 116 115
3 89
2 78 81
2 90 141
3 76
2 47 142
1 8 94
3 9
1 101 14
1 29 43
1 99 52
160 27
1 99 17
2 58 64
1 26 123
1 67 25
2 116 74
1 149 25
2 89 139
1 118 49
3 144
1 125 108
2 12 113
3 143
1 130 146
1 112 115
2 136 9
2 120 90
2 63 50
2 140 117
3 156
1 153 62
1 79 26
2 86 16
3 140
3 9
3 71
3 98
2 31 37
140 42
3 5
1 60 102
3 10
2 58 12
2 120 60
1 108 75
3 35
2 48 135
3 92
2 108 69
2 120 106
2 45 69
2 1 29
1 84 126
3 129
2 28 7
3 60
2 1 14
3 112
2 44 135
2 101 101
2 93 90
3 130
2 98 60
1 6 118
2 119 20
2 78 92
2 98 100
2 129 17
1 135 34
2 44 38
1 20 14
2 33 21
3 47
3 94
2 94 34
3 26
2 24 90
2 27 120
2 27 110
1 19 30
3 123
36 12
2 32 27
3 24
1 29 26
3 36
3 29
3 27
1 11 19
2 26 24
3 17
2 1 32
1 6 32
2 32 16
159 16
2 111 20
3 2
1 85 141
1 52 146
1 70 20
3 49
3 12
1 73 79
3 105
3 40
2 57 139
3 139
2 124 147
3 35
1 89 35
2 35 27
160 33
2 19 122
3 40
1 140 54
1 97 79
3 129
1 108 84
3 129
3 64
1 77 79
2 104 103
2 136 136
1 38 145
3 24
3 146
3 56
3 9
3 1
1 114 119
2 81 19
2 27 129
1 40 114
1 7 68
2 151 20
1 64 13
2 125 32
3 61
2 88 154
2 51 62
2 142 49
1 18 96
2 103 97
1 59 44
2 129 86
70 191
3 12
1 34 7
3 33
1 32 2
2 12 49
2 60 13
2 24 62
3 62
3 16
3 55
1 15 63
1 48 29
2 46 19
2 35 70
2 69 32
1 13 22
3 48
3 2
1 60 60
3 42
3 46
1 47 57
2 12 14
2 24 69
1 48 69
2 65 20
1 60 36
1 27 33
1 23 57
1 2 42
3 17
2 31 53
3 11
1 2 45
2 11 63
1 43 52
1 59 51
1 5 26
1 27 49
3 33
3 67
3 13
2 69 34
3 67
2 3 35
1 36 58
1 57 24
2 32 50
1 9 49
3 41
1 55 40
3 39
1 58 38
1 49 67
2 58 40
2 68 62
1 62 33
3 58
1 49 53
1 15 35
3 45
2 4 61
2 39 17
1 38 5
3 17
1 34 65
2 15 18
2 17 6
3 57
1 45 20
3 16
1 30 46
3 32
1 69 67
1 32 56
3 6
1 4 25
2 32 52
3 40
2 43 21
2 25 50
2 2 41
1 61 26
1 26 14
3 26
2 18 15
2 38 48
3 22
2 61 17
2 45 17
1 11 36
3 36
2 27 58
1 44 39
2 22 16
2 14 45
2 7 42
2 11 23
2 41 7
2 6 52
3 40
2 53 69
1 7 61
2 22 69
1 4 26
2 25 43
3 29
1 16 58
2 15 24
2 49 19
1 32 5
1 58 55
2 49 61
2 53 25
1 33 13
3 3
2 8 25
1 3 34
2 58 6
2 51 33
2 68 41
3 34
3 5
1 66 19
2 48 20
1 22 1
3 18
2 32 50
1 13 6
2 16 65
1 54 22
3 9
3 46
2 1 44
1 13 46
3 23
2 67 53
3 50
3 66
2 65 65
3 4
2 55 42
1 3 19
1 4 68
2 41 31
3 38
1 69 17
1 57 4
3 20
3 7
3 63
1 46 5
1 58 53
2 23 69
3 29
3 6
3 37
3 61
2 13 10
2 30 35
1 68 24
2 46 32
3 19
3 55
3 63
1 42 66
2 57 56
1 56 36
1 61 10
3 17
1 13 60
3 47
1 16 68
3 45
3 28
1 23 46
1 27 28
1 54 56
1 65 49
3 34
3 40
3 19
2 65 1
2 18 22
2 26 70
2 12 3
2 49 30
3 60
3 48
2 35 18
2 2 27
21 104
3 18
1 11 9
1 14 17
2 10 21
3 9
1 15 2
3 4
1 3 9
3 18
3 17
1 21 5
3 7
1 20 3
1 3 11
2 5 21
2 5 19
2 12 20
1 4 17
2 11 16
3 21
3 20
1 10 16
2 9 19
2 14 10
1 19 10
2 16 4
3 16
3 9
3 3
3 19
2 14 15
1 10 4
1 4 2
2 16 16
3 4
1 7 5
3 1
2 10 20
2 2 20
1 8 1
3 20
2 21 1
3 20
1 20 5
1 1 16
2 18 4
3 5
1 20 6
3 4
3 16
2 7 17
1 6 1
1 8 18
1 17 2
2 18 6
2 16 16
1 19 2
3 18
2 5 6
3 4
1 20 20
2 10 7
3 3
3 21
3 9
3 3
2 21 20
3 11
1 5 17
1 21 13
2 7 9
1 3 18
3 12
3 20
3 7
3 18
1 10 21
2 18 10
3 8
2 4 18
2 21 12
2 20 4
3 15
3 21
1 19 9
3 5
1 14 13
2 9 21
1 16 19
3 4
2 15 21
2 6 7
3 5
2 5 13
3 9
1 5 5
1 10 8
1 12 8
2 18 11
2 9 12
1 1 6
2 14 1
3 4
1 4 4
170 198
3 24
1 135 85
1 65 41
3 62
3 74
1 24 95
1 122 101
3 140
2 152 139
1 126 52
2 22 81
2 106 7
3 87
1 144 95
2 82 77
1 154 42
1 39 99
1 147 159
1 110 59
3 166
3 121
3 149
3 90
3 41
1 2 85
1 91 44
2 44 66
1 74 74
1 114 139
2 6 78
1 117 10
3 163
1 138 30
1 100 155
1 107 87
2 61 137
1 40 23
3 28
3 23
1 133 148
3 128
1 30 12
1 143 116
3 170
2 13 63
3 29
1 79 83
2 164 78
1 104 26
1 128 6
2 95 111
3 155
1 75 107
2 57 130
1 19 67
1 143 37
1 96 20
1 107 42
1 150 31
2 53 52
3 34
3 19
2 61 81
3 44
1 24 21
1 85 42
1 149 105
2 93 43
1 44 130
1 68 18
3 1
2 53 47
3 36
3 78
1 166 28
1 141 165
2 97 87
3 76
3 126
1 126 50
3 62
1 117 84
2 133 85
2 58 88
3 119
2 36 4
1 11 50
3 145
2 69 2
2 45 86
1 129 26
2 82 47
3 23
2 142 57
1 157 141
2 22 48
3 52
2 146 112
2 153 68
2 61 6
1 93 40
3 90
3 93
3 170
2 117 71
1 63 84
3 26
2 88 108
3 13
2 81 88
2 101 163
1 168 25
1 13 146
3 22
2 95 95
3 55
2 158 160
3 136
2 1 66
3 169
3 70
1 37 32
2 130 5
1 72 40
3 143
1 23 80
2 59 141
1 49 118
2 29 20
2 149 102
2 63 127
1 45 106
3 9
1 147 51
3 129
2 17 118
3 3
2 3 118
1 59 66
3 63
1 129 131
3 96
2 6 47
3 85
3 169
3 46
2 64 37
1 103 71
3 76
1 107 124
1 5 69
2 16 40
3 128
2 133 111
2 120 3
2 62 113
3 137
3 25
2 52 76
2 41 60
3 137
1 91 77
3 141
1 91 169
2 135 70
3 40
1 150 64
1 101 102
1 43 2
1 126 14
2 157 32
3 122
1 44 4
3 44
3 167
3 80
3 135
3 123
3 136
1 163 18
1 86 89
1 40 53
2 112 139
3 144
1 37 2
2 82 30
2 59 25
2 76 138
3 79
2 38 59
2 76 68
3 11
3 26
2 88 66
1 162 157
2 98 156
3 90
2 130 90
111 8
1 88 55
3 89
3 11
1 100 54
2 68 38
2 57 42
3 14
3 93
53 62
3 17
1 51 36
2 49 28
3 1
2 38 52
1 17 42
3 30
1 36 18
3 51
2 18 17
1 26 10
2 4 28
1 28 50
2 15 39
2 9 51
3 24
3 32
2 24 17
1 42 17
1 12 43
3 38
3 42
2 24 38
1 49 19
2 37 25
2 11 4
2 6 11
2 40 1
1 26 33
2 44 37
3 13
3 39
1 2 24
3 10
2 7 52
2 25 28
3 1
1 45 24
3 22
2 22 27
3 30
1 33 33
2 31 53
2 1 20
3 36
1 21 37
3 17
1 28 28
1 48 30
3 1
3 40
2 15 15
3 31
1 43 37
2 12 23
2 29 17
3 53
3 2
1 52 3
2 34 22
2 29 4
2 15 36
137 192
3 49
1 74 7
1 66 24
2 129 79
1 133 76
3 101
1 34 95
2 110 29
2 26 36
2 39 111
3 10
3 18
1 71 13
3 79
1 3 103
2 45 28
1 4 120
1 41 87
1 76 78
3 83
1 21 77
1 38 6
1 86 114
1 52 94
3 18
1 40 48
1 130 19
3 20
3 63
2 76 1
3 128
1 70 10
3 106
3 1
3 59
2 61 9
2 137 133
2 91 9
3 118
3 48
3 49
3 50
3 62
3 64
1 127 110
3 10
3 28
2 30 53
2 50 70
2 100 58
1 17 104
3 94
1 42 58
2 73 34
2 101 13
2 127 13
3 44
3 50
2 86 120
2 85 113
3 94
1 39 16
3 112
1 50 109
2 118 15
2 29 110
1 79 137
1 51 34
2 22 85
1 44 85
2 93 10
3 33
2 27 129
2 4 69
3 108
2 25 34
1 12 87
3 18
1 114 133
2 39 68
3 10
1 105 106
3 11
1 73 69
1 124 12
1 8 11
2 86 116
3 2
3 83
2 48 32
3 17
3 114
2 131 131
3 37
1 101 112
3 135
1 136 96
1 90 17
3 94
2 34 21
1 86 93
3 128
2 123 24
2 13 29
1 108 6
2 26 82
3 27
1 4 7
2 119 133
1 25 134
2 118 53
3 133
3 118
2 17 72
2 76 98
1 21 15
2 100 17
2 38 6
2 11 77
1 31 69
2 129 98
3 82
1 9 125
1 136 23
2 61 119
1 111 66
3 110
3 104
3 70
2 113 20
2 80 71
3 122
3 132
3 63
1 105 120
3 96
2 80 81
3 39
2 58 108
1 4 18
3 127
2 134 39
1 118 78
2 90 47
3 39
3 14
1 27 121
2 49 79
2 29 33
3 5
2 32 77
3 15
2 36 58
2 134 10
1 59 14
1 42 114
1 135 29
1 7 43
2 95 111
1 93 88
1 83 46
2 62 53
2 49 18
1 7 62
1 98 55
3 46
2 89 111
1 26 115
1 82 86
2 13 41
1 93 22
1 2 124
3 80
1 112 122
3 118
1 130 88
1 103 8
2 31 119
1 59 104
3 28
2 24 27
2 33 103
1 78 123
3 134
1 31 62
2 98 81
2 25 133
2 120 23
1 46 110
1 87 101
2 68 93
1 112 45
164 84
2 15 7
3 120
2 80 113
2 104 143
2 164 55
2 106 15
1 104 161
2 142 130
3 54
2 22 93
3 15
3 153
2 118 27
3 126
2 157 14
3 105
2 35 95
1 128 69
3 4
1 103 4
3 124
1 39 117
2 115 118
2 19 39
3 120
3 164
2 127 2
1 110 110
3 26
2 163 25
3 22
1 25 44
1 90 123
1 63 114
3 123
1 103 128
2 123 31
1 2 21
2 118 58
2 28 38
3 141
1 152 58
1 59 108
3 47
1 10 41
3 81
1 67 107
3 35
1 135 30
3 132
1 13 59
2 68 25
2 160 95
2 127 163
2 147 133
1 96 154
1 8 161
1 59 38
3 136
2 8 67
2 130 57
3 144
2 2 67
3 42
2 44 89
3 22
1 15 26
1 65 7
3 110
3 95
3 94
2 54 45
3 52
1 95 57
3 105
2 58 37
3 145
1 1 149
3 77
2 155 64
3 130
2 42 130
2 69 57
3 29
142 6
1 75 47
2 138 16
3 77
2 64 55
3 68
3 13
83 16
3 8
1 61 37
3 45
3 72
2 31 32
2 4 77
2 9 79
3 35
2 44 18
3 68
3 37
2 40 7
2 35 25
3 2
3 78
1 18 48
136 25
3 99
3 22
3 68
3 60
3 131
3 42
1 69 65
3 27
2 55 53
1 88 133
3 21
1 88 50
1 91 103
2 18 84
3 54
2 10 22
2 119 131
2 102 115
3 96
2 78 49
1 86 3
2 30 3
2 104 13
3 20
2 18 31
139 39
1 52 30
3 101
1 41 71
1 113 5
1 69 122
1 108 1
3 99
1 50 90
1 47 117
3 30
1 68 57
1 102 98
1 30 79
3 136
1 138 131
1 16 65
3 115
1 78 37
2 106 12
3 121
3 127
1 15 23
3 37
1 63 52
2 47 124
2 128 110
1 50 120
2 115 83
3 54
1 110 65
1 14 60
2 81 22
1 103 67
1 134 25
3 116
1 138 94
3 130
1 20 38
1 133 11
163 149
2 83 113
1 149 54
2 5 115
1 140 103
3 149
3 54
1 142 18
3 128
2 81 160
3 136
2 38 67
3 125
1 163 159
3 84
1 141 67
2 102 138
2 125 51
2 23 142
3 84
1 69 111
1 87 49
1 111 16
2 34 59
2 129 133
2 158 133
3 144
2 150 61
1 68 98
2 68 66
1 14 47
1 143 118
2 31 25
1 62 8
3 124
2 31 69
1 6 135
2 65 90
2 64 91
2 31 150
2 139 1
3 36
3 68
2 89 130
3 161
3 2
2 37 9
1 125 99
1 33 77
3 151
2 121 160
1 151 138
2 148 133
1 116 59
2 28 11
3 95
3 90
2 87 92
2 13 55
3 79
1 62 128
2 31 103
2 72 118
2 79 111
2 17 143
3 67
3 99
3 130
1 120 114
2 113 9
2 80 88
2 96 136
1 156 106
1 10 152
2 141 5
3 39
1 57 120
1 153 132
1 113 82
2 117 35
2 149 141
2 110 150
1 63 112
3 117
3 98
3 81
1 95 68
3 93
2 149 148
2 149 119
1 102 102
1 45 152
1 79 135
2 56 116
1 12 37
3 31
1 43 67
3 60
2 61 142
1 66 67
2 107 59
3 14
1 46 134
1 59 25
2 72 104
3 154
3 86
2 99 135
2 53 55
1 136 80
1 83 45
2 83 35
1 43 81
1 132 131
3 104
1 92 109
3 143
2 87 84
1 27 25
3 25
1 112 137
3 109
2 119 109
2 129 76
1 146 104
1 41 154
3 147
2 3 146
1 68 64
2 107 160
3 62
3 3
2 161 67
2 24 116
2 107 52
1 41 35
2 135 8
3 38
2 30 98
1 118 42
1 109 69
2 39 43
1 57 10
1 30 133
3 54
2 26 93
2 81 32
1 72 53
1 154 134
2 15 30
89 56
1 70 73
1 58 52
3 53
3 78
3 80
2 33 41
3 54
1 21 78
2 78 75
3 64
3 22
2 84 77
3 47
1 18 42
1 50 79
3 80
2 3 64
1 12 26
2 14 66
3 32
2 45 9
2 53 68
3 43
3 3
3 28
3 35
2 73 85
3 29
3 68
3 68
1 59 63
1 60 59
2 84 87
3 10
3 35
1 83 40
2 26 44
1 72 41
2 76 52
3 70
1 80 34
3 50
3 47
1 45 72
1 55 23
3 49
3 20
2 89 69
3 16
3 2
1 87 14
3 61
1 6 40
3 51
3 79
2 79 79
130 138
2 34 68
1 62 31
2 68 4
2 13 107
2 117 68
2 55 123
3 54
2 74 72
3 19
3 96
3 28
2 31 96
2 66 43
1 82 11
1 113 38
2 119 70
1 35 63
2 98 118
2 83 104
2 124 94
2 92 84
2 126 103
1 127 104
2 39 15
1 35 90
3 89
3 109
1 45 126
1 121 23
3 22
1 40 48
3 3
2 106 34
1 94 1
3 98
1 64 28
3 30
2 58 50
1 115 72
1 75 11
1 62 59
1 79 13
1 51 24
2 22 3
2 120 29
2 59 40
2 32 98
3 127
2 24 44
2 52 109
2 5 77
3 75
3 99
1 7 124
1 11 22
3 23
2 38 63
1 53 98
2 52 95
1 41 105
2 79 87
3 67
2 72 125
2 18 8
3 9
3 76
3 113
1 86 33
3 63
3 63
2 62 47
1 56 114
1 13 47
1 15 108
3 42
3 107
3 20
1 10 90
2 15 104
1 97 107
2 9 35
2 118 15
3 110
2 83 61
2 8 32
3 31
3 100
3 20
2 110 4
3 35
2 107 124
3 53
3 90
2 94 77
1 90 19
3 96
3 130
3 88
3 72
1 78 85
3 64
2 20 23
3 88
2 99 115
2 45 120
3 90
1 83 64
2 129 121
2 104 97
3 95
2 75 65
3 79
1 114 103
2 100 78
3 19
2 127 79
3 112
1 103 38
2 128 30
2 90 106
1 65 104
1 53 105
2 102 10
2 4 91
2 6 51
3 19
3 69
3 73
3 18
2 70 7
1 55 81
1 25 99
3 11
2 17 114
2 54 121
1 82 66
2 126 99
3 112
8 94
1 5 5
2 5 6
1 2 2
2 6 7
3 6
3 6
3 5
3 3
1 8 1
1 1 8
3 5
2 2 6
1 3 3
1 8 3
1 8 5
3 1
2 6 1
2 5 7
2 2 5
3 7
2 4 1
2 3 5
1 7 7
1 3 5
2 2 6
2 2 8
3 5
3 7
2 7 5
1 3 8
3 7
2 7 1
2 1 3
2 8 5
3 5
3 7
3 6
2 8 6
1 2 2
1 8 1
3 4
2 7 2
1 5 5
3 7
3 5
1 7 7
2 4 6
3 4
2 5 4
2 5 1
2 4 2
2 7 5
1 4 3
2 3 7
2 3 5
3 4
3 1
3 8
2 5 5
3 7
3 3
1 1 4
3 3
1 8 4
2 2 8
2 6 2
1 5 5
1 3 5
3 1
2 1 6
2 6 1
3 1
2 1 7
1 2 8
3 3
3 8
3 2
2 8 5
1 1 6
3 7
3 4
3 2
1 2 7
3 5
3 4
2 1 1
2 5 7
2 8 1
2 2 4
3 8
1 8 5
3 7
2 6 2
2 1 8
111 191
1 73 44
1 15 101
2 73 105
1 31 101
2 40 66
2 107 74
3 96
2 29 60
3 94
1 70 2
3 37
2 104 28
1 25 59
2 74 53
2 98 87
3 80
1 58 79
1 47 23
1 80 5
1 97 51
1 58 19
1 57 34
1 105 59
2 43 53
2 51 31
1 76 23
2 73 27
1 75 30
1 5 98
1 13 62
3 5
1 42 49
3 32
2 88 99
1 70 104
3 30
2 57 43
3 31
3 84
1 67 26
2 67 25
1 65 37
1 37 25
1 77 66
1 63 77
1 32 38
1 52 51
3 31
2 34 110
3 9
2 90 29
2 26 1
1 60 4
3 111
2 88 40
1 21 27
3 98
1 19 17
3 104
3 102
3 14
2 62 32
1 68 101
1 10 31
3 64
3 99
3 100
3 84
1 50 3
2 98 14
2 57 24
1 34 22
1 73 35
1 32 108
3 110
3 76
1 65 28
2 66 63
2 73 15
2 17 21
2 80 62
3 88
3 31
3 4
1 87 17
3 107
1 39 50
3 23
2 8 59
2 47 43
2 14 64
2 26 86
3 91
1 33 99
3 99
2 106 25
3 58
2 29 67
1 67 65
1 77 80
2 69 74
3 90
3 99
1 109 91
1 88 78
2 17 110
2 105 88
3 101
2 60 46
3 46
3 32
2 71 10
1 79 53
2 80 2
1 40 42
2 15 52
3 96
1 83 60
3 56
1 43 56
2 49 36
2 24 30
1 56 27
1 54 61
1 73 40
3 18
2 39 57
1 19 54
2 46 17
1 7 72
3 15
1 26 48
1 61 20
2 85 5
3 102
1 79 109
1 30 3
2 14 13
2 77 55
1 36 87
2 58 95
3 87
3 23
1 28 100
2 38 56
3 67
2 71 5
2 15 87
1 42 2
3 67
3 35
1 18 77
2 4 104
3 86
3 62
2 66 58
1 89 73
2 99 73
3 13
1 102 74
1 104 109
1 101 101
1 81 7
2 94 66
3 87
2 52 41
1 40 62
1 2 89
2 49 68
2 2 39
3 88
1 102 24
2 33 67
3 92
3 48
1 62 54
3 32
3 66
1 45 81
3 70
3 82
2 48 109
2 92 82
1 15 81
1 62 25
2 42 98
2 79 95
2 88 55
3 25
2 60 106
1 58 108
93 157
1 83 18
3 38
2 13 41
3 6
2 53 66
3 20
3 77
3 41
2 41 71
2 6 11
1 36 30
1 93 63
3 48
2 30 87
2 43 31
3 62
3 83
3 9
1 42 24
2 8 1
1 14 27
2 92 65
2 10 68
2 44 78
3 29
1 60 12
3 49
2 54 37
1 23 11
3 66
3 31
1 60 63
1 73 46
3 38
2 19 70
1 12 14
3 12
3 70
3 55
2 54 61
2 68 40
1 47 69
3 22
1 67 39
2 7 24
1 6 35
1 12 65
3 26
1 64 69
2 89 89
2 66 82
2 41 35
2 10 3
2 56 12
1 41 49
2 67 85
2 42 39
2 18 7
3 46
1 60 48
1 24 63
3 59
2 18 53
2 23 56
2 42 59
2 68 6
2 82 28
2 69 80
2 5 44
3 54
2 93 28
1 63 78
2 17 84
1 43 87
3 23
2 75 70
1 26 30
3 63
3 60
3 1
2 50 86
3 79
2 14 49
2 54 53
1 42 80
1 39 2
2 33 13
3 5
3 18
2 57 41
3 21
2 83 88
3 81
2 33 54
2 68 78
2 74 48
1 86 88
1 37 60
3 32
3 74
2 29 71
1 72 79
1 59 47
3 36
2 55 85
2 13 76
2 12 13
2 74 34
2 69 37
2 33 15
3 26
1 64 18
2 33 32
3 8
2 18 22
1 13 7
3 1
2 69 40
2 75 65
2 31 22
1 62 18
2 83 35
3 78
3 73
3 48
1 12 34
3 15
3 8
1 6 48
1 86 40
3 35
1 60 28
2 89 82
3 28
3 67
2 2 17
2 20 31
3 4
2 40 4
3 91
3 78
2 44 12
2 84 30
1 25 25
1 65 76
1 26 55
2 41 24
3 29
1 78 9
2 66 65
2 80 77
1 86 90
3 22
1 27 55
1 47 40
2 63 79
3 23
191 158
3 58
2 26 56
3 96
2 98 156
2 77 188
1 162 58
3 50
3 27
1 165 59
1 166 119
3 114
3 37
1 15 140
1 12 67
3 6
1 177 150
1 99 110
3 69
1 31 79
3 16
1 67 154
2 37 28
2 110 55
3 25
3 44
2 59 159
1 68 76
1 43 26
1 164 86
2 179 185
1 169 66
1 16 183
3 155
3 52
2 82 184
1 182 69
1 54 1
2 80 95
2 186 79
1 178 112
1 69 167
2 74 62
3 165
1 153 40
3 14
3 137
1 23 51
3 143
1 71 188
1 174 148
3 40
3 43
3 143
1 118 152
1 143 170
1 69 174
1 54 53
3 141
3 22
3 106
2 112 84
2 129 120
2 174 185
1 138 70
1 115 123
3 26
1 161 129
1 29 96
2 31 73
1 143 52
1 74 187
2 127 155
2 3 191
1 61 87
1 172 53
2 168 81
3 139
2 60 51
1 58 91
1 135 130
3 26
1 40 185
1 57 95
3 183
3 48
1 74 22
2 13 37
3 14
2 69 98
2 130 13
2 125 122
2 129 153
3 159
2 150 11
3 87
3 189
1 49 104
1 20 176
2 27 49
1 135 147
2 174 97
3 79
1 30 108
2 181 62
1 114 168
1 156 27
1 8 80
3 91
3 113
2 82 5
1 177 8
3 73
1 141 71
3 133
3 44
3 5
3 78
1 10 126
2 16 157
3 134
1 113 185
1 132 11
3 149
1 7 13
2 42 112
2 91 141
3 5
2 127 161
3 66
2 31 43
2 115 191
3 43
1 175 24
1 111 22
3 104
2 63 40
1 158 148
3 19
3 16
1 125 89
2 21 31
2 144 13
3 55
1 79 11
3 24
3 57
1 26 107
2 172 7
2 138 5
1 167 85
3 143
3 41
1 161 44
2 190 46
3 22
2 113 41
1 101 43
1 164 128
64 73
3 37
3 6
3 27
1 40 40
1 20 24
3 38
2 16 51
2 46 22
1 29 2
1 64 48
2 50 63
1 17 64
1 35 13
3 55
1 24 59
1 61 34
2 20 59
2 46 17
1 55 40
1 40 53
3 48
3 56
3 63
1 37 2
1 49 39
1 49 10
1 37 54
2 32 24
3 43
3 48
3 64
2 7 12
1 64 48
2 46 8
1 39 25
3 52
2 55 19
3 14
2 41 64
2 51 10
2 22 58
3 43
3 29
2 45 40
3 8
1 61 34
3 5
3 53
1 3 24
2 7 53
1 35 59
1 30 47
3 51
3 24
3 25
1 9 46
1 54 54
3 19
1 59 48
3 50
2 47 35
2 8 63
2 53 10
3 4
1 34 57
2 4 11
1 35 31
1 18 45
1 19 41
1 43 16
1 18 42
3 33
2 30 25
188 188
2 92 76
1 92 122
1 147 11
3 109
1 155 30
2 19 153
1 78 69
2 109 116
2 44 118
2 70 95
1 164 84
2 162 138
2 80 107
1 10 27
1 162 162
2 149 94
2 94 55
2 107 85
2 92 84
1 132 80
3 6
1 184 52
2 149 58
1 120 97
2 23 156
3 87
1 172 173
3 29
3 141
2 61 4
3 134
1 112 185
1 2 12
3 29
3 2
3 43
3 136
1 14 128
2 79 99
1 147 26
1 137 133
2 160 180
1 63 7
3 134
1 153 24
3 108
1 147 166
2 128 145
2 144 131
1 148 79
1 55 140
1 93 161
2 52 73
1 31 97
2 180 132
2 153 116
3 93
1 158 185
3 101
1 131 89
3 107
3 162
1 180 103
1 9 59
3 166
3 34
3 25
1 105 5
1 159 110
3 5
2 158 177
3 37
2 153 75
1 131 97
1 37 84
3 35
3 146
1 117 63
2 128 87
1 54 19
1 94 135
2 84 167
3 136
1 21 96
3 94
3 138
3 49
1 182 131
3 108
1 173 43
2 85 69
3 135
1 27 165
3 156
1 172 163
3 108
3 135
2 40 114
1 183 40
1 11 33
1 55 125
2 118 177
1 6 12
2 54 180
1 148 153
1 186 54
3 120
2 90 102
1 83 5
3 95
2 34 132
3 120
3 63
1 134 39
3 116
2 134 85
3 118
3 125
2 39 35
1 35 27
2 135 94
2 101 156
1 162 185
2 128 68
2 121 66
3 48
3 77
3 174
1 99 177
1 34 73
3 120
2 20 32
3 1
3 28
2 101 130
3 28
2 25 59
1 55 61
2 123 39
1 128 51
2 136 151
3 158
3 186
1 25 31
3 96
3 83
3 32
3 161
2 157 127
2 44 75
3 144
2 70 186
1 181 136
2 73 94
2 106 121
1 158 82
2 43 9
3 89
1 48 153
2 43 131
3 74
2 61 22
1 62 7
3 109
3 124
1 107 29
3 118
2 2 45
2 47 102
1 154 98
3 33
3 129
2 187 81
2 96 100
1 23 13
2 70 149
2 145 35
2 177 187
2 102 124
3 120
1 174 164
1 184 178
3 167
1 132 49
1 23 147
2 167 143
1 136 80
2 106 166
40 2
1 23 7
3 4
