71
99
268
6
68889789
86898
438939648
999888664
1999826842
1804289383
846930886
1681692777
1714636915
1957747793
424238335
719885386
596516649
1189641421
44897763
1131176229
749241873
1632621729
1141616124
1998898814
1947346619
791698927
1117142618
434248626
1431419379
476667372
296864819
1111783898
1344247686
474613996
77211388
733327814
1669679262
164826621
717293418
67874133
1424321892
993683397
1999337836
1137638147
384696634
1743768897
894661689
362447374
232787891
1698842299
928398892
983866662
1896918466
349638498
4
9
0
1234567890
10
99
6
25
9
1043
0
33
11
268
1099
1
52
41025
