100 100
16808 475250 650074 943659 108931 211273 27545 850879 777924 237710 564441 438166 484493 243043 807988 522504 282328 531730 378841 542613 544304 833170 817710 97158 129561 570934 493100 280279 351817 795336 899098 807827 613513 929268 723811 877634 580980 379150 236580 558822 511968 10673 901394 819337 125486 91746 425229 894092 640195 186358 35002 921154 616709 357945 515669 571491 788125 702197 509531 60904 727723 454667 728550 118025 797802 806854 540978 847409 308229 374934 260299 938982 28636 408014 623866 389815 739064 554537 339426 1670 724116 220095 75630 446502 546518 934196 30106 810405 319452 194299 782189 821124 799506 246883 406753 731567 936717 130338 354439 53145
2 844898
1 943659
38 619359
1 943659
45 477905
1 943659
46 844176
1 260299
43 880400
1 75630
11 673558
1 650074
46 325969
1 194299
7 910963
1 282328
33 179853
1 623866
46 824713
1 850879
41 724832
1 130338
17 819791
1 108931
36 77007
1 934196
46 975320
1 339426
40 556761
1 580980
24 129507
1 475250
39 329095
1 943659
17 140535
1 901394
14 318739
1 558822
1 145160
1 739064
36 307218
1 739064
48 242386
1 894092
24 682421
1 531730
36 699916
1 650074
43 796012
1 16808
45 977296
1 580980
43 301816
1 739064
20 119398
1 408014
26 121211
1 821124
9 273378
0 1
36 401869
1 1670
18 997440
1 650074
7 456302
1 282328
45 918985
1 623866
8 828016
1 220095
31 303456
1 260299
14 233503
1 850879
50 602332
1 877634
9 939998
1 53145
4 495732
1 194299
20 636776
1 522504
30 995224
1 580980
38 991546
1 833170
1 134257
1 943659
49 337705
1 921154
27 301413
1 475250
5 348382
1 1670
29 847700
1 724116
4 265484
1 260299
24 45323
1 739064
100 100
170054 927225 784631 280367 205401 660445 495371 570286 883017 193899 608156 841134 515558 696577 953179 658267 187358 221712 227879 320615 474820 795738 983134 620592 623721 48763 306634 976198 576032 238589 860590 54874 998878 637305 979359 861201 777255 68961 14916 293948 645481 207731 669956 674547 837108 841239 340001 984927 545036 774858 561114 250115 929594 601361 498355 968419 25358 342586 313730 721016 776564 106103 860918 786644 819420 62968 547748 245270 855396 423304 404474 719104 711749 424386 205659 163460 45407 673931 739825 285133 300974 959604 246898 907921 603951 135232 488481 620204 213901 824521 462534 481259 217004 618677 820951 423935 558781 279880 941833 482575
50 174543
1 250115
11 915880
1 669956
41 82724
1 883017
30 190319
1 696577
31 185622
1 841239
45 76959
1 660445
15 791561
1 313730
41 764504
1 187358
6 315081
1 558781
50 40414
1 515558
13 901784
1 623721
9 81551
1 313730
8 824512
1 424386
11 760594
1 795738
11 228743
1 250115
8 256142
1 404474
50 343128
1 135232
15 31626
1 618677
49 901843
1 515558
46 211374
1 739825
40 245055
1 547748
4 354190
1 193899
5 659861
0 1
21 866117
1 68961
3 26940
1 488481
12 716617
1 841239
29 326672
1 68961
21 620241
1 293948
28 685351
1 515558
45 207534
1 306634
46 919532
1 342586
7 478516
1 637305
48 168662
1 25358
9 44937
1 515558
11 963217
1 774858
32 882721
1 474820
16 715828
1 608156
26 320385
1 786644
27 416047
1 561114
18 260521
1 340001
11 333259
1 250115
19 685719
1 660445
18 658690
1 68961
26 102919
1 320615
35 6728
1 929594
41 408397
1 193899
49 846866
1 608156
15 377877
1 227879
46 482711
1 721016
11 454748
1 696577
100 100
368448 949716 241694 259580 567130 195165 333980 553502 295526 110290 574959 114034 211801 165090 87671 535218 880847 521039 509544 240339 385937 603322 597720 536497 791248 943789 428360 425988 145036 765236 383913 185685 745990 683785 263735 422668 500520 972616 167046 665977 326662 365826 182820 271632 422904 72699 936799 92640 914005 909504 800680 748766 207392 904108 264925 314366 57122 114455 777107 127451 51704 530833 71033 932142 961655 281978 942218 753901 357290 173466 84748 3623 289880 459318 301517 564049 182763 121030 649040 52709 605904 502658 510762 375753 561467 108622 44558 6997 426956 266931 21495 645556 192222 429313 802294 231428 142233 477445 234792 402199
3 444857
1 459318
40 712915
1 605904
36 981922
1 121030
37 289720
1 167046
24 44670
1 333980
12 922432
1 127451
50 786972
1 500520
37 679892
1 92640
29 518178
1 211801
27 523490
1 57122
12 226905
1 459318
41 500523
1 683785
35 116814
1 904108
30 185785
1 326662
12 32582
1 536497
33 367333
1 459318
48 972378
1 972616
20 298151
1 880847
37 826721
1 385937
10 219957
1 535218
49 695015
1 510762
1 350102
1 802294
32 644502
1 145036
8 703511
1 333980
24 782138
1 429313
4 447422
1 271632
1 276490
1 530833
14 358644
1 241694
36 469416
1 51704
14 867759
1 477445
17 766715
1 949716
1 63369
1 880847
47 4788
1 185685
29 270572
1 683785
4 641872
1 561467
20 973472
1 683785
30 142631
1 683785
14 863343
1 241694
45 698829
1 802294
31 109001
1 3623
21 266088
1 949716
3 490262
1 553502
31 370779
1 368448
49 567015
1 259580
10 726611
1 683785
41 775056
1 510762
36 606535
1 802294
2 921227
1 683785
34 316715
1 333980
49 914101
1 92640
100 100
445879 918285 470343 164916 45961 63068 735141 810708 543567 320729 563 466364 241970 242891 712624 222279 917314 245762 127011 834841 576979 646001 207395 734508 187657 166552 761787 993432 554545 880740 408777 507585 74253 374109 275515 991455 595020 783029 466672 592371 756664 867948 684025 424544 916855 306009 114982 780553 986289 768164 508360 411020 255380 195357 419462 408488 308354 743900 985789 794245 369881 582467 738284 665275 300237 318910 898568 621835 847940 69685 169652 289550 709267 747468 111 619590 486328 97774 625582 889296 607937 637875 245436 558232 566973 983029 319799 139071 874588 766298 369090 102647 29091 958112 966613 957464 872113 923782 551952 329231
22 453214
1 369881
1 288960
1 289550
45 403331
1 329231
28 67780
1 255380
34 839082
1 127011
22 297957
1 275515
1 400197
1 761787
50 207130
1 847940
21 818417
1 923782
19 764289
1 646001
1 87663
1 275515
36 66584
1 625582
29 245960
1 665275
49 884055
1 329231
21 702029
1 329231
20 117596
1 712624
23 605924
1 255380
1 461432
1 445879
20 766671
1 74253
43 731065
1 558232
20 693621
1 169652
26 479435
1 621835
23 486261
1 139071
23 716382
1 766298
24 112723
1 445879
44 769365
1 45961
22 988342
1 139071
40 979729
1 470343
13 439617
1 847940
2 702673
1 834841
37 482606
1 374109
17 391554
1 993432
41 59154
1 207395
46 988140
1 958112
45 194161
1 923782
26 804599
1 222279
13 443277
1 582467
24 929465
1 738284
20 333843
1 74253
13 44146
1 127011
23 908749
1 169652
49 961293
1 794245
1 792144
1 966613
34 344273
1 374109
22 614487
1 411020
32 245358
1 646001
7 739817
1 508360
15 962616
1 761787
48 458878
1 74253
42 638232
1 411020
100 100
814878 180325 494785 527834 306751 759528 45000 377430 199610 412145 155365 372452 32813 651980 124135 132408 793584 567601 614260 388311 900754 115892 379322 673226 965254 613930 236097 730554 530662 784859 827492 822964 542921 40769 181688 816527 455473 835220 655642 138205 382952 288093 458446 181371 449475 741963 996177 225318 525827 958414 223345 662572 485980 551036 468130 657289 959849 700979 505618 417724 447839 619509 888930 194927 829969 471807 825200 332256 559830 323277 703489 527897 102820 161865 91138 192417 580319 904492 180684 918399 991121 119749 689962 705652 311019 275978 379947 518662 931479 112229 225064 225236 971507 591309 178969 955680 304120 7324 349678 79393
4 356979
1 888930
22 548476
1 965254
33 708820
1 530662
19 152469
1 349678
21 706779
1 965254
30 289076
1 705652
14 659038
1 971507
34 818676
1 551036
7 517400
1 835220
37 120634
1 835220
45 971331
1 825200
11 631683
1 388311
3 176242
1 619509
7 64761
1 199610
4 463431
1 199610
36 984468
0 1
1 495687
1 138205
50 161103
1 349678
18 507137
1 45000
29 239726
1 417724
46 340606
1 619509
22 617775
1 468130
7 671284
1 904492
2 194331
1 449475
9 101463
1 45000
21 808309
1 79393
9 188412
1 551036
15 361897
1 689962
34 514963
1 793584
22 694287
1 199610
13 578174
1 102820
39 284572
1 793584
42 98414
1 888930
43 258744
1 829969
14 900416
1 518662
48 254370
1 7324
29 195144
1 505618
5 425808
1 530662
22 927448
1 349678
17 767760
1 759528
34 352187
1 958414
25 697923
1 225318
13 233252
1 619509
37 933455
1 417724
32 220831
1 559830
13 612137
1 119749
36 842920
1 835220
9 211610
1 530662
20 811267
1 417724
16 242578
1 194927
100 100
203981 335882 826886 910031 756326 812437 146995 343946 452603 923234 628481 963457 292835 676518 198882 708782 433459 362806 174993 574161 848652 616202 708543 953945 49636 207556 321873 57444 947323 637014 378442 284782 885780 669519 547161 861730 864956 459083 729365 903033 819314 459196 434329 22505 619856 437712 403882 811611 99905 392552 177617 996762 948865 645406 432123 965114 4944 48637 585119 52995 952189 253744 517640 274503 70344 655071 336220 848213 703318 209933 427783 274098 47860 447074 335591 244820 344011 780912 853016 934979 228543 996046 48271 560563 903009 273984 531100 440710 838214 18551 642952 254666 3503 251618 614954 135300 17917 707585 911870 367443
4 41516
1 459196
33 90265
1 585119
27 116028
1 447074
3 707387
1 547161
37 595550
1 228543
41 498604
1 628481
28 293586
1 459196
18 134032
1 864956
14 550215
1 378442
23 325512
1 676518
43 164734
1 367443
31 478705
1 780912
11 66682
1 848652
34 304041
1 517640
13 676939
1 146995
27 929713
1 885780
28 810342
1 780912
21 77198
1 826886
13 610333
1 885780
8 454406
1 780912
9 256540
1 378442
32 332966
1 864956
18 68413
1 177617
10 320300
1 585119
2 387847
1 367443
16 358050
1 459196
32 657797
1 49636
45 995251
1 459196
10 715936
1 574161
38 632438
1 209933
25 423895
1 99905
40 116287
1 628481
8 216333
1 378442
5 384203
1 965114
37 878631
1 254666
49 103845
1 826886
26 941274
1 838214
31 415349
1 49636
15 52706
1 228543
6 874528
1 459196
9 398898
1 996762
30 409027
1 965114
36 946663
1 70344
30 616204
1 780912
10 53222
1 965114
26 240703
1 57444
16 594751
1 780912
43 502949
1 177617
48 543209
1 708782
7 158268
1 628481
100 100
984471 127359 428618 124947 222305 977657 949664 733638 449899 191735 348657 168509 153013 259114 96281 276725 779105 684614 252074 739963 292980 464378 948270 291148 805632 719754 325634 338740 552521 451195 677598 889425 836872 984959 93321 488949 628019 437402 320518 406393 512614 423581 691357 587941 988595 903869 535671 282464 521650 965135 176426 439872 891892 985651 981218 630011 342655 916526 863902 905495 396393 98035 24971 192547 456188 836122 831566 483590 412972 954866 871161 512111 40776 928110 269695 623324 31535 118475 634415 155495 440424 846876 673078 421358 825628 705223 485575 490173 198840 24040 168184 554418 350531 633891 82607 594897 502013 885896 831939 517517
22 869685
1 292980
11 861973
1 222305
32 750527
1 155495
46 669259
1 40776
44 492313
1 325634
44 963927
1 464378
34 972982
1 428618
12 559010
1 594897
23 814241
1 705223
31 871293
1 594897
24 524678
1 634415
16 26262
1 805632
8 517720
1 198840
26 393582
1 118475
48 801194
1 155495
23 551349
1 350531
19 556228
1 871161
28 776407
0 1
2 353931
1 891892
50 427295
1 423581
10 919578
1 127359
25 697085
1 965135
20 854178
1 82607
15 985601
1 396393
24 581618
1 98035
38 74576
1 836872
8 410717
1 155495
13 568009
1 634415
21 317407
1 587941
21 352963
1 456188
3 760895
1 779105
32 84364
1 198840
2 341111
1 988595
35 571749
1 634415
22 260933
1 282464
46 774703
1 871161
20 627495
1 31535
43 452501
1 779105
16 732745
1 127359
18 335776
1 222305
15 876492
1 779105
7 594060
1 554418
10 295564
1 168509
50 693520
1 406393
49 834054
1 846876
34 433798
1 871161
9 224375
1 594897
31 767582
1 891892
20 136426
1 739963
50 825422
1 905495
100 100
995057 534873 410054 203854 175776 854582 89556 716163 945049 482746 999453 940471 601632 398401 652264 829548 298920 377371 228202 783960 598583 811580 438997 976030 363502 707657 550931 365582 966421 996363 82152 94046 393171 988455 185158 525094 348016 669809 753862 813967 391174 641879 693087 987031 913053 548027 774380 969711 823433 121952 465773 943302 430188 518880 895609 137538 997037 296203 318479 437124 544089 82575 984510 423597 915124 368763 178124 137847 923880 944156 361675 578723 851432 168658 704972 796580 966195 940528 904657 586037 158217 778348 806814 836585 350258 15861 51558 802601 601237 431514 527534 526476 948911 36163 553267 303807 745109 167508 962174 787538
47 50056
1 553267
9 766834
1 976030
22 836577
1 525094
40 615736
1 94046
45 88461
1 167508
43 418456
1 693087
31 681613
1 15861
34 521546
1 969711
39 222765
1 787538
1 600119
1 586037
25 280688
1 398401
21 437783
1 94046
21 768047
1 829548
1 566976
1 36163
21 302439
1 303807
36 827178
1 669809
25 557581
1 377371
7 725882
1 829548
6 83639
1 51558
26 901987
1 377371
38 972596
1 669809
27 358884
1 482746
2 542600
1 303807
28 254007
1 51558
47 653662
1 228202
7 884380
1 787538
8 859123
1 778348
31 214504
1 601632
33 259858
1 296203
38 17830
1 851432
2 756095
1 601632
31 963155
1 438997
18 796484
1 175776
43 90640
1 716163
34 6430
1 976030
38 941
1 976030
30 369569
1 465773
50 151448
1 168658
6 290321
1 652264
27 957431
1 350258
39 701630
1 904657
9 748608
1 518880
17 804410
1 652264
36 223709
1 228202
6 939615
1 94046
21 56164
1 36163
40 424060
1 36163
49 902745
1 465773
42 579043
1 778348
5 34383
1 895609
100 100
783134 273211 121293 900671 624271 472954 905354 49329 270129 535874 891083 293772 249301 216406 773456 607622 25385 828935 695848 958329 912489 68786 584309 586159 532775 622924 608262 123873 723925 93336 796390 842857 513345 74999 937748 767896 343968 887384 474577 615944 960837 830538 592147 24363 499758 869943 989597 222904 928382 945282 579295 593789 423805 691656 590688 601984 442218 35566 235294 566257 429939 321852 819488 54191 12681 423833 53527 966430 708708 973415 657618 119926 982639 147527 719546 951358 156126 442308 993880 933552 861642 651960 143982 674466 76326 412495 793894 803065 614564 895430 25502 106873 276941 878054 914330 172233 742281 99360 985475 390041
27 805590
1 742281
19 117487
1 156126
25 417699
1 343968
16 584228
1 147527
9 20936
1 442308
12 192833
1 474577
45 448804
1 842857
17 372305
1 76326
14 482412
1 235294
10 63806
1 719546
23 990216
1 878054
44 681481
1 156126
35 565050
1 842857
34 100849
1 474577
11 331581
1 566257
34 928567
1 429939
36 94443
1 566257
14 294894
1 442308
14 157762
1 657618
40 400798
1 276941
20 675861
1 123873
12 47514
1 796390
5 1124
1 622924
21 375817
1 861642
23 552613
1 442308
1 297042
1 276941
20 545944
1 321852
9 423583
1 390041
2 116462
1 719546
30 369628
1 592147
11 13457
1 343968
40 276412
1 49329
14 782671
1 783134
21 739358
1 474577
30 848200
1 123873
18 588420
1 723925
30 567800
1 412495
6 810816
1 803065
30 823025
1 624271
23 644497
1 249301
30 370372
1 293772
31 255578
1 513345
16 554609
1 624271
46 151853
1 474577
11 600161
1 249301
33 822111
1 989597
36 318021
1 695848
6 672709
1 293772
50 956994
1 293772
25 27082
1 321852
100 100
855639 424204 347508 156023 647014 95296 484852 554184 85699 917858 447801 990357 921090 921802 874500 978011 326675 598296 111529 479692 64648 2582 513294 892521 956169 352416 277477 868525 213054 394765 282488 855796 88520 642694 354807 709506 492232 585379 241350 451231 904210 783388 914633 790975 742985 987271 214554 912912 159389 943165 659939 764689 780608 352663 121159 12817 389176 508978 669493 285378 422030 892291 869861 43752 984028 626522 891440 35741 893365 95778 249137 181006 303012 611685 440656 332976 693160 281540 342650 563900 242173 621975 791991 455467 116743 126223 293022 683461 369835 179448 581294 810418 4102 920366 258249 620775 782333 234389 398766 989259
3 305311
1 424204
38 533993
1 874500
9 569751
1 554184
38 492633
1 455467
11 712812
1 352663
8 958554
1 984028
8 373803
1 369835
40 79515
1 181006
49 704068
1 64648
11 282254
1 513294
7 596369
1 43752
23 195438
1 621975
47 209418
1 683461
36 178889
1 956169
8 691921
1 398766
3 324190
1 12817
4 56199
1 513294
39 766547
1 64648
39 736812
1 126223
39 952005
1 791991
23 513047
1 293022
21 574028
1 742985
6 108730
1 783388
39 237151
1 764689
24 778046
1 116743
3 894389
1 285378
18 866623
1 181006
47 169662
1 554184
43 36891
1 920366
12 406344
1 492232
26 527239
1 893365
8 481516
1 43752
33 392978
1 921802
14 548536
1 990357
24 810324
1 398766
9 967960
1 943165
28 205453
1 440656
42 608122
1 709506
31 325382
1 389176
8 637155
1 642694
16 212681
1 508978
26 15789
1 563900
48 29707
1 282488
3 559332
1 659939
47 614728
1 455467
42 4843
1 492232
20 38012
1 242173
44 295374
1 669493
3 526565
1 874500
38 54041
1 956169
100 100
730206 646788 74415 998402 249666 340000 912160 100458 61391 531044 116883 495483 622904 606240 17185 794262 368605 534433 145028 755785 46525 4857 707415 74708 904949 359609 993905 234988 466836 946733 261137 861758 578526 206565 83955 644329 242234 433624 902231 973245 807371 615133 11305 180286 84680 476165 617656 297127 992680 561411 976721 280591 573502 199225 611350 367968 648803 950711 623505 756764 427161 733965 761929 489928 10102 121601 268383 286545 874986 10070 914824 244856 746769 391679 138928 962870 408275 419422 429238 442558 617321 419790 224813 210243 826684 375803 687542 543153 525068 122988 516289 145108 25034 578833 587282 393504 93233 473428 675751 983986
21 730020
1 121601
25 214218
1 761929
1 858535
1 807371
20 600546
1 442558
30 850970
1 249666
49 483550
1 516289
19 130809
1 180286
3 360118
1 100458
42 783732
1 707415
14 976802
1 874986
9 926979
1 442558
14 873584
1 904949
24 733788
1 543153
8 573763
1 419790
36 44631
1 268383
27 717051
1 516289
19 204592
1 648803
20 107602
1 914824
24 533593
1 100458
1 641513
1 180286
20 232852
1 61391
35 479612
1 122988
28 354442
1 826684
46 40007
1 587282
39 397883
1 525068
24 797004
1 623505
24 279938
1 393504
44 488250
1 25034
47 825076
1 976721
27 130331
1 543153
49 196198
1 973245
48 174338
1 874986
31 928808
1 122988
44 879667
1 25034
43 633076
1 755785
13 790030
1 807371
8 612557
1 46525
7 250953
1 495483
39 116212
1 794262
10 159683
1 874986
47 13645
1 756764
9 617004
1 648803
47 82956
1 761929
28 75964
1 761929
35 837988
1 495483
2 517291
1 286545
50 574791
1 17185
37 585263
1 587282
15 502279
1 11305
50 618851
1 297127
100 100
6644 245969 808177 896502 376047 835489 417721 12482 329250 15712 868348 84845 218477 106797 306079 198257 768237 5663 75640 754640 286480 210488 778267 963101 101607 932092 400357 74899 173347 276871 161634 179002 703591 614385 448059 661128 134595 705987 758098 987090 541236 803728 242969 106501 761465 443541 389789 840211 841884 63224 507832 431624 69157 938715 305813 724170 425753 870163 884882 357936 928236 721672 566425 703071 202867 757594 831129 685627 912334 332200 61304 186127 476689 734242 592490 368420 362682 794416 31924 457799 406453 880269 182962 14890 806502 979184 688994 117421 719614 261043 500027 677251 632957 176433 242307 889893 598965 470903 167907 952091
20 564303
1 705987
43 573433
1 198257
44 337948
1 202867
15 884794
1 938715
35 728559
1 12482
21 376743
1 389789
30 218546
1 541236
31 958797
1 688994
41 670107
1 734242
32 59415
1 218477
3 423893
1 306079
26 926138
1 376047
38 145767
1 306079
5 162961
1 566425
46 576386
1 566425
19 512565
1 417721
5 481116
1 566425
41 35724
1 15712
10 965421
1 688994
19 938318
1 161634
22 464052
1 724170
23 641600
1 598965
50 817077
1 117421
38 860634
1 425753
10 594211
1 117421
17 250171
1 688994
43 414787
1 541236
30 348284
1 840211
32 477660
1 761465
20 254572
1 431624
4 389597
1 979184
49 468238
1 841884
29 111995
1 724170
48 994199
1 979184
41 91331
1 889893
30 745308
1 841884
25 318434
1 134595
32 2872
1 734242
30 597147
1 218477
25 26385
1 63224
46 669250
1 661128
9 117414
1 614385
1 765643
1 592490
50 550855
1 507832
47 204760
1 15712
36 499949
1 167907
5 793134
1 134595
45 551967
1 987090
20 263759
1 794416
46 873424
1 329250
100 100
535221 839677 794976 425086 703769 724593 923568 957825 194145 191787 859191 581114 489326 241239 722744 86704 510313 43612 152897 5873 405064 625897 530828 232366 620704 800220 649244 887872 735601 587250 331530 344739 435798 771966 850917 240444 645780 516948 369649 937178 477149 576581 874561 393139 27993 993762 91518 579077 992589 125543 616146 615105 131780 364470 242676 535466 945754 150716 120541 793170 28 990702 563157 179511 577586 421694 796707 374594 676473 399816 58300 61506 120447 806954 713038 163150 801823 347121 856455 736823 543847 335460 528197 747129 395753 201217 777658 434877 722300 233194 530904 192537 464264 800436 924516 687120 755622 734494 390153 795345
16 512877
1 563157
10 796938
1 5873
43 174442
1 676473
49 694244
1 806954
35 651993
1 489326
34 31895
1 806954
44 272278
1 489326
18 300569
1 242676
3 486855
1 587250
2 166191
1 625897
45 906288
1 859191
38 861583
1 957825
23 393183
1 625897
37 35531
1 924516
12 265334
1 120541
21 944598
1 703769
15 753834
1 91518
34 423536
1 435798
21 409270
1 687120
32 417333
1 957825
2 957248
1 364470
12 656662
1 937178
41 761563
1 806954
28 604436
1 859191
27 392060
1 242676
40 289647
1 335460
34 701952
1 587250
37 729600
1 61506
44 467156
1 587250
17 598674
1 242676
31 348059
1 993762
45 77382
1 27993
43 491491
1 543847
30 699741
1 435798
6 336183
1 535466
46 360416
1 530904
40 942426
1 242676
33 804046
1 649244
43 401082
1 859191
17 954367
1 887872
40 879660
1 347121
37 71993
1 625897
3 758806
1 489326
6 841664
1 563157
50 863934
1 859191
32 446497
1 242676
45 112218
1 625897
10 678540
1 796707
5 250869
1 887872
18 788276
1 435798
100 100
659611 519460 321189 197349 482634 626833 992735 19907 490651 11211 204708 574776 412421 24309 797722 189508 827200 337958 550462 344208 785191 387711 970601 847137 149579 487239 238894 126116 606916 876573 647648 25344 922752 308340 687996 566627 791615 25686 866420 847081 673099 818857 116210 341490 227646 200166 241077 182152 882442 93974 316816 346745 925747 643004 235284 456541 820134 115254 915887 302853 683813 286669 650283 333388 267569 370563 295705 119597 864813 876965 698810 715046 140017 491710 692262 120579 542362 233032 250513 115012 488057 731961 55000 539198 698343 664507 53524 511545 883908 867285 582788 810581 320058 60379 540941 740810 376263 238067 948122 735937
8 140927
1 149579
7 135953
1 126116
1 691037
1 456541
47 976600
1 948122
31 495637
1 847137
38 714255
0 1
32 551174
1 550462
45 231217
1 204708
13 626477
1 189508
10 446076
1 948122
7 668564
1 582788
1 926737
1 550462
32 917276
1 847137
47 699510
1 606916
26 869025
1 337958
43 185545
1 267569
23 212255
1 346745
38 357749
1 683813
37 631414
1 387711
29 422604
1 740810
20 922809
1 948122
33 732368
1 19907
21 670952
1 25686
13 297625
1 791615
22 956030
1 740810
34 334128
0 1
12 487231
1 302853
40 965260
1 827200
25 920478
1 606916
16 468033
1 883908
42 67180
0 1
38 818432
1 11211
36 250311
1 810581
8 467293
1 267569
6 957337
1 820134
43 256727
1 286669
5 20986
1 740810
13 561807
1 60379
45 999782
1 542362
22 383382
1 250513
1 87620
1 120579
10 790186
1 992735
31 677657
1 673099
37 952960
1 683813
34 752331
1 970601
50 560066
1 715046
34 253614
1 238067
25 818154
1 60379
12 619721
1 412421
19 383468
1 412421
100 100
955316 411265 27392 179250 163541 392888 38024 592045 882539 101122 242068 477353 942753 729813 355457 433063 170552 339185 696301 927617 18028 22718 89221 48209 903111 14862 324091 666864 654091 604659 696505 148933 22743 617174 707811 919812 810258 778654 923015 491873 498901 847408 268022 415339 388761 853482 688035 927538 184883 426642 49511 540634 840638 31505 377110 996392 291450 539161 717072 48537 567960 753950 905476 518726 300388 974829 321881 98008 330956 282773 413008 945624 340998 323063 893713 511015 874239 187597 339420 401348 467864 118175 70559 141270 725133 76013 920068 911180 350723 874367 377449 314255 221264 315885 682648 301780 824601 333138 190824 499621
12 916956
1 22743
20 97710
1 567960
9 442293
1 666864
3 237153
1 324091
25 953672
1 324091
37 140392
1 942753
16 960065
1 22743
14 162983
1 654091
1 206559
1 592045
10 765606
1 477353
42 348459
1 893713
34 679572
1 355457
42 458259
1 511015
34 955319
1 567960
41 520485
1 118175
29 752007
1 540634
15 847632
1 882539
33 907413
1 340998
13 235758
1 141270
48 716036
1 101122
44 710060
1 824601
8 779408
1 617174
41 678270
1 824601
24 202277
1 810258
16 864650
1 567960
3 998589
1 911180
6 338223
1 315885
5 704176
1 753950
49 981799
1 118175
48 554168
1 696505
24 929300
1 355457
7 290365
1 540634
18 132262
1 388761
30 63200
1 725133
28 740461
1 617174
33 711754
1 567960
5 416341
1 118175
23 777985
0 1
23 153602
1 89221
20 298675
1 927617
36 779086
1 874367
29 146088
1 927617
22 905383
1 221264
21 45161
1 392888
13 266864
1 49511
49 374888
1 696505
41 614606
1 392888
40 528386
1 491873
6 107624
1 499621
39 658235
1 707811
100 100
459667 34889 698536 573516 305770 611298 552088 220887 766391 20391 708170 384553 697297 369256 399802 763201 793891 21235 401595 396601 498875 812589 462287 724026 172354 3392 687869 855276 246421 44082 801500 417086 724796 700620 884852 442996 83140 386396 394670 144446 767799 663995 262180 10448 180744 599197 240927 650464 490946 471327 971772 366020 760986 429920 321481 791080 471735 262127 993048 138359 104625 870497 628474 420599 21992 568554 233540 849801 70531 815707 539661 290129 10939 110501 165611 790729 825059 685488 440195 885153 68981 764857 567699 27616 214056 761423 650344 403760 244450 185129 312101 289471 249066 739593 485890 790467 408593 147453 274158 971725
41 435088
1 408593
40 466457
1 147453
1 784968
1 793891
45 335817
1 321481
13 923067
1 321481
3 472919
1 321481
44 833890
1 724796
50 205048
1 147453
30 557615
1 420599
17 911528
1 417086
18 309042
1 815707
48 945975
1 172354
47 119218
1 262180
30 893002
1 885153
38 555651
1 249066
15 260069
1 110501
29 780514
1 70531
13 575804
1 459667
40 131287
1 687869
46 437500
1 855276
34 627205
1 663995
12 976923
1 885153
43 825163
1 165611
4 958875
1 185129
47 801279
1 442996
37 616390
1 110501
28 859799
1 312101
31 163139
1 650464
4 79041
1 650464
25 375327
1 724796
48 385644
1 708170
14 152269
1 801500
47 612054
1 611298
28 599559
1 274158
39 899131
1 739593
12 341852
1 240927
33 261127
1 312101
29 209274
1 321481
43 390723
1 274158
35 198251
1 611298
11 399198
1 144446
11 41343
1 110501
8 887637
1 498875
9 801658
1 971772
13 55568
1 739593
24 794433
1 321481
22 293098
1 708170
22 302138
1 312101
47 112937
1 825059
42 96625
1 628474
100 100
885182 480219 617184 682778 963394 737669 294609 117391 417521 681748 804607 937316 450042 48940 659736 948134 721295 594917 71436 305271 75877 523197 812964 456141 374492 800492 367852 285890 11881 82086 824918 130718 720624 679903 371430 968709 278151 434368 232387 946233 380340 710689 826416 629230 364793 28001 331605 255813 562308 431540 976778 984208 210386 323477 410415 158261 244123 518236 521510 442098 417194 946487 10177 352314 953064 260843 135202 348378 703572 757693 590985 220896 477112 652894 486680 239678 228440 986320 794750 530741 33876 30656 809834 586335 851166 360183 139249 659922 208308 584868 276604 561245 450031 370079 719451 304052 714096 326467 882596 151566
9 494285
1 963394
11 169949
1 139249
13 846958
1 158261
37 775958
1 380340
8 845400
1 151566
31 829485
1 210386
47 493807
1 721295
34 897356
1 305271
6 272416
1 260843
48 699690
1 714096
4 711101
1 434368
15 821975
0 1
39 590594
1 158261
36 282450
1 82086
30 3434
0 1
41 447883
1 885182
29 326405
1 380340
8 821125
1 228440
20 522252
1 617184
20 516693
1 659922
3 41081
1 348378
23 586997
1 885182
39 971454
1 757693
20 839260
1 244123
15 98020
1 851166
9 401367
1 260843
2 473784
1 757693
39 62486
1 757693
17 278200
1 367852
46 817403
1 48940
12 840657
1 139249
24 666385
1 937316
20 956668
1 826416
27 590636
1 244123
27 985355
1 885182
46 26038
1 530741
40 640005
1 794750
34 183762
1 210386
5 589461
1 652894
30 307071
1 851166
43 239889
1 434368
30 570913
1 456141
16 260897
1 530741
10 534063
1 804607
12 220939
1 220896
33 886732
1 151566
24 806427
1 374492
18 174817
1 456141
20 183779
1 737669
40 890967
1 82086
100 100
168219 857115 844776 864242 238364 206321 880765 655877 402210 90694 792835 901546 616121 237681 867655 864604 905679 173344 756189 359079 588516 398685 411296 851184 966608 303010 544834 997386 357697 520338 446214 390388 924561 300026 828146 552917 860275 558052 709969 864267 188331 351654 717805 692942 528864 397940 986991 728438 904771 911141 345352 981286 479272 834527 481223 689064 174225 41807 896892 845452 4306 36705 487962 755409 958252 445098 439049 158765 560127 442709 333625 9155 43789 249046 368592 680319 616223 731120 241169 108283 37090 205149 228783 9344 268975 629208 200227 948196 96947 467116 36505 196731 879405 388751 701515 583485 583414 732125 187894 101918
13 451414
1 958252
46 677265
1 520338
13 61447
1 655877
20 244660
1 108283
49 803208
1 206321
23 455159
1 411296
35 730947
1 368592
35 74170
1 834527
50 952517
1 9344
38 45585
1 629208
1 819414
1 43789
4 316462
1 560127
27 579629
1 924561
19 375047
1 446214
31 21299
1 948196
20 966984
1 187894
18 281995
1 588516
32 892983
1 206321
17 782345
1 206321
49 612096
1 692942
32 721092
1 616223
9 337959
1 368592
12 239897
1 9344
2 260351
1 717805
11 758627
1 867655
21 695997
1 629208
40 309430
1 911141
49 546195
1 901546
34 682130
1 467116
24 993015
1 188331
21 907956
1 9344
15 97229
1 303010
42 561498
1 792835
18 347775
1 411296
37 524221
1 303010
25 505917
1 732125
3 899473
1 655877
15 35799
1 629208
8 262661
1 756189
23 110003
1 560127
21 340443
1 174225
15 157883
1 351654
49 777386
1 966608
42 314607
1 756189
24 780604
1 359079
5 938251
1 689064
2 605763
1 487962
50 145259
1 629208
8 513168
1 487962
20 774457
1 467116
100 100
221211 800806 830640 831558 971141 877418 916484 7386 544635 760841 346821 841096 449382 361054 714920 514372 434729 773493 949929 350107 558187 422027 20764 523377 413962 216657 104163 268954 668640 854168 501061 211183 375701 271631 206821 155835 8470 73141 889413 180760 793568 657424 936126 449035 427420 554668 758146 418311 837021 333531 784837 674334 467547 648571 576761 453960 264444 212972 664122 829498 227911 236702 724944 881586 429754 761054 716382 33764 212622 892021 995512 592611 815368 194110 167965 714766 331598 992507 616368 104909 11310 420262 184458 483036 534046 564554 505113 80041 755484 802135 214266 586632 796576 687336 106205 184884 298416 854201 447487 74765
32 759760
1 564554
3 654820
1 106205
20 83891
1 936126
44 619466
1 687336
23 84857
1 505113
28 121399
1 106205
29 720513
1 361054
11 659313
1 194110
24 872480
1 167965
42 6146
1 429754
44 525654
1 483036
48 272627
1 505113
5 832259
1 936126
11 98858
1 854201
7 304995
1 815368
14 668133
1 184884
5 764767
1 375701
20 74470
1 206821
26 696310
1 592611
15 255563
1 33764
39 567893
1 544635
27 380935
1 350107
27 431161
1 936126
16 37272
1 761054
40 487285
1 298416
12 169441
1 298416
41 439297
1 236702
11 537473
1 33764
43 498815
1 33764
28 447394
1 236702
15 999509
1 576761
48 886374
1 33764
41 733113
1 761054
42 291972
1 271631
9 517340
1 854201
24 652974
1 544635
8 10724
1 106205
10 405640
1 413962
27 129753
1 716382
35 140587
1 271631
12 78835
1 724944
47 601579
1 616368
35 879102
1 216657
26 965244
1 592611
25 830935
1 236702
30 605523
1 971141
15 265464
1 971141
36 358541
1 80041
15 345296
1 361054
46 12411
1 271631
100 100
503147 452050 847537 186292 358569 990382 821040 402281 948479 888459 95064 601908 790141 569776 228069 302761 359891 620736 415156 685254 647695 384245 869869 167747 861662 53127 744827 845430 186390 215985 770626 89811 671078 259715 144169 509551 754832 972994 391339 441505 134429 660373 821502 879766 694680 805227 603294 786063 569459 261733 283017 165142 240417 756591 510890 310546 461733 994952 169730 870034 438674 870296 94596 506374 848282 994949 277551 918016 216050 868223 163988 733666 990841 499468 183874 719066 818024 192237 78709 287253 361218 778915 96834 508040 93435 414461 225087 355968 429422 294550 167082 490780 760871 173011 320001 121908 855465 716382 910830 586335
30 985615
1 509551
39 146706
1 96834
27 641680
1 855465
48 54173
1 310546
42 107553
1 821502
11 296395
1 192237
37 987785
1 391339
19 812503
1 586335
25 477877
1 277551
42 226133
1 510890
8 371997
1 461733
47 840932
1 310546
23 910157
1 569776
2 729938
1 216050
11 737402
1 671078
21 417266
1 918016
5 47258
1 96834
9 544901
1 192237
28 337952
1 121908
44 208765
1 186390
30 418261
1 192237
28 62766
1 225087
36 334903
1 361218
33 936911
1 972994
4 69623
1 620736
47 665577
1 144169
7 538759
1 461733
20 576375
1 302761
39 752923
1 694680
27 608085
1 660373
11 497497
1 972994
6 516025
1 719066
24 155344
1 870296
12 793136
1 144169
35 484382
1 510890
23 814795
1 821502
18 420420
1 620736
13 666676
0 1
44 691284
1 586335
15 514221
1 361218
37 460856
1 778915
1 291996
1 756591
29 845786
1 569776
13 475029
1 888459
34 581772
1 790141
35 763231
1 144169
49 527940
1 361218
10 448684
1 461733
9 54427
1 361218
16 406739
0 1
100 100
325792 241862 241128 482922 593201 717789 875617 562252 867394 198248 648410 109706 608872 654425 672948 456292 431897 832167 64819 459260 127519 824030 112803 962426 974062 384643 470805 988781 775359 829445 111300 387415 695525 588876 723438 222240 224909 23084 27952 14485 922555 374000 840396 187980 535505 279424 931191 45119 341155 825619 921762 228014 560341 899839 211443 38012 760911 45337 300643 470174 128682 265041 291126 604581 146010 394778 4924 515876 512411 396966 898326 662766 639614 773013 707870 389576 772208 111584 275147 311548 954927 179365 328275 657929 615317 348307 771923 933312 886223 304782 799170 180341 119414 484733 782292 98941 594391 852014 227760 937447
17 235408
1 852014
21 203510
1 198248
1 939969
1 937447
41 210537
1 672948
40 360646
1 840396
41 997699
1 535505
47 300268
1 723438
49 386481
1 937447
23 623938
1 374000
15 897164
1 187980
35 739741
1 840396
20 148113
1 954927
1 865809
1 396966
27 998094
1 515876
24 854054
1 988781
26 895039
1 937447
15 293859
1 14485
14 308721
1 64819
1 550994
1 311548
5 917270
1 937447
50 163380
1 27952
44 40761
0 1
5 49936
1 922555
2 391367
1 799170
38 284288
1 515876
48 703931
1 64819
34 595327
1 4924
48 820151
1 723438
23 962538
1 484733
30 577576
1 937447
1 260402
1 431897
15 636229
1 64819
31 704992
1 228014
12 926613
1 128682
50 563680
1 615317
32 793050
1 775359
12 198195
1 389576
49 256434
1 799170
23 889514
1 723438
47 884032
1 64819
38 154525
1 560341
18 750277
1 279424
48 339356
1 535505
19 756224
1 127519
2 777769
1 241862
14 475145
1 662766
29 343444
1 431897
9 607017
1 146010
47 273375
1 484733
32 513432
1 45337
100 100
206392 176521 886508 29073 311954 242334 806230 278303 230382 913633 661995 179366 773539 594798 294849 362255 321641 686512 383419 957391 810210 368085 232764 38551 224441 687824 744868 700649 141720 771399 910118 854158 673198 192830 535996 547764 489335 85355 422245 543405 620271 31106 21015 781937 544810 909732 919171 568334 168698 456165 746070 185140 998529 792991 978543 61864 883418 211111 280818 438208 48425 812205 536837 593878 942758 393511 596588 611985 274820 758252 453611 109558 747815 910876 304621 696222 257856 431496 249855 346019 133471 493563 917887 45553 93392 856768 992272 415089 677424 828864 354323 923192 942969 267233 391594 211707 309875 177970 507942 829661
22 929395
1 856768
37 238625
1 192830
35 99946
1 507942
37 606686
1 93392
29 908666
1 856768
19 279019
1 856768
27 651425
1 507942
17 294070
0 1
21 602955
1 211707
22 974780
1 611985
12 774466
1 393511
30 528823
1 493563
31 505946
1 48425
26 120266
1 568334
49 371394
1 923192
43 631045
1 620271
47 870009
1 21015
9 430406
1 886508
37 95228
1 792991
46 820662
1 942969
28 841733
1 85355
45 393089
1 886508
38 952158
1 547764
34 395877
1 758252
42 276252
1 249855
31 78711
1 883418
39 584728
1 274820
20 823818
1 456165
4 31082
1 48425
11 199345
1 168698
38 639245
0 1
32 33374
1 544810
39 600932
1 957391
42 340303
1 321641
32 647104
1 747815
20 530800
1 856768
47 99949
1 493563
10 862541
1 700649
40 416240
1 978543
47 37403
1 677424
17 84088
1 661995
22 146685
1 257856
39 557313
1 438208
11 50006
1 493563
44 321865
1 109558
27 65394
1 321641
26 121916
1 109558
47 66473
1 242334
10 169494
1 133471
22 636960
1 957391
100 100
557594 27196 280975 566196 229513 218653 672857 891047 469146 151467 784579 559326 963168 597279 35767 952261 360942 962413 331132 176902 973491 969134 662476 447299 786796 908018 52265 137507 724136 441691 73070 463833 252043 592067 903072 820490 67433 326877 679220 795609 121054 42217 326568 297626 840567 556585 791328 865034 718711 890095 91566 960874 234447 609780 232342 600294 778187 591300 305364 468694 683903 773005 773460 460148 811909 729451 686341 870905 134708 324949 357485 753513 233195 6834 596094 49303 632154 474100 855511 766485 685574 90108 386099 582655 884291 446328 910219 112070 475816 390977 974236 556323 639705 834490 41506 152575 70546 704382 786288 115857
14 379494
1 952261
46 894335
1 390977
38 414268
1 910219
48 730109
1 331132
5 954555
1 753513
12 696526
1 6834
28 917744
1 112070
45 271171
1 176902
29 649962
1 773460
40 634732
1 252043
1 561858
1 855511
37 812645
1 176902
2 545732
1 639705
15 827736
1 91566
30 910471
1 463833
50 893613
1 6834
8 140424
1 73070
13 941136
1 974236
23 820372
1 679220
14 199093
1 475816
13 506839
1 91566
4 189117
1 176902
20 749191
1 639705
9 916163
1 360942
5 360417
1 121054
21 928196
1 704382
37 273979
1 67433
18 339387
1 280975
39 495864
1 360942
43 284705
1 121054
27 932287
1 582655
8 622576
1 137507
20 495995
1 390977
27 538287
1 331132
11 500546
1 112070
29 261629
1 121054
29 482723
1 233195
13 215637
1 73070
3 633888
1 234447
24 777771
1 91566
6 819249
1 952261
34 89395
1 73070
8 97562
1 6834
41 232459
1 360942
24 725062
1 840567
33 19402
1 910219
33 997192
1 566196
12 672344
1 70546
40 746525
1 704382
32 144761
1 176902
100 100
160848 407171 779939 801810 982796 206293 552631 927968 363053 713829 374556 601907 978252 776077 238879 239242 955424 727618 186257 908861 410421 795338 302908 500420 810517 104249 619340 214232 310526 726855 178657 830812 17424 984710 683485 833004 232259 795707 717769 507957 730067 522923 628860 792110 823125 132680 600265 324021 236439 252261 159176 364398 561364 526229 181664 646712 625309 104010 584833 106532 703049 805018 828806 99288 411587 937372 801787 979547 332259 411829 135220 616720 547017 60958 375100 89494 562833 326061 233976 963221 872632 546550 683474 900438 200277 819035 604181 122329 473890 862453 17271 945456 869444 828244 369560 889517 799935 762162 460118 607903
9 165846
1 779939
46 211810
1 239242
29 643238
1 900438
28 534172
1 562833
7 91471
1 762162
13 213512
1 200277
21 798818
1 937372
47 213664
1 252261
8 714718
1 411829
16 422769
1 60958
28 201143
1 869444
42 596630
1 200277
32 838669
1 17424
16 764354
1 214232
31 11070
1 562833
48 614143
1 410421
41 748754
1 646712
5 134021
1 584833
3 718741
1 60958
42 921139
1 252261
28 309503
1 332259
19 493317
1 99288
32 521984
1 779939
30 669255
1 106532
6 738372
1 805018
29 917893
1 600265
11 702585
1 17424
13 133715
1 332259
15 807749
1 646712
39 417947
1 805018
48 794735
1 584833
42 635337
1 200277
9 744422
1 214232
18 752026
1 779939
39 819570
1 60958
15 233552
1 601907
46 603720
1 628860
22 608350
1 628860
50 131992
1 625309
15 983472
1 252261
15 350562
1 703049
50 879409
1 830812
20 700090
1 601907
35 944822
1 186257
36 225622
1 17424
38 25894
1 375100
49 424519
1 375100
6 625169
1 833004
3 937283
1 730067
16 780348
0 1
100 100
326776 81778 717584 447909 134082 640206 648393 930641 622552 517548 21197 615648 877417 358800 460445 313175 188890 645839 70590 888804 94025 342676 597002 849635 752224 288296 202261 99273 539546 347810 422269 25509 113049 277289 442966 590745 3450 5807 499866 466025 809740 592853 581834 332236 185634 59337 341190 281416 837568 712120 158586 221304 254955 408369 118966 407647 446453 274636 396319 58381 546754 172757 718352 344047 157053 283275 679295 238953 49184 437217 837425 160491 258344 47113 954024 234927 271282 652520 436986 862563 391408 970114 213519 744631 202984 610916 79049 347159 337149 663856 611917 398734 928139 721967 959890 148216 301193 644802 345045 661848
42 814568
1 391408
12 666324
1 499866
23 62754
1 188890
39 622911
1 277289
13 80656
1 326776
25 555615
1 721967
49 807325
1 301193
15 747695
1 499866
48 333204
1 398734
46 340145
1 25509
17 958493
1 499866
35 368720
1 221304
48 351327
1 326776
17 75117
1 888804
47 589489
1 134082
41 545486
1 442966
38 622373
1 546754
28 791526
1 930641
40 771617
1 862563
9 153399
1 422269
31 74769
1 337149
38 487782
1 288296
33 363533
1 970114
35 266097
1 546754
40 679048
1 888804
18 948508
1 837568
33 541656
1 930641
10 23955
1 752224
41 982669
1 447909
30 268876
1 546754
3 432695
1 408369
20 795879
1 332236
10 103932
1 288296
3 212769
1 238953
31 955361
1 546754
47 489228
1 460445
49 697168
1 721967
7 479480
1 391408
9 292945
1 499866
6 723249
1 622552
22 792262
1 447909
21 611040
1 862563
44 428033
1 862563
45 810603
1 517548
47 636050
1 752224
37 288553
1 597002
35 137707
1 221304
5 682708
1 408369
10 332716
1 970114
40 689864
1 258344
100 100
801183 579503 874943 102656 241779 108242 18757 483457 74235 360649 202970 246418 127056 926398 595999 632302 797475 469384 225127 870006 63771 27759 378855 262505 481467 82286 206793 907561 405650 227630 125981 604761 557600 543463 643647 952488 798138 117317 970739 355234 148690 188475 233910 75157 524886 180459 763880 497658 547825 504101 765657 956839 803138 661134 717783 633760 988668 272242 694025 809581 436123 742881 431769 293541 900725 428173 383237 455227 398870 999189 535713 788989 199098 253592 212809 335134 222690 819849 403995 386251 849877 709669 237862 713871 689425 976479 939564 775002 914671 174759 129665 106054 51761 367345 103501 793092 114021 425962 216964 24633
2 339009
1 455227
45 72513
0 1
31 187460
1 604761
6 354482
1 335134
2 940255
1 293541
28 299872
1 63771
49 645980
1 547825
48 549276
1 809581
4 887489
1 148690
36 784722
1 604761
15 889247
1 900725
12 843401
1 661134
30 554870
1 378855
36 391904
1 129665
16 198865
1 661134
9 128937
1 952488
32 173946
1 386251
3 894990
1 227630
12 628907
1 775002
2 356845
1 713871
5 825239
1 82286
1 748313
1 272242
49 682934
1 82286
31 518282
1 926398
50 457501
1 27759
36 859000
1 129665
20 594033
1 907561
49 254252
1 661134
35 267897
1 188475
45 369725
1 907561
50 224469
1 431769
7 501692
1 504101
39 755961
1 335134
2 850730
1 604761
12 111262
1 436123
22 831389
1 524886
45 232131
1 27759
5 963621
1 604761
32 787980
1 939564
4 800688
1 742881
43 689479
1 524886
36 385278
1 455227
35 738809
1 202970
21 911676
1 524886
43 339730
1 694025
5 313877
1 129665
25 339198
1 689425
9 318871
1 335134
11 61057
1 803138
5 174827
1 793092
100 100
150374 319335 898904 21225 980267 131971 94155 866076 725943 192504 466967 444189 699168 808387 302591 397671 601781 967671 338231 946170 605693 861188 433259 205647 857423 450643 700838 492765 960329 551836 962123 479648 873460 383917 511220 271781 820493 86241 518612 288427 761766 326125 7973 140806 511083 731744 250493 306363 882518 657801 87829 116360 413431 742196 953065 596789 980855 888035 396406 874860 971124 276839 115847 991663 552747 867119 312874 689264 960657 124510 964772 452801 865314 857500 147715 505641 611005 365989 269688 847506 730395 46757 162211 260546 865418 659140 80837 248670 617185 914017 793580 485217 799942 419741 607582 853355 556564 914908 352068 763206
46 46974
1 492765
29 628051
1 820493
21 88655
1 861188
31 935247
1 742196
42 399646
1 596789
33 517183
1 898904
38 183139
1 46757
39 97
1 659140
38 844661
1 306363
37 596431
1 763206
45 444699
1 205647
28 739289
1 518612
14 498008
1 808387
21 333285
1 21225
1 428068
1 21225
50 626223
1 433259
10 321970
1 700838
12 21891
1 518612
17 42872
1 617185
32 541148
1 271781
40 863851
1 352068
45 505324
1 659140
19 237545
1 518612
27 401926
1 659140
45 237297
1 617185
30 850974
1 799942
49 746357
1 991663
6 900704
1 888035
44 46324
1 898904
35 599312
1 980855
29 449898
1 700838
16 413412
1 338231
21 804089
1 192504
14 113435
1 861188
3 67313
1 338231
11 179229
1 888035
46 931269
1 898904
37 598824
1 492765
30 303395
1 21225
8 466697
1 659140
20 773619
1 352068
40 865608
1 793580
25 467218
1 556564
3 652513
1 518612
5 481788
0 1
34 746463
1 94155
12 746382
1 46757
42 153939
1 914908
39 344874
1 617185
24 744623
1 276839
100 100
753015 352421 157094 750987 260382 167154 258041 198336 621857 903604 816473 573866 551380 855965 848720 859413 66900 904034 634054 248211 675808 643228 954230 22897 975417 375401 484590 568923 855390 893558 479097 164371 252231 729060 682152 451726 564236 517828 875708 254396 345750 933244 147904 162886 159410 547923 229923 74038 224192 128136 184882 72199 833503 351985 553885 553890 689066 833864 239918 636688 416337 66361 357573 201686 448280 11691 67650 214399 131504 599202 668687 586960 803703 547937 791219 381075 929585 809510 154753 478270 531272 917766 296600 703686 464985 796526 685496 738035 729395 634530 627553 652286 324307 284414 574852 244662 188078 676075 91194 785782
2 252446
1 855965
49 169740
1 162886
46 650476
1 479097
11 193190
1 416337
23 600567
1 975417
22 832089
1 809510
3 720265
1 599202
22 871009
1 91194
20 633847
1 753015
41 554083
1 833864
6 444369
1 345750
6 29031
1 147904
33 222560
1 22897
48 947296
1 91194
34 617139
1 296600
17 921230
1 859413
29 534621
1 381075
42 975130
1 553890
46 342268
1 636688
22 390231
1 296600
11 588122
1 833503
14 827454
1 975417
22 662665
1 954230
6 154188
1 753015
32 711942
1 164371
16 230557
1 229923
46 332327
1 375401
6 808779
1 753015
21 309902
1 131504
9 284354
1 933244
40 686819
1 381075
44 845294
1 531272
40 609296
1 833864
41 498487
1 451726
31 683794
1 634530
4 362529
1 22897
5 790877
1 154753
32 580821
1 22897
20 200322
1 676075
50 691492
1 74038
17 448244
1 574852
50 596877
1 167154
45 205836
1 689066
48 234083
1 91194
36 895784
1 464985
27 561424
1 324307
29 675729
1 224192
45 30008
1 643228
13 971848
1 147904
12 785025
1 214399
100 100
618437 561431 794260 643585 116766 230307 749071 627819 472846 73148 561878 965658 674173 591293 116869 18835 820374 817617 489555 973874 246349 768004 105912 836348 588644 136680 956518 420176 635203 227730 448570 315979 568029 6755 332244 300562 359494 923333 147841 210199 542104 10193 457665 727482 216042 160777 384878 571072 497876 746185 178423 503024 592902 753828 571775 822014 608831 11430 229166 672442 489986 646325 308784 685362 53745 676625 730441 655371 492187 609490 349922 70629 615393 576799 68726 266264 243378 806812 994273 29886 226732 839245 392567 532358 335353 376525 36044 496774 846785 942471 1200 342303 426525 79574 397798 621549 225674 846255 484994 661726
22 121802
1 503024
38 418772
1 397798
48 766053
1 230307
14 26955
1 685362
47 27348
1 730441
2 226082
1 965658
7 90964
1 79574
40 536143
1 53745
45 759762
1 685362
36 327719
1 160777
21 774085
1 335353
11 275115
1 794260
40 950249
1 246349
24 376549
1 542104
1 48425
1 266264
26 851903
1 846785
17 840295
1 266264
2 856640
1 335353
20 49871
1 36044
49 403067
1 685362
22 393990
1 753828
34 130154
1 973874
32 819151
1 315979
3 126852
1 730441
48 227839
1 136680
17 461743
1 426525
34 358523
1 753828
41 248422
1 136680
43 510183
1 685362
19 834573
1 105912
28 198721
1 266264
9 400210
1 727482
50 911397
1 561878
1 649042
1 973874
12 884403
1 79574
13 841839
1 965658
23 242188
1 136680
31 490517
1 965658
33 857479
1 266264
40 472978
1 266264
32 626043
1 503024
25 138986
1 592902
45 361775
1 216042
32 762126
1 79574
1 438138
1 147841
40 374510
1 36044
24 845076
1 846785
30 189500
1 822014
5 322189
1 768004
43 329606
1 806812
100 100
176169 347937 18629 450900 805805 832823 620450 439921 504074 229884 520794 520259 115890 656103 850694 210953 434603 969901 548303 546414 370981 30841 71105 734087 814277 750249 759906 806798 429906 25351 842926 304956 218789 956485 372738 853231 729679 727127 349622 329857 453415 560504 919286 518096 559732 116910 913964 672597 14711 356830 864614 131156 850254 828135 412415 541102 107800 586638 104677 334585 261490 97404 82888 659672 514021 975514 698533 685886 311346 177725 735483 266211 429719 250421 934946 329833 530769 906635 19191 392936 236285 857533 964941 103422 773933 938651 990793 476229 564197 517599 34795 346412 768788 912050 233784 279278 717865 620232 463529 442919
44 893857
1 476229
13 757547
1 934946
28 983734
1 620450
25 336256
1 750249
42 777713
1 116910
45 834183
1 210953
17 111995
1 177725
46 21143
1 717865
27 987525
1 250421
24 481890
1 620450
42 739144
1 476229
34 610590
1 620450
6 674861
1 97404
8 263963
1 177725
43 16385
1 560504
46 275080
1 131156
25 756109
1 233784
35 126508
1 131156
41 842558
1 864614
46 112504
1 717865
31 516463
1 25351
43 594741
1 620450
41 213986
1 560504
12 681650
1 530769
36 891746
1 304956
5 952034
1 372738
47 477648
1 71105
45 668763
1 34795
38 520572
1 210953
35 764477
1 71105
24 412653
1 334585
5 410783
1 828135
7 240788
1 842926
16 620204
1 261490
21 270543
1 698533
28 63895
1 250421
3 362238
1 19191
1 452445
1 750249
38 739533
1 938651
45 624180
1 347937
18 509760
1 975514
25 446477
1 261490
24 899340
1 392936
27 87799
1 969901
17 822063
1 356830
49 577858
1 806798
50 197328
1 828135
17 289149
1 177725
29 403057
1 956485
29 815666
1 919286
100 100
340709 880588 912374 178555 531516 576008 173034 466336 72702 420996 368550 291940 669291 9280 641666 718653 823698 244490 953372 676855 264057 952407 731156 845451 368063 804749 798136 495880 981193 872700 326673 740558 634653 203631 627684 436007 339018 405562 349876 345577 210523 529303 93551 345045 752492 395728 413740 482755 262189 93166 634124 434985 694751 495433 371824 190752 935154 102170 467850 808513 984196 940334 583944 708380 554788 327501 901445 996673 538544 680 588954 710457 189017 782722 894923 379525 915397 700568 480149 633204 898858 594576 943405 781869 42522 11984 405225 328399 35435 943703 577100 128757 557679 487404 591035 759064 959380 868013 593391 566093
33 698694
1 752492
42 987254
1 594576
40 764267
1 700568
1 346658
1 128757
25 926484
1 436007
25 451350
1 880588
33 467440
1 495880
23 228139
1 128757
46 204891
1 669291
26 670203
1 808513
37 361143
1 291940
22 801649
1 467850
30 369355
1 291940
43 276419
1 345577
19 78687
1 915397
7 471007
1 901445
22 38219
1 823698
38 552194
1 680
26 861153
1 669291
24 150731
1 718653
28 967618
1 594576
43 14821
1 487404
17 891716
1 349876
6 150935
1 467850
21 132435
1 700568
8 538479
1 495880
7 957660
1 379525
5 826226
1 880588
14 939845
1 669291
10 761740
1 379525
8 437135
1 345577
40 183239
1 554788
49 494525
1 379525
5 600597
1 203631
23 245976
1 901445
5 369011
1 42522
21 23854
1 577100
43 959819
1 467850
11 528758
1 798136
37 744021
1 436007
18 198720
1 676855
1 639707
1 845451
40 364771
1 487404
8 413343
1 190752
41 298303
1 594576
19 60777
1 264057
13 610280
1 759064
25 922157
1 577100
30 321199
1 782722
31 259100
1 203631
100 100
653010 236246 241293 221216 101167 96470 664879 926965 957312 490077 314976 363281 939244 595631 857879 823091 277995 405348 918186 969064 497624 136253 12712 783360 860409 180740 69828 289629 269803 665944 409101 373797 641476 290239 657092 718185 939264 226833 306540 437467 613789 248268 16265 124833 140945 596569 632359 307812 544632 269878 243630 171553 398846 486919 764014 578792 344556 547578 910606 403301 391823 280531 135501 988142 981704 733863 304891 246197 346912 944377 698206 702155 900547 542681 367001 236391 739233 628150 322458 588658 756237 499433 774523 99202 477073 482515 808942 805945 596356 668209 248815 856455 29814 583799 374948 261097 216626 660081 897078 313562
20 191972
1 756237
23 554693
1 660081
13 137002
1 269878
27 548271
1 29814
4 824533
1 764014
26 569717
1 16265
40 174945
1 248815
25 585611
1 823091
28 543313
1 248815
14 799554
1 860409
26 76976
1 346912
1 758481
1 783360
34 868930
1 136253
46 960191
1 918186
43 432101
1 764014
28 768861
1 657092
32 899101
1 988142
40 992213
1 547578
3 573175
1 944377
40 8007
1 641476
19 301601
1 490077
42 67060
1 124833
48 478881
1 140945
5 980046
1 808942
7 213990
1 490077
24 732199
1 499433
40 539284
1 939264
44 283846
1 374948
20 766688
1 226833
44 42188
1 437467
11 11440
1 702155
36 519898
1 124833
12 659041
1 124833
1 799413
1 124833
49 724399
1 29814
28 645893
1 398846
22 705101
1 641476
6 412400
1 216626
11 75386
1 910606
46 62121
1 547578
3 525667
1 236391
22 150152
1 718185
4 978583
1 944377
21 963103
1 96470
21 865289
1 857879
38 724080
1 437467
32 589408
1 313562
48 641392
1 657092
13 103821
1 363281
43 602006
1 69828
100 100
320270 452959 242038 379948 616776 454202 365652 730734 433665 103653 91750 837036 699503 478735 550591 743470 305475 136703 879491 927275 240222 129151 815530 179616 670890 198710 24020 83408 961518 956873 398569 980285 151697 322567 961228 615830 612010 824018 150668 264288 889660 386248 77561 170087 142919 385133 367745 338813 130954 343267 888497 103156 37928 754804 854097 907048 127561 209515 182259 897564 643701 776188 2497 567815 323701 494592 234566 681429 86333 222151 913976 5282 611341 605159 996776 581007 75559 352416 963564 947151 429372 655640 42312 731754 676016 855837 809220 943680 388461 591361 472553 562768 188107 166996 215882 719149 12959 928870 710251 999738
44 326606
1 980285
50 291762
1 681429
37 439415
1 151697
8 982895
1 776188
26 570699
1 907048
13 285087
1 676016
48 469076
1 478735
49 975852
1 305475
16 758908
1 494592
36 324497
1 182259
31 199873
1 433665
38 118867
1 616776
6 385734
1 77561
24 413444
1 352416
23 314620
1 776188
47 74107
1 103653
37 176684
1 681429
7 318743
1 591361
9 533996
1 719149
50 568249
1 494592
4 544923
1 943680
45 995195
1 37928
13 599037
1 5282
5 245280
1 754804
25 942894
1 879491
19 945149
1 655640
3 580015
1 809220
16 563397
1 234566
40 603254
1 776188
17 611246
1 837036
49 330585
1 743470
47 198215
1 854097
49 48651
1 264288
37 899510
1 776188
14 447369
1 103653
40 869219
1 889660
22 554326
1 242038
23 768725
1 452959
45 950570
1 91750
15 334804
1 5282
28 82748
1 386248
14 354199
1 494592
2 340677
1 188107
10 441492
1 142919
48 713034
1 591361
33 264179
1 429372
9 518192
1 855837
9 881437
1 963564
47 393513
1 655640
43 417245
1 429372
100 100
880483 419748 54654 171191 75163 140634 109568 352732 243733 9598 463589 981932 522161 218770 761033 703912 30854 242650 977674 344108 325866 152462 968561 20927 954647 525170 837979 712065 528586 854971 364884 589228 829534 306242 426233 489361 718458 191386 256497 499962 238416 111398 770782 546018 860889 748350 555294 473378 774069 190042 838893 551814 659967 48001 471335 1021 481131 842439 471916 857209 752256 129842 232192 873379 231256 570661 168415 445579 382431 473562 325857 293013 535716 369649 919451 54096 504089 437344 981428 968502 791389 521689 872742 184990 212906 430625 782232 480422 528932 600524 109363 809710 328015 443780 942220 631167 852354 166086 786316 618066
7 798669
1 880483
40 966667
1 463589
46 593109
1 419748
19 785618
1 880483
19 530384
1 232192
8 770363
1 860889
7 534669
1 191386
20 598139
1 369649
36 868875
1 968561
50 66077
1 9598
35 389165
1 191386
38 447326
1 880483
2 684784
1 445579
3 465993
1 499962
48 868289
1 152462
8 763362
1 977674
9 87622
1 774069
47 287697
1 631167
42 560516
1 256497
30 890991
1 774069
43 768321
1 352732
29 878375
1 129842
7 512313
1 419748
35 517902
1 761033
49 661771
1 829534
21 989660
1 954647
41 612582
1 528932
38 616282
1 809710
42 810654
1 1021
47 49308
1 463589
28 421509
1 555294
22 746071
1 774069
5 333119
1 256497
30 219982
1 140634
33 576052
1 419748
16 146246
1 111398
27 382016
1 382431
42 822015
1 659967
1 561749
1 256497
30 113058
1 555294
4 632999
1 718458
24 486567
1 369649
1 846599
1 75163
41 698285
1 419748
9 339017
1 369649
9 712437
1 171191
41 214032
1 631167
10 266529
1 54654
29 218472
1 243733
2 781277
1 631167
100 100
138092 968855 278399 487190 162593 416424 300252 734576 922281 695018 304705 671663 982408 435937 291051 265320 317415 373458 63943 210107 599016 863441 366851 535000 90469 522825 100513 846562 157255 88842 323316 137317 882598 30456 228236 271967 361166 42041 449843 825157 839767 210196 181965 947916 213040 980396 180658 346398 759830 943891 315802 241491 639823 346508 238404 740834 300626 573856 925634 581199 691904 934293 728753 625986 324284 146469 193746 206742 214642 423541 895196 602605 737133 773545 851311 110341 351486 410166 216792 430338 793615 161535 890177 459726 750021 725293 544435 808870 470336 562527 436877 304510 961646 137211 700017 396315 834535 430789 531814 953743
24 279809
1 982408
36 648725
1 728753
33 414742
1 773545
14 816844
1 162593
7 528758
1 700017
3 514899
1 241491
36 95091
1 459726
36 126488
1 157255
19 368371
1 157255
21 75395
1 671663
29 987102
1 137317
7 345360
1 181965
33 360966
1 373458
33 585256
1 895196
44 155921
1 193746
28 107730
1 181965
2 567236
1 487190
27 467869
1 581199
1 255670
1 968855
33 785320
1 695018
48 543686
1 961646
17 717279
1 181965
6 987650
1 750021
3 74547
1 922281
20 725426
1 30456
33 860281
1 895196
7 229935
1 639823
31 564167
1 430789
3 149302
1 602605
32 914587
1 700017
4 779872
1 639823
22 671744
1 750021
19 48194
1 110341
19 967196
1 110341
38 380723
1 278399
11 150877
1 522825
25 890069
1 863441
17 274774
1 100513
8 268862
1 740834
12 761401
1 544435
29 145020
1 882598
22 202674
1 63943
5 595450
1 863441
41 19373
1 834535
21 658080
1 42041
27 689904
1 487190
6 350330
1 740834
29 485920
1 228236
7 286407
1 423541
33 922684
1 953743
100 100
187409 508180 369480 333773 295421 731438 76708 422986 885419 868212 900375 451831 875490 443189 405627 556021 80021 320133 457547 932664 144015 253767 411664 996834 330920 458824 322963 314295 435098 987091 558043 278977 409395 50159 386748 171166 417333 207442 136160 300933 588625 386142 70002 181757 113800 246673 224433 401892 263722 900548 988892 71194 384134 316581 332427 844880 324228 482258 264150 643888 476754 510306 606554 179862 316300 246053 943661 689918 784856 16620 918420 407294 600708 350579 448340 70929 630575 527865 359808 447400 51381 114757 249665 50730 757975 461383 387089 689452 193790 12994 968795 535322 53037 836300 900147 380286 506925 50178 643625 712881
26 662130
1 784856
35 848262
1 278977
50 532689
1 588625
22 356009
1 643888
6 886030
1 643888
36 37723
1 422986
6 995563
1 689918
14 803715
1 264150
33 282697
1 535322
29 369830
1 136160
49 778277
1 510306
45 352267
1 968795
3 663476
1 181757
23 622787
1 784856
43 312470
1 943661
4 306916
1 643888
15 844254
1 757975
32 538285
1 689918
13 882586
1 461383
43 240289
1 885419
27 576100
1 784856
19 290234
1 144015
32 228280
1 885419
36 167326
1 731438
35 541431
1 482258
17 273335
1 300933
30 838143
1 387089
46 722004
1 207442
14 257191
1 689918
26 276260
1 300933
11 772649
1 207442
10 644725
1 885419
6 432123
1 224433
5 966289
1 606554
41 889523
1 630575
12 665937
1 712881
50 575441
1 784856
47 66513
1 558043
46 674763
1 630575
40 312859
1 731438
11 413885
1 968795
24 680403
1 16620
20 762421
1 784856
25 955027
1 535322
9 22899
1 643888
26 884050
1 712881
1 849607
1 885419
37 46143
1 988892
35 955266
1 712881
25 546085
1 689918
100 100
122861 934992 209879 375495 660661 563654 333314 897669 378447 931023 463393 927309 985735 231516 239561 664954 683992 411290 911332 434949 726092 69868 530704 37449 17717 21404 342906 78623 550307 692354 163555 20158 175544 673505 233393 170559 103241 149362 391958 319441 740654 972591 163690 577399 195854 710085 649464 372427 348419 630137 991200 786439 62643 800102 201306 986809 103340 867144 252504 638404 918889 632732 119324 444258 208749 24350 579077 932434 871370 30770 705680 59543 714505 938028 232860 558808 634011 936156 783688 8051 608370 959004 393857 918149 939223 655538 297332 77079 703882 32713 815432 618979 483541 874977 774429 376258 530671 773508 526138 114098
34 920259
1 114098
21 519198
1 815432
1 296165
1 483541
34 243826
1 393857
40 636011
1 638404
35 284762
1 103340
33 33443
1 959004
24 631272
1 78623
27 639456
1 774429
33 167205
1 463393
34 530228
1 740654
15 156723
1 444258
26 973570
1 21404
26 891037
1 530704
50 942282
1 703882
47 633168
1 239561
19 256859
1 444258
15 498307
1 372427
12 507286
1 726092
10 260222
1 579077
8 252426
1 874977
12 189742
1 122861
27 500218
1 59543
31 274275
1 558808
45 770831
1 740654
9 209732
1 348419
30 642622
1 800102
28 41113
1 103340
10 551021
1 411290
33 753908
1 664954
22 69900
1 78623
15 548828
1 348419
28 548220
1 69868
42 899913
1 252504
22 401232
1 939223
23 487500
1 78623
27 409560
1 673505
21 221889
1 786439
28 702736
1 550307
48 285383
1 927309
31 530943
1 874977
27 81154
1 815432
17 640710
1 319441
23 320232
1 815432
26 262165
1 483541
11 103117
1 175544
36 481951
1 37449
50 314257
1 815432
50 466093
1 297332
22 203085
1 175544
100 100
170879 647790 140599 643580 755750 38890 905234 861038 701702 277962 271731 312460 61536 566573 713980 334104 842258 257721 159980 770802 664885 258019 509350 307403 674764 811172 332678 996786 845810 548380 41546 768572 357903 601069 794775 911683 91409 252006 177967 204263 408127 460778 137547 324446 322954 508111 700980 636292 941783 543191 586102 406343 248002 869884 58816 314351 240417 61937 526201 158553 599075 417083 886006 691847 472349 59599 559234 722000 933911 297341 331071 97786 237819 327182 637599 253558 990322 120537 797912 293141 899820 559346 527449 964486 805865 571528 949737 352521 241581 863387 800511 188112 191823 105278 917761 417930 588548 885868 103890 864502
17 467138
1 417930
44 529361
1 120537
14 901619
1 722000
50 377776
1 170879
38 563754
0 1
10 864027
1 41546
19 425935
1 917761
42 360991
1 601069
9 58333
1 637599
3 180082
1 886006
41 972861
1 964486
17 295441
1 417930
16 206816
1 601069
3 935285
1 509350
15 859538
0 1
4 296057
1 664885
3 122078
1 941783
26 818797
1 664885
41 935021
1 204263
38 246912
1 297341
12 474230
1 996786
29 643089
1 964486
35 846229
1 700980
23 460748
1 417930
40 286968
1 770802
38 744121
1 722000
36 539067
1 674764
41 962868
1 277962
36 521919
1 674764
22 348893
1 408127
23 969181
1 674764
46 140535
1 722000
4 263463
1 701702
49 570196
1 811172
23 793913
1 417930
14 852822
1 964486
34 595728
1 755750
42 741155
1 357903
15 82540
1 845810
21 407783
1 191823
24 388082
1 722000
24 373339
1 357903
11 59097
1 527449
18 445604
1 911683
17 443126
1 191823
5 309878
1 811172
13 291419
0 1
1 945811
1 191823
35 131983
1 869884
1 146445
1 964486
100 100
630278 850776 2251 813180 608302 211078 639061 582148 809503 636835 37318 314126 374964 566764 139496 137749 926719 60538 981595 42238 471756 359745 655526 933888 74248 774044 234309 209107 306152 586158 461132 765692 738364 580254 434721 432902 939528 738245 728449 747370 50073 523350 82607 790748 89733 218670 208763 301275 844082 399730 144938 399950 112870 253233 4397 657733 83667 607792 401853 163512 821784 453208 931603 213524 685580 18822 469258 970625 806091 993718 224527 986122 754583 82166 158340 382021 35049 208085 853364 642530 885808 241627 992996 27594 618462 710267 649307 593390 176612 810218 674492 499422 23422 205273 590456 932972 361698 191978 722001 511977
31 971299
1 981595
24 462214
1 566764
36 735350
1 774044
39 19007
1 453208
9 680295
1 926719
17 280685
1 163512
36 558318
1 205273
12 816605
1 314126
45 274928
1 939528
20 177079
1 853364
4 867104
1 523350
6 844858
1 314126
31 771737
1 42238
37 826765
1 241627
25 651317
1 112870
34 203555
1 566764
21 95482
1 471756
40 750454
1 306152
27 105003
1 844082
21 282753
1 885808
45 12671
1 83667
2 678153
1 82607
31 936477
1 112870
5 641467
1 453208
13 577066
1 674492
37 224267
1 253233
35 228257
1 790748
45 779454
1 618462
32 45620
1 253233
37 705044
1 618462
50 550629
1 774044
24 11610
1 361698
36 612705
1 471756
30 148211
1 401853
42 283387
1 253233
2 484622
1 89733
38 947390
1 511977
41 782732
1 774044
30 261845
1 523350
15 452854
1 939528
27 460527
1 523350
33 875487
1 453208
43 12158
1 685580
50 441776
1 50073
26 502005
1 453208
5 751482
1 434721
38 586196
1 685580
18 836860
1 453208
36 747886
1 83667
33 546168
1 314126
100 100
360362 874469 12080 229881 985956 663563 40112 152074 542461 812370 447759 57946 324459 373512 719210 259561 52123 365030 312588 523050 968037 696405 372093 675850 510612 520408 179684 540980 148844 556909 99029 844319 273317 538281 487494 875077 802279 27893 206908 399824 643489 738471 793798 598252 961968 439840 265318 346080 607307 526669 5378 986388 7795 93824 987245 698836 469636 96707 601192 116918 883505 629445 553859 151269 863651 607255 280531 520707 612189 23357 968285 52949 542497 208986 663530 503385 646520 629077 286629 659895 535445 952042 735045 290628 954019 964108 368441 364784 296128 905801 975682 570949 389488 121511 421011 454616 504538 497146 471933 108244
35 841541
1 12080
24 538375
1 812370
6 267631
1 570949
39 28433
1 108244
47 251633
1 812370
8 895554
1 148844
21 900793
1 905801
2 499487
1 663563
49 226264
1 487494
9 660290
1 324459
14 318655
1 556909
8 254287
1 259561
36 740730
1 57946
28 363532
1 954019
36 57064
1 389488
24 536407
1 152074
24 57990
1 556909
32 272476
1 598252
32 509029
1 121511
10 834729
0 1
24 809277
1 23357
32 920322
1 738471
50 183091
1 598252
48 123209
1 863651
22 462493
1 812370
17 24246
1 570949
48 242119
1 612189
24 176087
1 229881
15 871921
1 280531
8 797832
1 793798
40 47730
1 793798
10 737170
0 1
48 807664
1 663563
21 330896
1 447759
22 390462
1 57946
8 536614
1 421011
33 100673
1 399824
31 816280
1 975682
46 769342
1 812370
30 453231
1 985956
3 945337
1 57946
30 327362
1 471933
35 263105
1 40112
8 891524
1 487494
34 231048
1 229881
13 368038
1 553859
20 715748
1 373512
11 929545
1 812370
30 158816
1 905801
22 346572
1 421011
100 100
793162 572811 27931 982394 961944 911467 329326 332100 703531 871985 505342 651686 442901 94503 590177 643411 768586 155500 911789 293695 240710 179938 233096 491169 962782 413229 252666 676945 208662 659728 584320 46570 653301 539260 637471 840437 478599 116111 14910 354773 121611 947664 503220 999994 609296 867042 193934 397394 696502 16258 782198 79041 718719 822611 2699 468398 973427 405821 650894 911059 485779 22030 362891 322412 550193 101407 93395 961755 40467 950126 369542 489851 760515 125192 987374 797894 543130 987885 308212 977419 454220 558006 915248 531837 151573 269165 235392 375103 984067 720913 910247 264381 305607 755412 591354 341372 581463 505321 914480 56890
30 971513
1 208662
29 652315
1 125192
46 603568
1 822611
21 294387
1 269165
43 172163
1 413229
40 82999
1 27931
40 916687
1 405821
17 82426
1 264381
49 464216
1 413229
17 608550
1 703531
29 635265
1 505342
40 174291
1 101407
13 754988
1 915248
26 63603
1 125192
45 884292
1 468398
10 614559
1 584320
40 13321
1 354773
9 878117
1 720913
24 726412
1 581463
17 715181
1 27931
33 624884
1 125192
21 771292
1 269165
15 536307
1 329326
47 167995
1 269165
21 561131
1 125192
50 141414
1 871985
2 785758
1 269165
35 365515
1 94503
28 535198
1 987885
5 331682
1 539260
46 548083
1 910247
17 865882
1 871985
14 780650
1 375103
7 26908
1 293695
24 364764
1 676945
5 204510
1 293695
45 230873
1 915248
1 70742
1 179938
18 84994
1 676945
46 617124
1 468398
38 925725
1 413229
3 304242
1 609296
12 487279
1 505342
16 498002
1 720913
14 741879
1 584320
20 508487
1 235392
2 977309
1 760515
5 111518
1 252666
25 861737
1 609296
34 156628
1 550193
100 100
986706 516752 203053 370237 497391 675327 252591 226565 693716 338113 527544 155740 500732 914463 509523 414113 874200 302589 530189 539639 530297 89722 150408 359587 577205 779448 302581 232672 30436 14530 172801 479012 146422 817888 267521 375596 453007 462075 354669 619228 694008 149794 148637 609993 93856 965788 469682 726420 665318 101767 297285 501082 952584 46556 280236 164851 281035 497504 112647 410256 527575 414932 397013 234004 461912 169267 244241 168521 78039 31028 66056 628729 920139 597284 773922 533076 735897 747012 134949 948603 212930 152955 287649 374401 682732 729848 926068 648650 568148 523765 64455 65801 155483 673963 400083 513386 876736 526673 220834 532665
24 179701
1 169267
29 780597
1 414932
50 880329
1 817888
18 363573
1 948603
17 390379
1 93856
24 393080
1 101767
48 608549
1 414932
26 159960
1 203053
30 359515
1 172801
35 813818
1 817888
31 610893
1 31028
45 60922
1 513386
11 799943
1 414932
5 187366
1 252591
8 541727
1 414932
17 809106
1 112647
11 934633
1 986706
11 823034
1 244241
2 268004
1 359587
49 722615
1 747012
43 752468
1 169267
50 358750
1 539639
17 35967
1 747012
28 998383
1 817888
4 790976
1 817888
39 923776
1 539639
21 376311
1 414932
15 614874
1 817888
28 681587
1 779448
22 807683
1 414932
50 430096
1 302589
33 835354
1 619228
33 412448
1 577205
17 580259
1 302589
45 351899
1 597284
30 809477
1 577205
16 872925
1 462075
44 23182
1 93856
34 483165
1 747012
46 77193
1 628729
46 475363
1 876736
49 458865
1 31028
9 652188
1 694008
46 564947
1 747012
32 60925
1 597284
25 426580
1 747012
31 643360
1 619228
49 213298
1 172801
31 631498
1 986706
34 585483
1 568148
100 100
692843 10181 642634 54573 702993 438117 984877 607546 945705 729336 835020 855824 915957 922633 121970 957384 807282 401610 721623 138102 286600 114908 459723 408056 181979 899020 677222 898562 488880 91020 788624 192296 346179 169241 119548 925602 364054 650826 782069 332629 784289 131157 69178 46971 745377 283507 79716 106695 408676 613457 342846 564634 680293 857615 309608 985063 267312 915698 695395 888383 594016 686656 208538 182564 353122 239859 195966 178668 886582 435228 402483 62140 393897 470066 447098 112580 795845 566104 578916 440439 196391 46286 226763 206215 518166 322421 811805 150403 282318 511888 722573 358687 804498 999376 784776 23582 253982 260076 773702 544399
20 519355
1 286600
15 484994
1 518166
31 609035
1 408676
25 477353
1 239859
39 691625
1 594016
16 239108
1 899020
39 477635
1 169241
33 735682
1 91020
21 578506
1 544399
18 486270
1 650826
21 985509
1 226763
8 976830
1 899020
18 511910
1 594016
38 887466
1 440439
3 442663
1 106695
33 180366
1 915957
3 908300
1 364054
46 181990
1 364054
15 476285
1 811805
12 454185
1 196391
23 784512
1 119548
32 808084
1 286600
8 152594
1 985063
4 1874
1 511888
32 157209
1 260076
10 385393
1 578916
22 100863
1 346179
29 652350
1 470066
28 271612
1 745377
16 535616
1 267312
17 597258
1 62140
24 353829
1 169241
1 624582
1 46971
35 339894
1 364054
38 917909
1 613457
42 549351
1 899020
11 534483
1 150403
7 124886
1 346179
36 366871
1 564634
9 602415
1 650826
30 912307
1 566104
41 836678
1 835020
28 224864
1 121970
44 952790
1 150403
15 971329
1 488880
28 276477
1 613457
7 36472
1 957384
1 162456
1 150403
42 613777
1 253982
24 443196
1 692843
100 100
380662 259456 403826 309837 928882 111981 124349 76703 464810 801589 362518 956761 200201 731058 358054 993539 541125 893953 656491 635082 282156 556548 14922 838757 544667 805681 766836 7376 633248 341680 433915 449936 942794 780436 318950 278180 508647 351744 839587 313959 690452 458913 6070 489349 800698 918167 487117 823886 381930 828362 351162 455434 195257 608885 381056 617872 402165 41888 939974 477911 960377 576522 504185 574466 121621 486961 678344 595973 69638 903196 838407 609452 688980 48755 593192 800756 731036 578871 874156 239831 262729 84568 184675 381019 427041 723891 297682 268300 662476 668944 548571 307466 599263 564714 442172 570538 653492 583535 190034 131447
4 981020
1 200201
17 265089
1 548571
22 287017
1 942794
11 395658
1 381930
26 711825
1 200201
22 700307
1 351744
17 452810
1 839587
45 471318
1 131447
40 732268
1 956761
26 476890
1 318950
20 480047
1 313959
45 880925
1 268300
21 657843
1 609452
24 415073
1 489349
27 973458
1 427041
32 296971
1 318950
46 367693
1 268300
9 913956
1 918167
36 98353
1 731058
50 386166
1 403826
25 221173
1 548571
16 984045
1 381930
4 711504
1 84568
11 590187
1 131447
41 560249
1 381930
35 755593
1 903196
8 901193
1 508647
1 954592
1 131447
41 117839
1 556548
4 49467
1 131447
27 496266
1 131447
27 546813
1 14922
45 527003
1 84568
5 123707
1 960377
13 962978
1 599263
7 416296
1 318950
16 833188
1 874156
47 973725
1 464810
13 674655
1 84568
5 810712
1 131447
27 364123
1 200201
25 376150
1 942794
42 933162
1 839587
22 409856
1 609452
44 304995
1 259456
46 285758
1 874156
41 20324
1 564714
8 824034
1 124349
2 788367
1 489349
28 592559
1 268300
100 100
598031 270667 247170 322630 909043 940503 310907 948680 624454 236523 942154 162493 905104 468639 950050 219016 783489 684787 221964 18506 677077 708039 935574 545869 999982 521656 516533 50165 921366 872823 294546 314556 187903 860355 698871 891072 416042 599302 943206 743476 885915 218370 997783 337993 85942 532375 87585 159985 928524 949865 193329 783975 320772 13454 102178 263546 798753 384400 725464 308083 180813 34914 728133 415706 62676 615434 780792 696962 32849 279131 375489 962752 242907 965256 358301 335577 986476 846223 561964 247946 975461 461382 416374 837395 419803 111757 499919 360991 897252 739177 327546 644051 522765 421963 287801 346384 777113 762050 507565 35746
29 649654
1 337993
25 525853
1 624454
17 405105
1 111757
41 940
1 942154
10 941002
1 561964
18 759031
1 532375
35 518756
1 111757
24 186001
1 35746
15 281098
1 193329
37 847448
1 421963
13 485579
0 1
40 988069
1 62676
9 347846
1 846223
1 449181
1 180813
16 405655
1 384400
15 793379
1 247946
7 902089
1 708039
27 482527
1 270667
18 603464
1 221964
46 629115
1 762050
21 126302
1 561964
3 777907
1 468639
37 455638
1 532375
26 635113
1 644051
21 556878
1 102178
24 815814
1 193329
42 153282
1 35746
34 266317
1 287801
29 266703
1 725464
41 841186
1 798753
46 20791
1 162493
4 428514
1 846223
23 252976
1 193329
36 583039
1 561964
11 579058
1 421963
2 369745
1 921366
9 650810
1 798753
40 587350
1 677077
3 459880
1 221964
45 347973
1 728133
50 465147
1 294546
50 640117
1 102178
10 674860
1 950050
45 133729
1 545869
14 881452
1 193329
14 402056
1 111757
22 878849
1 644051
44 697670
1 905104
5 539900
1 762050
19 856167
1 421963
100 100
912386 461993 894241 670482 818928 23012 242787 817592 542212 430129 44651 889280 131266 534016 549810 242188 8776 944151 299916 66772 397198 40347 482553 235747 118319 429165 694922 139395 667706 519360 350476 677893 95429 780338 794475 766084 347683 185144 230088 503561 862952 196975 137785 915583 512080 856125 252022 261896 942198 193992 611302 817061 244251 184938 364059 269472 590492 363325 741655 221337 714747 487668 842693 633793 388575 340550 500089 381472 152085 835616 457194 625048 445544 742191 178071 849285 126280 712215 186456 390274 331043 720135 32823 466457 2943 96027 475030 128680 647799 586424 160382 663359 511149 349146 514438 360225 898855 996782 378220 626368
23 757331
1 514438
33 62991
1 299916
7 321487
1 196975
22 79260
1 542212
40 78147
1 397198
16 674189
1 178071
39 129325
1 944151
34 601245
1 8776
11 48313
1 252022
37 265421
1 364059
47 868960
1 235747
30 535560
1 221337
46 706860
1 626368
41 176460
1 514438
11 208765
1 299916
50 526934
1 390274
38 27914
1 794475
42 363177
1 269472
22 540251
1 261896
49 320272
1 196975
44 625032
1 944151
8 708812
1 299916
20 535326
1 794475
8 403891
1 299916
43 947872
1 445544
48 920743
1 66772
10 667778
1 835616
36 362544
1 862952
50 82248
1 512080
6 187291
1 944151
37 332595
1 894241
7 937069
1 549810
19 278288
1 299916
46 511885
1 894241
39 420431
1 862952
24 259439
1 235747
20 479310
1 677893
26 753024
1 269472
41 642991
1 835616
8 664432
1 482553
16 562027
1 915583
27 52215
1 944151
4 385324
1 849285
37 670147
1 244251
25 700821
1 299916
11 277260
1 269472
42 928678
1 299916
15 869001
1 549810
13 841314
1 350476
10 540451
1 742191
100 100
166882 325501 633148 189595 232272 232325 380726 800400 95248 208532 758742 486424 129512 742519 298795 999161 588860 676171 347325 26953 340730 65102 286757 610698 660491 349800 577332 945727 491239 110907 127697 288185 134744 194127 216613 392073 209048 877515 47960 422159 476266 45718 452923 716576 54773 798550 62776 113315 897356 739686 970382 499845 551726 423248 429868 661542 86697 462156 308054 118172 35471 448867 453138 137571 560505 226783 283101 180086 613608 753574 226809 893835 629067 689155 162108 406221 300007 468633 834052 454200 998420 504299 708861 289557 347318 876744 12651 574544 671169 990145 227952 617518 110479 173173 995612 168281 702351 85994 636374 262820
13 616942
1 970382
42 709237
1 262820
10 731196
1 574544
18 545748
1 406221
13 747442
1 504299
48 404379
1 340730
8 667238
1 617518
14 212551
1 636374
2 574131
1 897356
32 402716
1 877515
11 375023
1 708861
20 46308
1 137571
15 997636
1 262820
3 928877
1 834052
23 641057
1 406221
34 197275
0 1
18 947822
1 232325
37 301591
1 897356
45 945467
1 113315
25 588178
1 406221
48 971143
1 588860
17 933570
1 453138
50 694208
1 429868
2 642074
1 753574
33 176617
1 877515
25 317407
1 970382
27 585506
1 716576
33 811621
1 897356
42 313623
1 758742
29 755865
1 800400
24 518020
1 392073
6 279680
1 86697
40 237908
1 504299
1 819201
1 406221
39 787037
1 65102
42 921329
1 617518
33 522271
1 26953
4 60260
1 208532
34 458537
1 65102
19 468264
1 716576
50 253332
1 742519
16 347885
1 800400
16 260845
1 758742
14 303484
1 308054
5 720429
1 189595
12 811660
1 340730
48 454139
1 168281
41 766916
1 588860
39 990149
1 834052
46 551495
1 995612
100 100
906741 715231 149601 843284 768847 763502 510020 932377 273283 448512 332106 295286 738527 671587 54974 413735 508122 374022 516620 795174 823041 343576 790046 248468 406884 627761 137004 669130 894424 839732 781640 878952 423835 733548 526893 857272 40185 281845 946936 444047 18366 461864 567042 767467 420760 249768 651974 147621 254082 628757 624465 430914 359633 848006 32290 737591 967383 383771 584212 515431 983102 961458 982814 832923 742369 846290 724965 359361 603624 900398 349780 123130 558034 293576 744622 329149 212051 701405 982831 504348 149769 76913 517576 709066 128588 424982 262041 912877 580658 401072 369739 156547 646308 487954 986184 149856 912066 132323 353851 43053
18 970095
1 332106
48 254079
1 946936
27 26549
1 526893
32 469475
1 515431
16 379397
1 961458
31 973792
1 18366
24 622440
1 156547
2 872924
1 709066
4 444572
1 383771
23 731958
1 526893
13 226913
1 967383
25 576739
1 156547
14 594139
1 628757
38 746938
1 526893
28 669952
1 430914
33 884730
1 715231
33 678674
1 603624
28 407131
1 724965
48 748533
1 353851
40 83271
1 430914
25 417845
1 212051
42 52078
0 1
8 930015
1 857272
4 309226
1 448512
2 677118
1 54974
22 777173
1 212051
24 348399
1 832923
6 785700
1 262041
17 961821
1 795174
7 141574
1 504348
39 549340
1 353851
18 644929
1 724965
29 841693
1 32290
5 463584
1 795174
29 252323
1 332106
7 233763
1 76913
46 755061
1 580658
11 559728
1 212051
26 214032
1 946936
13 865508
1 701405
25 667798
1 628757
47 154915
1 558034
38 588338
1 383771
20 911838
1 878952
4 709005
1 932377
1 39094
1 332106
30 621097
1 249768
28 442459
1 461864
22 799128
1 709066
16 573422
1 273283
100 100
961177 112266 149875 200463 484890 877313 546792 26125 474051 269893 127256 305525 10383 688697 470768 916866 258550 744709 33208 26349 769912 338676 517053 44510 597375 504029 281820 310435 640531 438290 469350 628665 903022 45937 668267 202522 850277 817675 328218 239683 879646 796079 667375 949030 433040 597154 273652 612593 946780 402588 331944 560467 688952 707536 822984 770513 434541 881421 172452 830142 1425 702187 697448 871805 642019 317906 579249 678205 303405 709643 580859 305323 329728 86120 430629 811081 836478 45663 219590 274182 445085 745478 853885 881323 195173 121109 121326 760055 777284 481053 695054 101236 328893 245648 783680 36886 876409 634794 211435 456071
19 425757
1 628665
49 400554
1 310435
11 960242
1 281820
21 281805
1 961177
15 332311
1 127256
23 317781
1 903022
41 663493
1 560467
36 278056
1 612593
14 191056
1 504029
27 362757
1 36886
44 309485
1 560467
47 891432
1 597375
48 992570
1 258550
14 962935
1 688952
41 113782
1 517053
27 677005
1 338676
34 61228
1 597375
5 381466
1 709643
41 934095
1 402588
21 846480
1 274182
46 828922
1 961177
9 678020
1 45937
22 772644
1 642019
12 635321
1 269893
45 296924
1 338676
28 474542
1 612593
29 353553
1 688952
24 304927
1 871805
25 371226
1 517053
5 875009
1 770513
27 863098
1 26349
29 46702
1 903022
43 862443
1 338676
25 462669
1 697448
4 37157
1 949030
37 235292
1 211435
47 660138
1 172452
37 59477
1 338676
42 467218
1 916866
29 395367
1 678205
5 691577
1 274182
44 328000
1 580859
1 588207
1 45937
44 900262
1 668267
31 979506
1 760055
29 25768
1 836478
39 40406
1 45937
17 519651
1 172452
37 227135
1 402588
36 483039
1 546792
100 100
8342 929912 30542 395710 757121 317765 755211 738067 297208 366809 927370 587824 279452 498697 441503 852252 186699 662606 788827 562136 511694 666256 408964 679536 546216 380331 575706 17137 343243 295097 104005 599739 777654 770759 204779 573346 318256 89702 946716 605222 524077 434191 745890 907299 589592 583175 159219 127779 906678 737197 454150 765598 520989 858102 803835 443034 707327 638443 52960 120200 232217 454274 738193 870765 920619 771298 549300 114855 327009 394476 865130 557076 505883 645562 78185 346313 143951 702539 99553 117753 179175 163040 892398 915202 480610 789483 921823 965122 934035 589522 147161 609311 132679 977231 378882 563694 628455 616349 340839 470232
33 565204
1 186699
29 375993
1 638443
27 721735
1 408964
41 730979
1 707327
46 979526
1 408964
33 643185
1 707327
33 456033
1 628455
45 104800
1 803835
19 925851
1 454274
36 237512
1 511694
8 578777
1 628455
26 460422
1 147161
6 8612
1 777654
18 414463
1 645562
41 934029
1 52960
13 892849
1 803835
3 893154
1 638443
22 718366
1 679536
23 4901
1 934035
21 165200
1 645562
16 122200
1 977231
7 35641
1 977231
47 677452
1 609311
48 695116
1 441503
17 314872
1 666256
4 22153
1 17137
8 344129
1 78185
5 14593
1 443034
22 261448
1 789483
23 161304
1 434191
30 174093
1 563694
25 933403
1 480610
9 22439
1 346313
13 454366
1 78185
17 355184
1 179175
26 385532
1 279452
6 79953
1 346313
35 980104
1 132679
45 408664
1 666256
50 540547
1 870765
48 112909
1 965122
9 774602
1 589592
22 844001
1 17137
14 227028
1 232217
43 812610
1 609311
18 347583
1 707327
11 901279
1 470232
43 732781
1 89702
29 418789
1 232217
10 321004
1 89702
