100
4 12 4
10 90 84
7 90 96
2 75 65
7 71 13
2 50 31
10 8 94
7 80 23
2 38 4
10 38 64
8 20 75
2 50 23
10 35 79
6 10 56
6 74 57
7 21 45
8 87 78
8 10 46
10 52 46
10 30 9
1 50 14
7 100 0
10 82 97
6 83 94
1 41 73
10 25 39
10 57 1
2 97 59
2 50 78
3 12 65
10 2 91
10 61 19
6 99 6
1 50 58
3 68 57
7 93 38
5 75 78
10 85 88
10 19 4
2 32 68
10 90 7
4 77 71
5 95 64
9 100 100
3 75 58
10 85 75
10 42 92
10 84 77
10 18 46
5 25 96
1 51 77
9 45 14
8 67 60
10 67 59
9 50 60
6 60 49
8 12 8
10 37 87
10 35 23
9 27 37
1 59 34
8 36 97
8 16 56
10 21 100
4 39 34
1 20 10
3 75 38
10 28 14
10 15 15
5 59 31
5 97 35
4 23 79
9 56 34
2 50 100
10 13 34
8 92 22
1 41 0
1 50 20
9 0 0
9 23 74
7 37 31
6 25 71
4 60 97
3 60 17
7 71 95
4 50 0
1 81 100
3 0 100
5 77 47
2 52 80
2 60 19
8 70 74
6 51 40
10 70 62
1 85 75
2 45 63
4 37 62
6 4 97
5 45 52
9 89 45
