47
2 2 2 3
2 2 2 1
1 1 1 1
1 2 3 3
20 4 5 12
100 500 100500 1000000000
2 5 5 9
11 1 11 11
100500 5000 500 100000000
2 2 2 0
1000000 1000000 1000000 2444441
1000000 1000000 1000000 1000000000
1000000 1000000 1000000 2999996
1000000 1000000 1000000 2999997
999999 1000000 999997 999999999
500000 1000000 750000 100000
999999 1 999998 1333333
500000 10000 1000000 29998
10000 500000 1000000 29999
10000 1000000 500000 29996
999999 123456 987654 0
1 1 1 0
219482 801483 941695 280976
808994 288453 204353 580644
428676 64403 677407 626161
559002 326875 150818 157621
178008 590076 624581 201286
797745 854005 98703 735186
418223 118667 573175 776998
39436 384053 48008 313346
661377 149342 523189 353305
781081 414037 495753 892089
402353 679460 969495 930195
593408 709898 624186 915570
1000 988 1000000 3000
91839 2 3 50
999900 999990 4 129
1024 100000 4 13
1000000 1000000 1000000 1000000000
1 1000000 1 1000000000
2 1000 1000000 1000000000
999999 2 1000000 1000000000
1000 1 1 1
1000 1 1 998
1000 1 1 1000
33334 66667 1000000 100000
1 1000000 2 23123




























