4735 5843
1998
3398
-2394
-7444
1817
601
-4303
-6215
3390
-4128
-2428
8756
-7889
3828
-3765
-8866
1113
7795
-9321
-9592
9716
-1329
2697
-4095
-4719
-4316
-8982
-6281
9345
-4390
1301
-5026
-9892
6896
-8564
2938
1052
-8679
-4512
1729
6351
-1703
3121
4286
9527
-7206
-7708
-7164
-9102
1399
-5536
-1085
6040
-2191
1346
-5842
5751
-8851
-9628
8626
-943
-6278
-9742
9677
6706
7082
-1505
9451
-332
-9557
-9905
1928
2212
8715
3794
-6345
4700
4857
4239
9413
9947
-4990
6055
-2943
8893
-653
-1646
2548
8470
-5795
8998
4434
5897
-9578
4710
-4924
-2332
5749
-1034
-1643
5199
-8152
-3633
6831
7695
6983
-6398
-4094
-7935
-9043
-3181
2955
5684
-6587
6674
6527
-6993
-1231
-9779
8090
-8644
2818
-4376
-8069
-6698
6608
5596
-9751
7591
3578
6394
5068
8876
4686
274
-1056
6426
9900
-9875
-6825
9504
-1783
1083
-801
911
9217
-1104
6452
-1793
-4596
2715
-529
-6247
-3991
-2834
-1336
5928
8609
1353
6155
-610
7431
1366
5396
-4620
9525
-2405
9677
-8376
-1431
-980
9391
7276
-9166
6563
-6480
3394
-2244
-8356
5991
3806
6269
9203
-2933
7696
7666
-8728
5138
-2761
-9794
-1085
-2242
-9193
3969
-6151
1416
-4434
3031
8078
-2990
1502
-4426
1245
-7294
-4904
3199
3957
-2638
388
-2329
3188
1650
4960
559
1575
-9559
-3829
3662
-8981
239
6892
1430
-1750
6910
-568
-2209
6876
4383
9095
2300
1462
2015
8325
7299
-7596
1585
5090
4034
-2873
1290
-9251
-9565
-5637
8263
-6544
-8462
177
-1576
7541
-7793
1078
-2342
-5641
5876
1639
9034
-5837
605
8060
8293
2388
-7885
8555
-9963
-9411
-6068
-2718
-8781
2680
-7354
7697
760
6092
4677
-9821
-3000
8223
-8047
9132
-3547
6079
-3878
-6006
-2297
957
4263
-1149
-3202
460
-6590
-3387
6242
4450
-2458
2337
2452
4155
3981
-2782
8027
918
366
-4666
9031
6929
9943
-8172
4313
-4073
-4745
3276
4244
3941
-3582
-3381
6306
-2607
-4381
2644
-4552
-5976
-9158
2781
-9319
3796
75
1480
3274
9032
-9831
7459
8157
3464
-8923
4538
-4171
4372
-1062
8668
-4056
5440
-6751
-9425
-6108
-6518
-188
-7068
-7643
9398
-6674
-6215
9606
-2803
1855
4828
2025
9971
9033
6145
-3527
5148
-8460
8231
6545
7217
-9320
8532
6940
5247
7285
-2117
2859
8617
-9137
-9247
-135
9639
-9611
-1920
5817
-9429
7474
3871
5695
810
9071
875
-8856
-5269
-8020
-9966
3407
-8802
9256
4837
1235
-1881
4255
8336
-3518
-2680
-7309
-5682
9479
-1732
9889
-688
4132
-1784
6903
8651
7178
3570
6260
5480
2212
2310
-5343
9934
366
-3802
-8655
5010
1291
6305
-1566
7547
9324
-4851
8517
5306
-4139
-3996
6372
4734
-1502
-6606
-5652
6723
3440
1110
4754
-4031
9356
-1253
-155
4351
-7658
-4387
5147
2271
-3589
-724
7810
8834
8920
-5104
-8111
-9273
-9230
-4968
-68
8189
958
-6027
1995
1704
-7259
-1803
8185
-7604
-2386
6600
-8468
9229
-2972
-1777
8665
-4751
-3289
-5169
-5504
9034
3215
6133
-2730
5193
-527
-9822
-3235
2472
3271
4692
-9672
2401
-8667
-5240
-9965
-9646
6668
4289
-87
-6285
-3807
1231
-1442
-2268
-7735
-3663
-9377
1920
-5556
5982
-3220
-8304
-3689
-3951
8307
2322
2337
-9879
5590
-2000
-8129
-5383
6780
-5755
-4592
2359
-5803
3921
7189
-9518
-3780
781
-5158
-5717
-463
-4130
-9626
-9689
-4250
-2547
6201
610
5224
4040
-4961
-5128
4501
4181
-1506
-4258
2468
7465
9083
-6530
839
-4762
1260
6174
-660
5942
-3358
7687
8437
1090
552
2599
-4502
-4827
5764
-578
-3131
-5712
387
-4054
1675
3853
-4989
4734
9826
-1117
-1757
-8416
2151
-5243
1211
4576
7339
3843
-8456
3476
-5341
7649
-2792
7857
-5524
-8357
5611
-7272
9548
-4007
-3392
-318
6272
9909
3111
2942
7461
-2828
-5775
6840
-1137
-9400
3213
-6812
340
-4907
8544
-3551
-2660
-200
-7255
-4797
-7027
-6964
-7849
3167
3200
-4662
6006
-5411
-7846
-8345
954
4898
7181
4342
-3268
-6625
6221
9369
9203
4793
-2134
-3898
3208
1094
249
7651
-7358
-5314
8423
-218
-4225
-8493
3698
1488
-5547
6444
-5968
8577
-3292
-7492
-2479
6003
5430
-212
373
-9287
-6934
-4672
5700
-9989
8778
-7643
-6258
-9110
-2852
-9346
1107
6321
-7697
85
7185
2172
6941
4913
5703
7128
-8153
3173
3563
-1495
2448
-6750
-3894
-7472
-5536
-165
795
7379
4614
7853
-952
5952
8805
-6698
2810
-5135
6583
7286
-6680
-3506
-6057
-7445
-562
-621
5968
-6998
9019
-1516
6456
-7207
952
-1845
4062
-1730
7692
-6429
3708
-9318
-1999
-9633
-4389
-1368
-4595
-1802
-635
7830
1500
-4463
-3024
-8930
-7080
-4768
2036
-8088
6863
-4199
3451
-419
9367
3428
-6443
3595
-5849
2851
-133
-4137
8038
-7812
-5073
-4023
5487
1923
4797
5336
-7560
8034
7995
6569
-371
2031
6809
4906
1242
-4467
7328
-8780
7947
5019
471
5589
8898
9507
3304
-556
3545
9277
5351
-3648
-8642
-3207
-7944
-7876
4177
-2402
6632
1338
6314
-845
-545
-9237
3296
-3927
-2190
8845
7186
5829
793
-6710
5600
2141
-9642
2683
-3095
6772
-3982
6767
9194
-748
-4783
-4628
151
-8167
-2931
545
-1583
8134
7689
230
-6155
1581
-6948
-3266
4490
4627
-4656
-1202
-8218
5757
1135
-7380
2256
-675
-6259
3606
-4853
5948
3414
8046
-1043
7123
-5379
-5625
1674
9922
-3106
4174
7075
7549
-5112
-5192
-7566
-5060
-7795
2294
-1334
-6616
-3291
720
2651
3357
9920
-8608
-3473
-8908
4505
-1088
-3746
145
-6238
-4095
2869
1626
-447
7120
3781
-9546
-9572
-6920
4716
-1440
9268
2387
5866
-7402
-970
-3004
-565
-8800
-6365
-8545
9586
-4882
2764
9245
6808
2937
-5107
-5364
-6173
-8287
2167
-4212
-5440
-8760
-9146
6887
379
-7945
-939
-1959
2838
-9658
268
-2219
-5365
-9579
-3173
2610
-6336
-326
2954
-706
-7835
-718
-4335
9291
-5639
7535
-6469
2177
1801
13
6028
9776
3737
-5505
5310
-8836
8267
4447
-5707
7616
1975
9944
5177
8559
-3684
3740
-7590
6177
6295
-4213
765
5458
-4616
3884
6716
-8745
1982
-4536
2475
-7332
-9152
2027
-9660
-9631
8958
-7627
8701
1445
-2095
4055
-4635
9359
-6455
6813
7042
4565
6910
1375
9867
-2060
4859
7275
8930
-6164
1543
727
122
4746
-263
-996
785
-9156
3970
-3533
-2482
-6999
8804
-7532
-695
932
-2189
-510
-9731
9389
-9256
7491
313
7870
-3406
-9509
9463
-4718
8432
-455
-8921
5088
-9820
6818
4835
-9161
6785
1264
-5932
-5801
-6140
-1737
-9622
-460
-3147
8963
-4725
-409
9790
-8222
-5445
-8180
9139
2188
7698
-2958
-8097
4126
7998
-500
9445
-9022
-3426
5458
-7875
-9545
-2289
-9757
-8623
-7322
8503
-4498
4310
-7963
8841
-6881
3895
-5504
4990
5259
-7214
5441
-5467
-6541
-2756
39
-4577
-935
-146
-9455
-1034
2050
-7200
-1556
-5450
8995
-3337
-5964
-2266
9532
8426
-5
9578
-5674
915
7107
1625
8932
4694
846
8283
6553
5737
5339
4797
-2728
-9573
3295
755
9003
3831
-2417
6345
5396
262
-5887
7336
210
7775
7300
1959
-6894
4515
3572
5339
-5385
-739
-5222
-3162
-2501
1912
8760
2648
-6876
4823
-1572
-9560
5260
-3366
-1645
5586
9699
-4080
4490
-4486
-4564
8581
6016
9119
-2221
5530
912
8443
6609
8432
5681
-5546
-7756
-5662
-521
3753
3970
6898
-593
2729
7826
8136
-5522
-8805
-7619
-5746
6429
906
-3213
-1101
3669
-3690
-7180
1440
8148
-7763
4874
3479
-9948
9510
9333
8156
5607
-5379
582
-9312
7274
2597
1187
-6400
-5309
3401
-7495
6185
4591
-86
9135
-1037
5042
-9949
-7039
-152
9131
8726
-1618
4823
-7226
-7298
2860
1416
-8848
5738
-8368
-6548
-3695
-4129
-7969
-1831
9173
3360
-5604
-8580
-5910
-6744
8571
-4624
-6116
-3504
5665
-1401
-8165
6910
-5588
3488
9747
-6862
-9168
4660
1002
-5223
-9061
2159
5500
7046
1629
5918
-6672
2034
3373
-330
-929
-4106
-1096
532
1185
4123
-5194
7034
8993
7105
3634
-5133
3975
6750
5637
1177
8099
2020
-1628
8719
-4434
-9833
-5231
5735
8942
4144
-9979
5583
2414
3455
7295
7723
9764
-812
-9653
6186
3022
-8817
7688
4532
3172
-5881
5752
-7158
4563
-3939
-8226
-9178
-9180
-7382
8780
7224
-7491
-5997
-8381
-7814
-5795
-9431
145
-1614
-1298
2783
-7517
-5940
-6942
-5340
-7087
7775
6035
-8782
788
4509
2087
8491
129
2696
-745
2478
1249
-1910
1319
4169
3296
1585
-5667
-1185
995
5282
-2814
3192
7390
-7498
3206
6167
891
1141
-2527
1992
-2068
4648
5946
6567
9070
7997
-5331
6930
4194
-795
-6279
3885
4600
-734
6885
-6306
-6995
-8877
7671
5147
9827
7059
-3112
5913
1293
5844
8645
-4320
-6652
2506
-5192
6323
-5371
-4123
-4604
1433
4842
1853
-5048
5143
7137
-815
-5642
-2011
5226
6406
2144
-9677
-778
-2517
-9508
2166
-7516
3299
4085
1899
-3447
6072
-1124
5168
4881
-2189
7497
3235
-3222
6242
9142
4094
-2583
-2240
-465
5843
8069
-1228
-1670
4199
-5807
-9192
9420
7612
-2000
-2339
-3854
-2298
6547
2492
-330
-5702
-6214
6162
-1560
4144
-918
-6482
3397
-9763
3147
-5583
-2187
2715
-7852
7408
2136
-4293
-5752
5287
-8211
-872
2555
8146
7886
-9870
7544
6707
2264
2242
8536
8194
1266
9167
7171
-683
-2218
-7642
917
-370
3365
6915
-1289
-1988
3923
6368
1484
-2392
6311
1777
1112
-7861
835
-9332
1637
-2557
6262
5636
2803
-4822
2776
-4570
5832
-3020
-3318
9518
4411
-5953
7482
3089
-8140
-3088
2189
-92
-3439
-111
6176
828
3139
8499
-2619
-5167
-2569
-8934
-2973
-530
8210
-5245
-4910
-2851
-9255
-8067
-9636
9510
5998
834
-5152
1789
-5976
-6268
9958
-1321
260
-267
-364
6817
-5558
-8601
2879
-7187
7717
2907
-1250
-8589
-1976
-4601
800
-2853
3011
-3410
-9310
2717
-3108
281
-8016
-4955
5688
-8479
4766
-2837
-2518
585
85
2581
8744
-7527
4296
8810
-9383
2895
-3211
-3859
4592
4153
1764
-3150
-883
-5024
-2663
-6814
-7429
-7347
2314
-6291
9029
3967
-2511
1336
6983
-3388
3131
1879
-5415
-6107
-7990
2762
-3486
9798
-1447
-1702
173
4750
-2587
-9878
283
-1799
6536
-2552
-2281
-2920
5942
263
-4387
-9731
-2602
2165
-3068
-6261
811
1463
76
-330
6498
6798
-4398
2612
-6615
-4510
5209
5898
-6345
-3154
2148
-9186
-2420
8052
-7574
-2871
-7433
-8476
1811
-4619
3305
-7014
5470
441
963
586
-8936
-4011
7167
-4021
9255
7081
5351
1623
8766
-7339
-3124
-2923
-3621
-3839
-8536
4645
2451
5650
5221
-8609
232
4025
-2840
2988
7488
7676
-7560
-1377
-4832
70
7677
7604
-8550
3547
-4509
4730
6444
6691
-3421
4798
4788
-2550
5689
2709
5531
5985
-4957
2483
-1017
8232
-8654
5929
-397
-8214
-4822
-4764
-3171
-4547
-4962
-4523
-3591
1871
-8539
592
-2070
4322
2522
6907
-5219
1128
4536
7258
315
-5799
6258
-4869
4097
-1651
-2623
-5947
-2476
3935
524
-3056
-3798
-6454
-657
2706
524
5981
-6598
5866
7981
-7183
519
-650
9675
-6261
335
2418
856
-128
-7552
4750
7596
4489
-7429
872
2236
-8155
-1012
6459
8246
-7
-7514
-6484
1606
-6882
-8184
7916
-2012
4688
-8851
4155
-6372
4302
8885
8238
-4303
-5332
8663
3660
5197
8126
5981
-217
6796
-9257
8676
-1543
-3753
-6264
-5329
8706
-9998
1924
2983
-5876
6831
-1207
1495
9459
-281
-6649
4389
-4256
7241
7573
-6117
-719
221
6937
-5736
426
8947
-1654
-9406
-6299
3578
9065
-4437
-647
8786
-2984
-3099
-692
-709
-7220
8501
-7119
9470
8959
1260
5748
2103
4635
-7565
-8966
-7994
8137
-5354
5155
9169
1340
-5886
-1397
6460
7601
9021
7786
170
5384
8248
627
-4435
2571
-6682
3681
-1960
8965
5502
6939
3862
6199
3055
-941
-5480
-2423
-9248
902
2331
6707
2566
1624
478
8370
4684
7599
4761
2933
-2874
-6751
-4452
4700
4172
3804
-9370
-9434
-4800
186
-3200
-8008
7072
-7290
-7615
4491
-9069
5102
-8694
7085
7790
8963
-8165
9214
9964
6015
1635
1220
6624
-3488
-7256
9728
-8045
8863
3506
-6215
-1903
-2315
3371
-6982
-7332
9713
1811
9362
-7202
-8408
1164
8695
3557
5732
1498
2251
5072
7233
7976
5479
4426
-5512
-5959
1861
-3420
6901
-8840
-2369
-8605
-1500
-7749
-4902
-2865
5875
-1941
730
-7047
-5301
-1187
-4481
2736
-3703
4650
-5130
1375
1741
7108
9821
5403
3430
-8705
8523
-584
1813
8704
2338
-8905
1635
2402
-9288
-4195
-8586
8046
-8674
4615
-8455
7693
6029
-6587
-9262
-5651
-5597
2479
1975
404
3178
-9399
-9119
7650
-6451
-9073
-8323
8141
-7218
5941
-1926
8868
-6470
1623
-2538
3206
7769
-1049
1888
3416
-5308
9731
-4695
-8182
4681
-3556
8112
-9382
-5433
-9850
6532
4820
566
-7077
5959
7527
-3499
-3728
-107
7589
-7989
-4945
2875
349
1433
-2925
8743
2159
-7315
-604
-4807
-9094
-2669
8936
1257
-8153
504
-9270
4309
-9300
-3398
-6206
-5996
-2571
6384
6888
9451
-7635
-7923
-2622
3127
5562
-7130
2820
-4767
1172
989
3603
-1125
-9707
4133
2464
2330
6597
8357
-4346
-3545
-4592
-5601
-7675
-362
-8629
5152
-4963
-9299
-5118
-1827
-4334
1526
8438
-9580
4045
-9993
-1122
6717
-3115
5493
-7485
-9864
645
4709
7242
7483
-5096
2193
8683
5683
6976
-2561
-289
387
806
-9359
-2039
1871
-561
7834
-1461
1679
3871
3381
-4480
6731
-6452
1282
-1817
-919
8110
-4106
-1390
-8207
8323
9849
-2263
-2817
5756
3965
2769
4768
1551
7249
-7091
-9160
-7296
-7548
-4385
-1095
2618
7221
6500
-9663
5696
8261
-9164
-5195
-9352
6997
5702
5001
-121
-3676
-5583
-6139
-2809
-3644
1820
-910
7830
9488
4252
1310
-4807
-3078
-3142
3422
1254
5910
7311
3276
6447
3888
5750
3619
-1095
-6147
9912
6065
5151
-8732
9114
8484
-1720
-2615
4348
6339
-7583
-8743
-7112
-5438
3292
3857
-5571
8482
3269
-7420
-7472
-3873
-3157
4627
5716
-1211
3819
5721
-3420
-4212
-3948
-56
-4666
7469
4112
-1984
5508
6615
8702
-6292
8047
-8340
-9240
4783
6152
-8815
-4199
3135
-719
-1588
-7142
3276
-5875
2239
8561
-1761
2164
-4201
-7614
-9354
-8308
1104
-1292
-7545
9127
-4640
6807
-1080
-9192
5967
8312
9499
2934
-7476
-7121
2061
7012
-6694
-8162
-5637
520
-729
-140
-4390
8816
7144
-8720
-6859
-3970
-8405
-5886
-6303
6402
-8555
7339
7318
-8233
-379
7767
64
-8471
6973
5166
-4190
5021
9551
-7366
-2346
4217
-9089
-2150
-5670
8186
-684
-741
-4793
-2021
5660
227
5206
9746
-5281
-5526
-9157
-2335
3916
-7343
-7250
-6748
8817
2457
-5546
-6264
-164
8641
-2320
7856
-1826
5648
3384
-8222
-5456
4114
-5079
29
3700
5522
7771
-7910
3164
-1064
-6505
-9971
1431
8588
5584
-9244
6797
5207
7384
-7718
6555
3469
226
-6570
4450
-7381
-4456
9507
-763
6985
8771
6399
-1471
6598
532
-4116
6704
-4842
8554
5727
-1099
-7858
8934
6220
1031
6551
-4494
3851
-6641
-1248
6907
-5456
-3110
-9193
-4956
8479
-1540
-5637
4465
8279
-4778
-6717
3202
7923
8880
-8970
5505
8968
-5737
9704
2617
4581
-7110
-7930
1783
-466
-737
-2757
-8892
-7136
4087
-242
3662
3872
-6607
-8500
7731
7534
5970
-9357
-8241
7495
-7049
5071
-6025
2598
4912
-519
6889
3834
-9423
4666
8416
7334
-3651
6249
9740
6422
-2476
6786
-148
3441
-2784
-8719
-5011
445
8474
-9624
657
-9947
4948
-7706
2889
-6689
230
-4305
-5287
-9677
-9594
-2177
2200
2683
5634
7978
7172
-7692
-4494
-4360
-8222
-8274
-9517
5864
7366
-2478
-1278
9585
-6945
-2886
-8986
4836
9479
7120
1404
4931
4958
-4205
8461
2913
-5455
7768
-2923
-3912
-8678
-6680
-5435
4891
7348
3838
2164
-7718
-827
6628
-1087
-2787
-6714
6513
8
7614
-469
-3374
-5138
-4219
9512
5800
-6664
4246
8102
7860
-2483
-1426
-4710
-798
-1740
1550
-4573
4566
-3345
-2292
6948
6431
-1120
-2990
887
-8478
-8816
-7993
-77
-7756
-642
-6691
-8158
9871
-2747
-4116
6095
5753
2952
-3156
6061
-1001
9159
8428
644
-5246
1002
-5199
-7155
364
-4082
4757
-4709
-8058
5415
-3330
8038
5010
6402
8673
-7292
4840
-7617
8970
6618
-7336
6463
-705
2204
-1585
715
9330
-25
-9538
8871
9995
8082
-4799
5045
9118
5683
-5221
8205
5808
6595
-3151
-8125
5991
-7854
-4093
-4322
4437
3037
-4963
8639
-5361
2657
-3036
9995
8588
-1669
-6406
9558
2979
8107
-6698
5527
-9812
-88
5357
8911
-9191
9534
-1822
3618
142
-5642
-186
-8358
-529
6131
-2679
7165
6914
1205
-3565
-2311
-5280
9734
-625
-8
-861
5663
6784
-4556
1160
-6880
-8528
-3340
8411
-8090
-7532
-9811
2348
-7750
8805
-3947
7404
3650
5377
-1031
7536
-9518
-4663
4990
-3594
-3212
-8049
-4776
-119
3127
-2914
6417
-4698
-251
4932
-585
-7882
2482
-6193
-748
-3656
3634
-2458
-2235
8423
7685
249
7345
4308
-6367
-4378
-5369
-9742
-5680
1084
-7042
3918
7486
-9618
3985
4941
-2168
1414
1094
6552
-3881
9836
3278
-2355
4812
-8985
439
3982
-7856
-9698
-2856
4389
4474
-8032
-5028
9943
-1234
4395
9286
-3085
-2164
4873
956
8762
-9649
4940
7913
3404
-3204
-8472
-5267
2948
-4019
-3779
-5049
-8548
1740
-186
-4973
4096
778
4278
-283
-3482
4816
-4413
-6406
9732
-241
6168
-8370
-8063
6446
-6134
5746
-7888
6456
9967
5351
-9059
-7342
-2605
9271
-277
-7602
5481
5101
1213
-7579
4068
-2669
3700
3790
9338
9387
-547
-9769
5213
-507
4203
2128
9384
2769
-7211
300
-3692
-8128
-800
-1629
8208
3804
-7079
-648
9202
-180
1969
-829
-2465
-6629
8492
-6789
-8889
-8497
5516
-815
7402
900
-9662
3079
-3376
-3272
5104
5516
-2935
-864
2275
-9857
3634
2359
9564
-5018
-9558
-5207
-9706
8272
9772
6900
-9084
-2399
-9929
8530
5586
6194
1884
-7809
-5431
3359
-8618
9277
-5323
-745
1693
-431
5961
3097
-6738
4671
200
9128
1874
8020
-4677
5708
1307
-9050
-7984
-8945
3811
1500
-2928
2350
-6837
3226
-3828
-6343
1715
5415
8332
-2296
8387
-7876
-4794
-2778
-3337
3320
8884
2865
-9840
-4934
7353
-2751
-4760
7280
-4682
-5713
-2862
892
3820
376
-7227
1323
-382
1558
-4253
2169
-9759
-5147
-6358
-1074
-7144
9767
490
-2656
-4955
9190
548
-8458
-6263
-3004
5290
616
-1837
-2500
-5721
5257
3453
2871
809
-4804
4960
9552
9103
7360
3228
3512
3055
-7526
4351
-5728
-5938
-5015
8134
2792
6658
-5887
7731
-7360
-3347
4230
-5271
1006
-4850
4393
-3994
-8273
-288
2666
-2840
-2513
-7724
-8488
1435
5575
-5684
674
-5647
-2439
1378
-2220
7846
-1503
-2801
-5147
-5751
-4075
-4759
5211
-3593
-7291
4441
7456
-4299
5045
-2829
-4838
5505
7661
-4336
5789
7551
4711
4156
4750
4287
9108
-3618
7009
5900
-5237
9463
-8815
-4512
3647
-7599
-9605
-1934
-322
5721
4948
-8070
5120
-5947
5369
4679
3884
8907
5891
-2951
8642
4875
-2987
-969
8441
2057
-9356
9647
2288
5114
-7730
3655
6960
-2892
366
2354
9602
-2207
4726
-6692
-3837
-6945
-1968
2379
-4634
-2948
-9050
6731
-3095
-389
-7570
4160
3486
744
9130
7540
-1580
-6081
7356
-5964
-1714
9457
7835
-3668
-6966
488
-2236
5955
-5601
8098
-6698
5898
5947
-8434
1247
-9087
3115
2967
4837
-7053
-3885
-7428
-9096
-5135
-2412
8978
217
-9674
6468
-3991
3948
-5648
-1463
7380
4684
7833
-3360
-8520
-9493
-668
-573
7356
-4401
-8654
4162
6672
4492
9435
1176
-9669
-441
-9460
-5215
-4670
4654
3193
-2375
4932
9204
-621
7552
-2346
4845
5759
-6533
3653
8210
-349
-6974
-7377
4089
1438
-7361
-4387
4451
758
4685
-4809
-2926
-5460
-8424
2028
230
-5092
-4594
1707
8781
1459
-9474
845
-933
-2274
-5725
-6953
-4627
4796
5838
-3494
-4799
8013
-5941
2224
6798
-5979
-8370
5177
8119
-1436
-4970
189
-5109
-932
-38
-2690
-6633
1322
-2597
9538
686
-2311
2157
-3443
-7851
-2395
2645
-8777
3277
5969
-4196
1979
-4484
622
7872
-8083
1413
3966
7081
-1558
-1636
7261
9398
3001
9749
6791
-7594
5972
-7974
2950
-5188
-1599
-4791
-9436
-1489
-6407
-3102
-762
-5640
9162
-5793
-5986
3194
-377
3732
-1651
-7196
-8678
-5245
7660
2535
-1996
-1858
-2975
-4533
-527
-9209
-289
-6708
3343
-9493
2881
-4822
703
7586
-4642
-9245
4523
3869
9849
637
-8985
-1527
-3987
9035
7323
9009
3789
-9829
-8049
-6067
4810
-7670
-6568
-725
-5914
-6230
-5036
-8633
2361
570
8805
6751
4016
-6543
-3215
8369
-3581
8747
3338
-9673
-3619
-3609
5519
-5359
-2743
1862
1815
-1347
3149
-8432
-2779
-9434
-6462
-4157
1374
-2319
8728
573
-8647
-1135
9075
1563
-6398
1664
2569
-1354
-3487
-951
-4120
1555
-2441
1880
-3510
2985
-3736
-5324
-6327
-8396
6495
460
6810
1017
5978
9617
-4224
-7709
3226
-376
-9391
-9448
-7823
2906
-9161
-3016
5099
4411
-4336
5546
-5067
-3554
-1930
1839
4610
3388
8880
-9764
-9837
-2794
-4323
-2415
1056
3589
4884
-9908
4886
-3610
-9742
8383
-7321
9489
-5434
-7999
1636
-1503
-4243
4996
-8098
7487
-9874
9181
-6181
-5121
-6308
8029
-7913
5947
-4686
7130
-2979
-7252
9498
-8272
-3453
-3334
248
-8815
5905
-410
-4608
-6121
5765
2347
3549
1937
-623
2061
6334
8031
7078
5070
3127
-5073
-4007
-4678
392
-4593
-4500
8579
8519
2412
-639
-721
4388
2368
9976
8663
-5438
-1614
3311
6792
5200
77
4678
-3456
5454
-2915
-9719
157
7892
8013
-3618
9302
-7772
-7595
-923
-7953
-5155
-1892
1609
-8926
9168
-9058
-3031
-2440
7544
690
-5792
-9958
9643
3587
9927
1136
5144
8278
4714
-4539
5467
5836
2096
-8664
9822
4564
-9975
5294
-6005
-1769
-6048
-7487
-150
-6117
-4731
4126
1014
3299
9906
-8058
2919
-836
-1714
7031
-7396
-87
-9526
-5113
8457
9759
-2631
-9612
-2441
-7800
5610
7140
5302
-6491
-1030
-4371
-3503
-833
9324
2231
586
2722
-6264
4183
8232
8349
-174
-2635
2551
-5094
1669
-4451
1794
342
-4394
-7807
7599
-7339
-4404
8835
-9175
1311
7328
-5829
8481
-8200
-888
-1420
6312
-368
-7954
-9569
459
-9675
4035
8739
-2572
4076
4744
-278
-6309
-9025
-2351
4067
8237
-4088
-5062
3848
-4484
4939
1538
1125
-9145
3806
2677
2076
-732
3114
-5332
-1293
1
-4758
954
9914
-8292
-343
-145
-9243
2383
7039
3442
8329
-8990
8157
5163
8723
1356
3018
-2842
1551
8918
-3569
4804
316
-226
9413
7369
-8875
9079
-8117
-2944
-2539
-8192
6204
6617
-8238
7469
-2665
-5349
-1086
3116
2414
-3678
-7438
-8553
-6578
6662
6823
5148
-5863
2044
8968
769
8112
-2116
-319
6977
-9596
-4629
2478
2125
-9122
7342
-4919
3625
-6946
4029
894
-2927
-3972
-9400
-9277
-1650
4179
-4397
-5442
1282
1497
-4308
-3233
-7777
7412
6174
2152
1431
-8638
-7613
-7445
6590
5028
5069
-4570
7330
5056
-1680
8748
-813
8181
-132
414
238
2432
-3843
9094
3255
5
-6437
2402
1819
-9261
1243
2410
1010
-3604
-3008
1503
-990
4027
1626
-3215
-5656
5443
7467
8838
2892
1743
-8560
2612
-2299
-208
592
-7599
-9372
-5444
6153
-3006
89
-4068
-2392
2350
-7501
-2976
-5331
1876
-7282
-8808
-1612
-1414
7453
1498
-1355
7270
2495
1175
-462
-4759
-3208
6997
72
-2478
-1258
7584
-1722
9704
-7321
3378
-5922
5367
-8832
7027
-2411
3975
-5313
638
-6469
-7922
-4885
-4761
5650
6768
8476
-8628
2659
818
-3323
6641
-6819
1314
-8673
-1900
2475
-4503
7049
-2541
4743
-6948
-1373
4801
-9357
7039
6751
-5885
9164
3394
-3752
-1919
2073
7858
-3145
6884
3376
4781
9294
-2791
6086
-5303
-654
9825
4976
-6757
6077
-6992
-3769
4861
-2693
4134
-1219
2133
6207
-7578
-2191
-9101
-9011
-8042
-4401
-4886
-7126
-3834
-5470
-7775
-8960
8437
-7827
5569
-1629
-7141
-1492
4722
-2868
-4231
2266
6226
9733
9415
-7244
-5759
-7349
-5624
-2008
1774
677
-6784
1450
-1471
1723
-8164
6726
9509
9337
6858
-7210
-9366
-6761
1219
-5702
-8076
-9467
8555
-7395
4826
4708
-5574
-9908
-3204
-1507
622
-565
-8889
4080
1404
-5337
-7305
-7250
51
1012
-688
-2482
3429
7646
9400
1186
-258
-9702
-1934
-6152
9633
3380
1429
-5746
-7354
7514
9351
2070
253
3194
-9844
-5212
5295
-6089
5871
-7072
5032
2514
566
-4298
-1845
-8027
8003
7775
-8606
627
4261
1593
317
-7744
4260
4505
-711
4885
-5610
-3340
9854
-3842
4351
1533
1707
-6777
4926
-9742
-7160
-9503
-233
-8196
-4084
-2622
-6974
8192
899
-9076
-4547
9852
6736
6349
4342
4403
5649
5912
-146
1530
7680
-2953
9377
-6103
1733
-3313
9680
-1680
-2891
3007
2134
-6061
-9448
5086
2983
-6302
1704
790
1758
-304
-8980
-8109
-2954
7088
279
9349
6770
-3839
5560
-371
2974
-5721
-5707
2861
9701
-3647
7358
-3053
-3858
-3653
-6818
-7637
2622
9799
-6667
9880
5963
-5208
2251
7130
-9036
-4428
-8248
-9081
9247
3362
-5756
7908
7222
-8202
-286
-6187
141
4858
-8200
-9512
-1802
4512
5561
-1590
6928
938
-1647
2224
6825
-7131
7248
-8358
-2790
-1588
2541
-6042
-5331
3630
-8527
1332
-7589
-1106
-6920
1388
1121
-6698
4790
-8124
8177
-9767
688
9266
999
-9822
7014
-5179
842
-8601
528
462
3638
-6270
7394
5104
-1376
8831
8639
-4386
9742
747
-2531
-7586
6534
2238
-4463
7321
-4835
-1283
-4794
6866
-1660
-8577
-5875
-2
-2028
-5734
-8350
-5957
-2856
6252
2362
-4735
2210
4441
3942
-7491
8640
-1136
4950
732
-3156
987
-3579
9972
7314
5246
7884
3651
4988
-5927
3948
3189
1170
9962
4767
4675
-8418
-9971
-3479
9875
1001
6189
-4192
-3753
-7051
4250
-7160
338
-3521
3264
-8217
-7500
1859
809
3547
-9758
-8024
6338
-9877
-2125
-8944
-8771
-2830
6411
4596
4896
-3371
-743
3570
2538
-2825
2535
-3767
-8931
-9151
-9581
-7428
-2136
-7306
1425
-8196
7273
8186
5954
-4440
-8583
-177
-9819
-7148
-7686
-3347
5424
6334
-1350
3853
-1274
-617
4713
-587
-7542
1528
-5742
3394
-6352
9209
1714
9143
6267
-4401
-4805
-6829
6706
6267
8558
4335
4846
181
-2130
-3365
-6
-904
-2866
4492
3062
4244
-7180
-2840
-85
5304
-1966
8393
-8666
7805
-2895
1860
-9121
-3709
-1985
9453
-3349
695
5036
8416
300
1868
4319
-8247
-6760
-5724
518
-3571
-7797
-1348
6631
-7667
8460
-2235
4101
289
2002
-8928
1866
-3476
-9672
5635
-6295
1780
534
-8526
-3842
-5168
4032
5879
6251
-7872
6596
840
9296
-5439
-797
-8849
-2005
2705
-2328
444
5363
3819
-9089
2014
-114
3102
-7983
9080
8371
-1988
-6879
-126
8719
627
-9280
-1270
6210
-5569
7601
-7925
5338
-4948
4692
-5615
2261
-1498
8969
2778
2162
-370
-9739
-8241
2444
-8042
-3955
-6853
-6282
-7032
2983
-7154
5749
2384
6559
-3982
6215
-2190
-6119
9646
-4936
-8528
4023
1386
9010
9568
6668
-2540
5584
-9432
299
5765
9343
9372
9910
6500
-8979
471
-9860
8108
-1232
-4423
4509
-5500
-4421
-6494
9029
3806
-6682
-4759
-3464
-4562
7716
-5549
9746
-7093
717
-3737
-8068
1
-2495
2940
-8456
-475
-1812
6398
-1205
-5954
-3693
-3873
1990
7895
2102
8673
8508
4650
-9357
1240
-9090
4440
1730
-6514
756
-6907
274
-7606
-5682
-3216
4848
3371
9433
9866
-4399
-3306
6803
1810
592
-3612
6429
-459
-4753
4340
-4149
-2702
-4437
-7653
2889
4181
6098
6763
-9565
3091
6946
-3105
-1351
-3298
-7487
2710
-635
-9685
-7477
-2394
-5832
-5127
4049
-1982
5443
-5992
-924
522
9692
5355
8051
-491
-5891
-32
8014
144
5115
-8992
-6520
4093
-3389
343
-146
4938
8338
3425
930
-3021
-3166
-9090
-8965
-9610
733
1574
6479
-6982
9069
3023
-9916
4237
-5197
1894
1802
8496
-3263
5346
-49
2342
3355
-8080
-8615
-6865
-5128
8968
1873
7122
6212
6479
-8030
6747
5521
4977
-43
9373
2304
9047
6240
4097
-864
8382
7594
-2039
2877
-1792
9277
-2789
-3258
7663
-3458
-6779
4410
3264
-9263
-2432
4207
1184
-6055
665
628
-3357
6788
377
-9929
5525
464
5184
8954
3995
506
1813
-1279
3015
-202
7071
8154
7885
-5796
-1480
7556
2609
-9285
411
8742
2546
-2338
-7431
198
643
900
-8456
8535
329
4897
-8867
7109
-9815
-2380
-9870
9679
7323
9431
-8889
-2630
-5607
2084
-5051
-1994
2086
-6812
9396
4206
7511
8896
-871
6607
-4171
9061
4951
184
9199
5442
3764
-371
-9372
-14
6675
9127
5913
3877
-3026
6499
1388
7885
2244
590
614
4499
-3248
4842
2349
-8741
-8419
9855
8423
-7566
3902
5568
7664
1779
6895
1947
8253
-9067
-8558
-7235
-8373
-9698
9050
-5027
-2569
3954
-798
-4512
4425
8128
69
7209
-713
979
-9867
-3078
1223
9863
5154
-1464
968
-1738
-2681
1570
-6089
4551
7945
9333
279
-962
-6673
3217
4365
1791
-4436
-4797
9004
-5500
-6270
-7226
3186
2253
8582
7879
948
7123
-3169
-9658
1718
-4321
-1665
-4871
6966
231
-3558
-1202
9005
441
160
-883
66
2712
4593
-108
-9367
9074
-236
5904
1408
1706
-2754
3102
1402
6314
-3139
4377
3119
6541
-5179
9786
-1021
-4911
-8192
-5855
-9623
-1937
-7617
2386
1655
-4496
9001
-6762
-1282
2532
-4770
-6976
2468
-2881
-6276
-1374
-6766
-8189
-656
-4477
2370
-6881
1827
8606
9190
-2115
-7219
-7984
141
4247
2281
-2039
5991
-7190
-7491
-3641
-7447
2686
364
6943
1722
1328
8222
-1881
-9199
9847
6348
4236
2440
1141
-4741
-2931
7265
-4309
7364
-2101
1011
-705
6684
1711
1510
7474
1588
-1075
-6742
-7907
7945
2443
-8368
2220
2626 3384
458 2768
3398 3476
963 2061
3103 3151
687 1237
3724 4551
1560 1692
1372 4693
2779 4291
805 2188
433 3558
901 1512
3987 4266
738 1902
2428 3760
1312 3115
12 1380
157 3774
483 1372
72 1162
1157 4074
1657 3843
74 1298
1175 3353
2050 3642
2163 3241
937 2544
74 878
3159 3275
1829 3762
2152 2552
2099 4589
174 4552
728 2243
2316 2654
3573 3951
3215 3759
2781 4657
700 1916
573 1580
1473 2340
1392 2736
1248 1759
567 1763
1401 4010
1038 1418
1033 1343
3241 3358
498 2689
425 3413
3264 4253
1881 2396
2947 4055
759 2925
4156 4691
2224 2803
3006 3993
1715 2950
277 591
583 736
3666 4369
1010 2236
490 4271
3171 4273
2126 4225
1112 3511
9 3811
2338 2746
2830 3521
3195 4099
3143 4062
3142 3966
1811 4178
171 1230
639 740
187 4192
531 656
239 878
1345 1377
2204 3575
3075 3577
2973 3091
3533 4405
513 2449
817 1759
1976 3820
666 3261
726 4650
2448 3235
2429 4673
372 1658
609 2215
1936 3316
1885 2765
1331 1519
157 3647
728 2213
156 3901
2546 2898
966 1597
1755 2937
1411 3173
90 204
1175 4113
4303 4483
126 2699
3278 3586
90 3740
337 3399
1896 3187
822 996
3758 4649
2765 4360
3904 4347
2246 3860
743 1477
152 1241
2092 4136
1496 3717
878 4318
253 3865
93 3194
2496 3088
184 2139
1757 3954
3099 3194
1587 1656
1836 4237
2396 4494
2643 4450
686 797
1109 1241
971 3235
2118 2200
3080 3498
3208 3614
12 511
1160 4087
736 3984
1198 4557
407 652
1376 4068
51 4442
955 2073
862 3190
730 2673
2055 4526
928 2489
2335 3934
2127 3658
1248 2462
922 4144
1643 4331
2605 4317
2316 4415
1295 3002
905 921
475 2172
1062 1885
2072 3498
1114 2016
580 2559
2881 3414
534 4285
933 2052
3630 4165
4035 4480
1883 2015
313 2897
3462 4461
3872 4008
833 2396
868 3754
1573 3444
1157 3020
778 3982
850 4161
651 1385
266 1088
797 3611
1494 1796
2722 3991
113 2042
1038 2351
3359 3971
4396 4484
718 2356
332 3090
3166 4277
245 3691
320 2931
534 3862
61 2163
714 3599
46 2757
3049 3668
656 1250
2123 3741
1010 1909
513 2035
827 1488
654 4444
145 1645
466 4525
873 2434
1428 4504
137 1598
3147 3323
244 463
1717 3689
1311 4336
878 4349
2706 3170
194 1685
3996 4704
1192 1854
2352 3359
1026 2778
1878 2697
2122 3851
1958 4644
1433 2612
478 1489
2304 3991
1061 4004
3055 3749
2289 4605
979 4450
647 1656
3897 4235
1656 1672
2040 4353
934 1687
2073 4599
809 1631
889 1064
2763 4118
3684 4579
1091 2299
426 868
892 2085
3442 4352
1729 2710
433 3916
1013 1479
3115 3611
741 1234
929 1680
1759 1810
776 818
1685 3007
1133 2180
1796 4512
245 2722
1653 2464
2428 4605
2282 3374
2591 2882
29 3632
2127 2162
182 2661
2431 3961
1160 3330
237 1792
1317 4040
2483 3547
1099 1238
4565 4588
2098 3620
190 4664
320 4667
650 1731
1612 3197
201 3248
713 4082
733 2878
775 2327
1720 1817
2337 3996
4248 4353
1870 2968
736 1628
1185 2352
1226 2804
838 1745
463 3241
1241 3230
1936 4373
1237 3560
250 2772
450 562
2756 3814
1477 4733
1061 3321
2620 3927
729 4260
2172 3379
2232 2244
1918 3871
229 4086
3423 3473
152 1230
381 4282
3406 3809
1990 4320
173 692
4463 4675
605 2550
720 3343
920 3497
346 2700
13 3543
3010 3957
630 4300
1559 2262
1144 3359
2765 2960
2048 4113
411 2998
2228 2778
183 1018
1096 3429
2583 4386
210 2826
1035 4244
3418 3991
1062 4015
1251 2701
45 435
729 1663
2999 3190
513 3983
2047 2149
3318 4485
269 1141
1385 3050
666 1805
445 1973
1832 3171
4139 4433
377 3418
3229 4289
529 1792
1722 2689
621 3974
246 869
184 2779
1071 2489
3990 4135
4116 4224
571 2706
254 2654
1339 3216
2244 2791
894 1025
924 3017
2595 3421
3307 4704
2460 3193
1743 3723
1686 4138
13 4691
635 1836
235 1532
513 2056
3297 3529
667 2130
2737 3749
783 2369
30 2888
53 3514
2564 2829
3975 4161
96 4675
1239 1631
1207 1717
738 4154
2099 4670
3194 4347
708 1717
1045 2074
1714 4542
1465 4106
187 2385
1350 1357
410 3569
579 1086
5 1313
1838 4404
616 3074
1550 3194
127 2499
1204 2779
1062 3225
835 4379
855 876
2215 3075
2269 2757
450 2544
2163 4211
321 4061
1023 4410
2632 2771
1798 4178
713 3620
4362 4555
1816 3995
2357 3054
667 2145
3873 3984
451 4204
2378 4680
972 2152
268 2228
962 3266
2896 3654
3246 4422
2716 3544
2166 2598
749 3849
249 3822
2612 3093
1922 3779
1965 2859
874 1974
981 3714
147 268
868 3178
1872 3975
1962 3437
1682 4454
497 3939
999 4080
458 2737
675 2079
2581 4064
3670 4113
1273 4691
2051 3937
727 1819
809 1330
2614 2872
3213 3871
890 3722
1856 2962
1019 3658
363 486
978 3998
909 3629
1883 3421
2491 4324
1871 4415
1946 2611
943 3783
1268 4513
3399 3592
2055 3567
1470 2341
3602 3993
977 1122
1648 3712
3185 3490
641 1132
1539 1669
465 599
780 2190
12 1041
3872 4182
45 626
773 4177
221 1264
2678 4131
1670 2846
947 1936
889 3876
989 4343
1306 2455
638 4525
1781 2683
3423 4148
548 823
143 4112
103 3502
1061 3007
837 4629
1623 2099
894 1154
944 3227
889 2765
408 1139
267 1220
389 1102
795 1856
784 3322
2509 3594
882 3811
4187 4597
427 3801
1862 3895
2064 4443
842 2000
828 1831
2050 2988
1987 4294
3000 4355
1168 3708
190 4704
727 2904
1993 4481
685 1784
2396 4620
865 4048
3624 4464
2192 3372
2179 4426
485 1916
421 3521
310 413
1722 2158
878 3399
1140 1532
2963 4334
919 2955
300 4147
2384 4008
2115 4253
677 1691
514 2678
1204 4454
2328 3981
560 657
1209 1457
2189 4546
3239 4280
2673 3432
120 1726
346 3933
323 3326
720 2716
2439 2874
2380 3773
3359 4033
87 2840
4071 4680
892 4116
415 1467
1987 3874
1718 4402
2332 3235
65 2625
4219 4457
284 4700
880 2645
1718 4551
1573 4057
1722 4491
2228 2341
3322 4136
644 2851
683 2203
939 1464
86 2103
1500 3079
161 3957
3497 4178
650 3836
671 3714
2065 3102
416 3387
581 3476
1082 2058
164 1226
4165 4239
905 1051
953 4115
2561 3258
2101 4692
687 3773
1469 4218
3113 3620
723 1033
2824 2849
74 2832
827 1901
922 4033
889 1410
2238 4348
838 3815
2074 2196
1190 1202
407 3886
3120 4700
1135 2112
53 165
2187 2921
2206 2765
874 3846
142 2502
3026 3744
2544 4634
366 2865
2096 2854
445 4257
3872 4452
3322 3620
2623 3560
4147 4194
2641 4281
4154 4299
143 4130
710 1132
1234 1900
3956 4484
2694 3059
1460 3783
1689 3674
959 3617
554 4385
559 4697
3548 3974
3566 4102
328 1505
802 3306
765 2874
2696 4561
981 1300
4099 4430
623 4620
676 3423
85 930
2985 4218
323 1817
177 2031
117 1041
1967 4013
241 776
3176 4281
23 3333
2596 4245
1690 2090
2199 3610
283 1382
1189 4434
1651 4217
1480 4445
508 2885
3017 4501
2666 4529
224 4683
1538 4474
1707 3042
2417 3738
1515 4299
2787 3982
878 3944
1402 3685
2923 4351
859 1169
3491 4663
2555 3199
2325 4196
1241 3017
1091 3909
1653 3231
2076 4204
2765 3362
2092 4176
1317 4445
1237 3094
1213 3676
2297 4311
3262 3990
3087 4091
1550 2742
2932 3900
1975 4219
1785 2202
3588 4470
1977 4162
2145 2537
3668 4450
490 3302
1669 3870
362 3351
708 1988
720 3023
1440 2150
802 3059
753 1437
2379 2643
866 2250
557 2131
64 544
882 3120
472 3482
2459 3165
1270 3931
302 999
515 2761
549 1947
3236 4378
3401 3897
465 2206
909 3787
1249 2905
459 4337
2464 3368
1690 2124
3535 4585
37 4211
1541 4599
1412 1712
1168 2163
1322 4553
1225 2570
1595 3102
314 3603
1060 2518
1464 1712
4319 4650
397 3123
1854 3186
3814 4305
473 1340
362 2110
390 3239
90 736
805 2329
1260 1938
1268 1836
1117 1465
548 878
2689 3241
1034 4127
1560 1592
2879 3450
459 4524
935 2021
1021 2531
2877 2878
1418 3365
2716 4061
125 862
132 269
3668 4466
1412 3943
2052 2345
2129 4677
650 2118
870 3359
2316 2439
2917 3686
1961 3890
3606 4588
1953 2804
2706 2745
3095 4588
1340 1355
761 3525
955 3422
1177 4357
115 4319
29 728
541 4647
1821 2794
318 706
583 4553
1317 3100
377 3029
1001 1484
650 2083
1135 2995
1930 4613
2129 2819
895 3822
249 3534
368 797
609 2185
1225 2051
1307 1576
3177 3545
614 2814
3723 4088
978 1056
126 2226
955 1962
674 3159
829 995
2540 3811
1575 2380
182 2872
489 2131
2560 4497
384 4508
3010 4134
157 4066
450 2199
0 3230
1120 3444
818 2689
865 4698
484 1024
1955 2910
1149 4218
33 1043
2310 2577
27 1045
1486 2246
131 965
92 4697
1464 3736
237 2847
2705 3502
1191 3425
1271 1529
318 2112
880 989
687 978
1467 3276
2356 3176
1801 2235
1651 1986
861 2923
1345 2649
925 4161
553 2495
955 3620
2159 3442
1267 1673
1816 2593
2158 3566
1689 1768
1400 1670
24 4556
3725 4094
821 4459
57 256
608 3607
4133 4426
708 4568
654 3185
3692 4340
1520 1992
1013 4436
2208 3659
2941 4086
1392 2878
1089 2746
1438 2145
1148 3582
923 1665
2454 3883
1098 4486
267 588
2221 4107
66 1064
560 1968
2280 2664
2257 2922
366 716
635 2341
3600 4064
1144 1917
723 1209
1372 3706
2979 4040
3 18
1389 4729
629 2880
1879 2399
1753 2715
182 1532
4196 4383
671 2475
157 3277
2496 4282
6 42
940 2163
1847 2705
411 2176
131 2456
2859 3636
547 3432
2683 4680
1413 3103
1230 1755
2783 3983
2059 3911
519 4545
3053 4410
1052 1302
1209 1964
592 4068
1473 3100
888 2826
1320 1908
3171 4044
2416 2542
1655 4138
1175 1793
2519 4266
689 4624
588 1918
39 3022
693 2099
2765 3832
1051 2482
2039 3521
2173 3891
785 3924
1202 1256
954 2214
2408 3473
2257 2761
3352 3717
3299 3562
3084 4346
1048 4617
96 2763
2034 2515
61 1863
1029 2099
689 3545
1710 4025
1793 4680
1148 2098
2501 2742
2846 3058
962 4008
749 3253
2017 4257
692 3041
1048 4573
3440 4006
149 2771
204 285
2734 3732
1646 4016
1309 2052
276 4063
2544 4610
113 2947
142 3814
541 4680
2061 2435
1162 2599
729 3727
416 4240
2891 3084
524 2439
1428 3526
52 1576
2878 4476
684 1284
1854 3983
4156 4729
65 3211
553 1057
875 4539
548 1249
459 2757
1644 3472
1838 1952
3568 4450
475 4203
1270 2442
2510 4522
2783 4597
3 974
2398 3089
1185 4326
98 1414
2936 4066
1230 2880
1395 3258
1364 3111
59 488
552 2700
2440 2455
634 3658
1116 4266
3528 3547
2009 2335
445 4717
132 2931
119 1651
446 3362
2098 2817
1348 1522
149 1642
76 3836
3061 3223
509 1550
1746 4680
541 4595
1881 3992
1662 3342
1799 4675
711 1675
3602 4156
57 1671
1102 3134
895 2804
179 3277
856 1841
683 1653
201 4449
1785 4425
827 3562
1321 3147
2198 4069
796 3193
1550 2550
2267 2828
1313 2676
1415 4540
4033 4153
561 1140
896 2515
353 4268
1200 3535
1954 2879
134 2245
797 2581
2178 3394
196 2382
2825 3056
4033 4304
4004 4547
3014 4246
715 1687
39 4453
2144 3748
1947 3160
4420 4580
2301 3388
2047 4128
1305 2172
10 880
601 4580
991 4379
548 3729
644 3909
482 4467
1486 1574
2372 4635
3030 3811
1273 2698
1375 1669
2812 4702
847 2625
1576 3069
69 4389
2545 3544
353 2779
1994 2938
2500 3980
65 1624
3580 4342
1724 3354
165 3735
616 3147
2684 2702
2363 3478
2252 4382
2715 3822
2874 2950
103 2170
453 513
1094 4281
2002 4248
264 3538
2880 3718
740 3892
3256 3956
14 237
4110 4482
1162 4273
860 1663
1520 2853
2165 4210
1282 2238
1119 1856
74 4004
2221 3053
2507 3030
4127 4284
340 2519
642 978
1144 2027
2685 2926
4237 4378
655 2756
1480 1648
2497 3934
1289 2899
747 1204
734 4580
132 2701
1694 2537
1805 2089
101 749
4421 4539
2737 3632
2341 3668
581 3131
1671 1894
1173 1648
2175 2854
2902 3857
1392 4166
230 4673
1427 3517
878 2800
2160 3951
2396 4279
2788 3161
226 269
3668 3671
1237 3104
2245 4201
472 3982
1888 3996
1731 3723
102 1337
299 4474
57 1442
1856 3396
2235 3001
1299 4262
2014 3736
1603 3970
18 2947
525 3996
1186 4361
3278 4389
1416 2200
6 190
495 4096
581 1520
1250 3129
1689 2105
1675 2469
869 4348
605 1243
490 513
752 4101
1173 3779
1858 4580
2994 3200
2166 3048
2941 3705
1143 1289
3914 3934
24 1782
1311 2510
1079 1341
250 4547
1052 3050
1122 3150
1580 3051
2790 3421
4099 4248
2342 4729
1759 4271
855 3671
622 3355
41 1292
943 3059
3929 4158
1525 3442
1853 2628
873 4096
590 4510
862 1221
528 978
952 4371
437 975
2437 4666
3620 4691
2382 3472
1467 4203
1241 4004
2934 4672
4354 4502
868 2838
2879 4709
4357 4369
2689 4101
1406 3473
2416 3421
2931 4306
1806 2149
232 1524
2060 2904
608 3230
1175 4371
1262 3260
2061 2182
1232 1723
2302 2828
1221 4574
1519 2519
1428 4559
681 3401
749 1444
41 4486
510 2417
4137 4282
299 2745
1759 2690
2018 3674
1141 1977
3393 3984
369 866
445 1060
3107 4370
1289 3822
923 4410
654 3700
910 3261
3102 3725
276 3590
215 3125
2504 4235
3558 3924
1299 3238
3403 3468
4113 4194
3001 3878
950 1203
2370 3757
417 1862
825 1048
1039 3005
1704 3560
319 3558
1623 2163
1171 2301
500 1117
1340 2955
2994 4602
251 332
243 2872
488 3998
1697 2360
1419 4117
1687 3468
1844 3991
933 2274
3441 3661
1030 3671
3231 4006
908 2931
2759 2888
2859 4159
795 4434
2119 3758
39 475
1383 3111
2484 3159
2530 2726
24 684
2146 4167
3147 3595
192 4089
140 4344
977 2802
177 692
2068 2612
1822 4186
1418 1494
1330 3149
2736 3502
1500 3555
835 2630
2441 4061
2192 2420
385 3167
2724 3087
834 3350
3200 3896
2235 3419
2504 2583
1675 3377
28 53
1807 2202
1096 3731
1849 2885
1539 4600
2504 4416
2214 3810
541 3255
2689 3798
2235 3683
869 3867
1027 3876
39 1418
1261 1659
1299 1426
399 3309
750 3421
3469 4522
3617 4191
1402 2463
931 3815
475 3680
1655 2734
548 1958
1146 2340
93 1623
724 3707
764 3000
3475 4318
2687 4246
706 3756
740 3323
2338 4236
2509 4717
3353 3414
2562 3278
2709 4547
1564 2880
1348 2949
1859 2206
463 3184
302 803
937 2446
490 4067
571 851
808 4296
4543 4650
674 4088
2230 4009
3472 3711
2198 2300
1303 2218
548 4572
1154 2194
236 268
2112 4191
2128 2765
178 1175
255 591
285 3536
1400 3556
981 2212
3422 4117
2417 3206
145 3695
673 2109
2378 4546
843 1464
1221 4364
182 3289
110 4387
3272 3401
1084 3230
3442 4682
193 2730
309 1832
389 2846
385 2442
1775 3298
1780 3388
3079 3274
2858 3019
2175 4722
832 2280
973 2935
2766 3799
1388 4631
1076 2819
2939 3403
1169 2546
120 2583
1175 1209
3244 3901
924 3423
2253 2499
679 4349
558 1339
1902 2808
1822 2872
1494 2195
567 2077
416 1151
1878 3575
975 1614
2324 2530
177 4526
457 4650
326 4063
833 2625
869 2271
10 1114
1030 4627
1162 4281
1955 2269
2261 3591
1785 3799
177 190
2107 3054
1938 2757
2560 3218
622 1595
2400 3924
574 3498
420 2145
55 2455
1180 1602
711 1576
637 1091
2921 3857
1418 4206
892 1633
453 4642
1181 2099
1056 3465
3544 4691
963 3713
1775 4496
483 3908
909 1996
2116 4256
365 1168
1590 2168
1060 3930
2306 3890
677 1651
711 4442
145 3401
2708 3811
721 3957
2884 3758
2262 4065
972 4586
955 2765
635 4441
2245 2297
351 2962
708 1530
1731 3509
1441 1722
722 3767
2059 2110
183 475
2378 2952
715 3333
1229 4426
544 2911
3300 3986
1232 2132
1461 4040
1270 3673
1345 4708
3350 4530
1475 2618
399 3396
743 2160
351 471
2437 3899
187 727
2485 4044
1793 4387
2039 2336
2583 2746
2823 4152
3222 3892
1241 2879
693 3517
2193 2683
1923 2113
1118 3632
1147 4521
2530 4260
64 4646
1961 2038
74 1951
894 2857
1030 3413
1696 3956
2243 4276
1103 2382
2486 3462
149 2973
2671 4024
548 761
3648 4223
1091 3000
260 1414
2138 4061
1289 1916
3227 3793
1168 4717
877 1093
2128 4498
1853 3718
123 1222
2077 4300
1106 3190
2459 3578
505 4331
890 2347
1168 4246
1014 1311
3116 4695
1520 1614
796 899
1748 4410
299 1919
690 929
315 1612
1437 4161
90 576
2066 2542
3454 3862
198 2203
805 3397
1588 2372
1947 4211
1375 2149
99 2555
1779 4510
2481 4729
2765 4113
1264 3684
3362 3879
4552 4608
2327 4072
2721 3256
221 4448
2620 3110
734 3204
3362 3874
3576 4048
4202 4686
698 1195
1793 2080
143 3157
1614 4484
3498 4440
656 2544
4487 4545
220 3766
1426 4211
137 736
1021 3128
2619 3497
129 4557
612 2083
1281 3558
239 2258
1486 4096
2442 3478
635 3301
2627 4649
829 2897
862 1398
1052 1099
905 1409
197 1457
4204 4211
313 938
1161 2055
674 4146
216 2380
268 3389
1426 3145
126 585
1403 3972
3876 4654
2114 4693
2591 4557
2126 2459
2552 4495
757 2998
2046 4293
1706 1986
126 3421
2279 4416
630 3386
39 4089
2339 2550
638 3787
3588 4506
3099 3891
3504 3683
2409 3421
897 3278
27 3447
305 4589
2485 3383
312 4549
1473 4663
244 2897
2521 4546
517 4277
1002 3262
616 4293
377 2677
935 4228
3255 3648
1442 2742
814 4081
2537 4127
539 1862
2290 3836
1057 3716
2762 3248
276 1771
778 3109
1229 2190
475 4379
2938 3568
833 4361
562 3098
924 1896
3241 3538
1793 3795
2299 2596
910 4403
411 2968
2038 4490
475 1651
146 711
538 1792
1127 1586
1099 2669
150 2430
1637 1910
3035 4113
1310 3267
2973 3785
4096 4221
2785 4225
74 3208
2638 3100
7 1646
413 3929
353 4701
3864 4080
4353 4420
3500 4045
1348 3017
3452 3616
3624 4713
3523 3538
2193 3210
818 2828
144 3054
257 3422
990 1027
1189 1697
2388 3648
3386 3813
14 1630
692 4103
2097 4177
1311 4115
534 4158
1092 1236
2902 4040
134 4589
2434 4017
414 4006
1060 2411
1237 2248
2757 3258
318 4062
1267 2244
1230 2765
1157 2844
2992 3511
1369 2565
3853 4556
205 4445
2168 2757
173 3850
1140 2373
1910 4613
1402 3401
3453 4334
217 2017
2509 4523
2922 4510
288 2371
3177 3671
1278 1565
556 1302
1215 2819
7 903
880 3646
2758 3422
1672 4324
508 2269
2519 3359
3507 3857
1411 1786
680 922
555 931
1667 4196
205 1509
854 2138
1720 3684
817 824
196 942
2542 3020
2207 4300
2899 3557
3760 4209
720 4151
295 950
1707 4174
2497 3570
2934 3497
951 2163
1490 2792
3160 4676
778 3407
552 3426
874 3241
1127 3767
383 2271
1345 1560
693 2113
1587 4353
1400 1711
320 2081
4083 4225
434 873
1403 4277
713 4657
626 1918
4086 4271
3039 4490
2198 2642
2793 3863
855 3348
3425 4271
2590 3930
1943 4239
2442 2779
1402 3865
3229 4353
1213 1375
1426 4282
492 3472
221 1603
3012 3256
1469 2238
621 4317
583 925
1713 1918
3746 4116
2121 3126
2593 3137
451 875
1076 2070
1494 2183
3078 4055
2433 2854
266 852
1829 4116
567 3273
2433 3172
1422 4442
1044 1222
4322 4460
1377 4379
981 1857
949 1926
3007 4653
2112 3999
3956 4444
3161 4292
336 365
281 2077
2276 2796
2310 2389
653 3736
2294 3982
3006 4545
4191 4319
852 2235
240 3658
626 2929
61 62
3307 3649
4382 4649
76 3416
1852 2162
975 4113
922 3249
394 4552
2696 3255
3353 4500
1878 3518
1274 4235
737 2896
1230 2164
1132 4704
969 2252
2062 4294
2170 4532
2784 2854
402 3200
2160 4496
3309 3836
316 3612
588 2819
757 4517
1580 4150
3625 3896
4171 4656
1418 2689
1032 3508
1424 2599
816 2215
2642 2803
2084 2144
1102 2166
3339 3715
3090 4526
2805 2846
675 3061
929 955
1207 2095
3044 3987
2158 4010
3632 4338
2124 4413
3527 3892
1886 2902
1097 4484
3267 4445
1233 3351
3505 4151
2558 3744
3444 4211
2973 3757
699 1440
2333 3017
2075 4243
2862 3231
1303 4099
981 1810
249 1187
2368 4160
3782 4151
2543 4210
1001 1411
583 1230
2328 3299
44 1494
828 3462
1641 4717
1532 2415
2722 4163
1117 4407
2879 3451
4001 4149
553 2683
2877 3439
763 1796
183 944
2523 2962
2214 4371
554 1946
816 1534
1374 2936
3674 4592
1629 1813
3974 4004
422 3511
1074 3100
3293 3723
3562 3921
4524 4534
1929 3666
955 1221
1781 2678
2639 3654
923 1230
1878 2118
3155 4621
609 1825
2364 4510
3116 4642
68 1082
2220 3642
23 4464
2179 4188
2229 3215
833 892
1230 2689
1795 2709
343 4300
956 4107
233 3723
451 4426
2153 3814
1514 2973
3422 3655
1719 3089
2790 4422
499 2204
2422 3080
65 2560
1247 2877
955 4018
121 911
2160 3531
4348 4649
3116 4719
1320 2783
856 4113
46 2664
638 2256
773 4588
454 716
1960 2710
879 1581
1063 3446
2541 2745
552 2519
2576 2725
2165 3446
868 1120
181 2160
2106 2330
1796 2622
1293 2997
1169 2627
1637 3799
609 4086
1241 2021
1738 4170
3297 4011
3371 3498
87 1927
988 2830
2779 3838
1344 2573
617 4702
1477 2794
2537 2593
1687 2542
149 1463
1061 1568
1332 1881
1519 3588
1091 3659
829 2250
2555 3272
895 4210
546 2960
871 1953
2431 3941
451 4195
723 3792
92 4279
2218 3977
2423 4526
486 1587
929 1876
3339 4536
2258 3051
913 2565
2474 2812
139 1625
2123 4373
1271 4074
37 740
90 411
2959 3273
2562 3604
833 1230
299 4009
1302 3501
3147 3235
2355 3698
752 1491
41 2612
3146 3171
1902 2254
190 4158
1487 3619
1330 1954
648 949
488 3294
397 3619
3821 4729
445 2795
2716 2823
3674 4350
639 695
274 1213
1690 3401
663 3113
1479 2779
2209 4641
402 1083
1052 1431
1299 4038
2952 3596
2407 4613
773 3690
2217 4321
204 1602
1121 2667
696 1133
2112 2947
480 1568
1241 3161
154 3639
16 3558
212 3871
1357 2966
1035 2608
827 3350
1304 3413
139 4362
1733 2230
1447 2559
816 3579
168 3422
2374 4277
1512 2228
635 3111
2371 3591
376 4313
975 2779
456 3323
433 3265
4035 4410
950 1714
2779 4170
2124 2458
839 4330
591 3889
1653 2467
2296 4071
869 911
482 1966
1064 1725
3947 4519
1392 3297
1297 2122
391 608
2563 3272
3154 3374
2387 3257
324 4313
619 3352
549 3640
3941 3998
224 424
1574 3173
1372 4260
4529 4729
3610 4519
1085 2689
2734 2954
2521 3287
1200 4450
788 1073
89 324
963 4406
3412 4040
1449 2876
3006 4705
2021 2174
670 3820
884 2921
3857 4263
4327 4497
56 3547
3230 4070
702 2124
2303 4543
1520 4016
2612 2811
2997 4699
132 3966
3528 4468
982 1161
816 3945
1037 1908
2667 3592
1905 3300
2252 3084
3661 3849
2342 4659
2940 3782
1048 3728
1075 2041
962 3239
2625 2845
123 1286
199 2329
1139 1591
2923 3765
3475 3801
3300 4367
538 4640
692 1744
204 3206
2959 4325
299 2569
279 2730
1392 1553
3076 3547
2642 2643
1689 3177
3120 4673
819 4491
1490 4070
918 2243
1769 4182
2084 3544
1640 2775
155 3686
3049 3470
2371 4502
1154 4255
90 2888
373 1533
4005 4723
636 3272
1623 2878
0 3851
2612 2668
2055 3666
2021 2455
431 2375
1655 3911
583 4220
518 3012
2399 2668
2327 3399
2880 4646
583 4196
999 4101
94 4052
3437 4081
2454 4445
12 4647
801 2542
1068 4310
2737 4247
1196 4081
1659 1718
828 3435
588 4159
712 3273
2221 3038
1099 2253
2813 3787
1761 2331
233 1359
2262 3022
1594 3974
156 1069
638 3126
89 4330
2195 2249
579 2793
324 2583
3257 3359
740 821
796 1643
281 3653
508 1459
4053 4420
129 3462
1277 4691
431 2431
2840 2955
215 1361
4127 4581
2382 2787
727 2439
3976 4171
2172 2192
925 2826
152 3774
358 1755
3160 4443
266 977
822 2325
2599 4248
691 2935
947 1840
916 3323
923 3511
1041 3132
909 2371
121 4251
728 3215
680 2640
2165 2616
4249 4526
1303 3394
2564 3849
449 2955
2152 3599
1820 3983
3684 4156
4175 4473
1993 3751
1596 4299
871 2413
766 855
33 3514
679 807
261 1551
1075 3774
978 1947
3379 3824
448 2509
2011 4642
44 4104
6 1709
35 1806
625 1249
892 2304
2747 3536
1108 2787
566 4347
58 1525
797 1687
3451 4096
2347 2520
2894 4406
328 1418
669 1585
962 3184
2608 3293
65 1102
410 2053
1337 3138
2259 3472
1998 3060
684 1033
808 955
1193 3896
389 1347
1985 2163
71 1985
2483 2716
2633 3421
182 1464
1791 3113
1593 4654
899 4706
719 1583
1707 3782
2207 4012
27 1093
2116 3562
4172 4452
1644 2644
85 949
2155 4080
2130 4238
871 3285
156 3619
788 1064
2888 3533
237 4270
649 4595
3278 4052
704 1377
1043 1626
3613 4666
3478 4613
402 633
1611 1900
3337 4201
572 3334
2618 3445
3551 3766
313 1052
2382 4709
147 4433
2896 4717
2219 2552
3201 3661
354 2098
2577 4641
774 4663
1049 4605
74 1473
39 2612
2504 4209
1661 2599
132 299
2129 3017
1397 2872
17 85
2257 3558
2138 3742
3946 4713
3289 4007
3102 3195
833 4345
909 3392
1103 3264
2040 4427
2416 2490
2770 3674
3121 3421
1029 3612
29 1587
581 4105
2163 2673
2316 3544
2974 3109
139 2701
156 4001
2761 3152
1655 3241
1232 2126
161 423
2825 4536
4322 4687
2180 4410
810 1926
658 3725
3840 3911
399 3812
852 923
1614 3205
4071 4274
1573 4685
152 4248
446 1295
1330 2724
963 3702
632 4300
1730 3174
3258 3544
887 4300
1241 1372
2106 3498
3420 4579
266 2030
399 4004
3065 3203
1143 3997
2175 4113
1776 4416
2663 3902
169 4484
161 1573
2812 3752
177 1544
548 2237
1413 3432
82 590
201 1470
423 904
276 4377
2376 2897
1001 1368
736 2456
177 4631
738 3630
3538 3686
2652 4635
2000 3654
1298 2217
1111 3632
759 3689
215 1376
500 4113
1421 3930
813 3799
3174 3353
34 1203
1662 4683
39 3983
591 4546
2474 2878
1055 2193
1519 4588
567 1567
1529 2919
699 2378
285 4167
722 885
9 3347
2272 2877
2068 2932
1431 3334
3005 3437
2051 2455
1235 1733
314 2759
818 1446
1348 2053
899 2346
3986 4013
2840 3892
1597 3353
1190 3855
1486 3136
1587 4629
2968 3861
132 923
2106 3054
2674 4454
3302 4254
1546 4589
722 1579
1692 2369
1151 2685
3077 4704
961 3145
4334 4382
1372 4373
1815 3342
909 2228
1253 1810
2796 3235
1583 4415
1813 2834
1183 1825
173 335
904 2512
409 2788
833 2618
1168 3429
2947 3544
2804 4540
3023 4492
609 3902
1129 2187
1215 4635
2426 2812
1372 4483
3079 3088
490 4300
2567 3145
670 2830
609 1153
1644 2251
1413 2786
2043 2416
602 1503
579 2468
1180 3083
2052 4096
2228 4175
183 1082
1071 3782
79 546
2683 4549
1725 3899
462 4404
1556 3915
3155 4045
1394 4631
1630 2753
740 1414
1806 4370
1158 1426
104 2902
372 4687
2883 2960
2074 3956
371 3229
882 3744
3669 3942
2717 4406
3099 3175
1464 3892
1354 3379
33 1109
264 1010
1255 3348
2319 4539
1162 4068
384 3472
2794 3635
718 3188
245 2547
482 827
869 2960
49 802
739 4208
1798 3456
1147 4099
3224 4413
3620 4594
889 2861
1241 3666
2038 2633
1810 4699
150 299
3923 4549
3158 3218
1796 2211
4166 4569
140 2638
205 3564
1230 2071
560 1023
754 1722
2377 4344
2902 3262
2153 2205
3869 4087
929 4178
892 3198
2079 2823
1991 2485
1403 4116
366 416
716 1728
1486 4683
102 3779
698 4349
475 4225
923 3541
3193 3388
1085 3806
583 685
3569 3882
1990 2092
486 1190
627 1414
1842 4357
1998 4700
767 3564
1785 2533
774 4566
602 2092
1422 4299
905 1031
2341 4260
1833 4368
2715 2990
717 3944
1222 1978
145 3833
895 2137
745 2674
1024 3231
2485 4045
211 3213
1274 2392
3102 3728
406 3413
975 1982
2127 2742
2782 2790
441 4343
1468 2388
1567 3707
3006 4037
477 2783
357 4454
1209 1525
1040 1377
1681 2756
890 1519
402 3568
1717 1719
2043 2671
1761 3728
384 4662
1789 4066
588 3815
232 2055
101 461
195 2099
522 689
719 3587
722 2825
2602 3274
1022 3362
500 2858
3194 3381
1018 1296
4307 4351
1792 4130
388 2342
1531 3614
2073 2519
1352 3915
1698 4635
1393 3210
683 1443
3552 4086
444 1294
287 614
502 2716
749 2008
3939 4456
1040 4013
2199 3354
786 2099
1564 1926
1717 3877
373 4099
3374 3422
1117 1375
2153 3927
1087 3159
3197 4635
123 3820
129 4389
470 2645
2106 4096
1494 4351
2660 3566
195 493
4063 4382
481 2329
827 4060
2017 3733
2702 2880
986 2244
168 1262
163 873
1565 2734
1470 2063
4130 4414
749 2673
3422 3839
1444 1585
3099 4130
1061 2825
3322 4154
1581 3498
124 2716
1456 2440
397 2034
1249 2510
2489 3059
3120 4552
779 3185
1206 3188
2483 3717
1656 2738
3637 4675
2922 4063
1139 1819
416 541
630 4692
1653 4355
444 4347
318 3980
2409 4630
497 2308
786 2353
725 810
744 4389
649 4715
1174 2099
673 3836
2537 3983
749 4389
2456 4675
1867 2163
3954 4284
1710 4733
2116 3822
3222 4184
170 3145
546 4542
563 1877
731 1955
4310 4676
1103 2966
1556 4191
1489 3244
1849 2556
855 3932
74 3942
463 1729
3773 4447
1341 4194
497 4349
2077 3616
486 4482
163 4298
3117 3302
843 2935
71 1142
1236 1343
2611 4271
445 1313
1993 4001
328 1605
4171 4663
3845 4497
1230 4001
3859 4663
3786 4521
445 3406
299 894
1519 3546
887 1369
762 951
37 2583
2316 4723
557 4427
614 3397
647 4226
1070 2877
206 3996
579 1480
902 2812
674 3340
317 492
937 1932
4048 4349
1261 3230
563 4175
992 2187
2645 3373
749 3065
298 1996
543 3602
827 905
1245 1854
1245 2223
1718 2320
65 4406
1372 4355
2852 3692
237 273
428 1299
830 1825
2752 4305
3551 4154
633 2033
1614 1629
2198 4034
2537 3842
1425 4113
2689 4641
558 3999
18 666
1302 2682
503 1207
1955 2741
978 3193
941 4053
93 3526
3508 4060
1941 3901
2515 3477
1081 2694
2368 4540
1719 3814
695 2852
165 1956
3698 4191
718 2775
588 1862
3264 4638
1693 3968
1110 3968
924 4726
614 1009
3822 4603
3428 4062
589 4641
2765 4687
3100 3822
632 2809
1147 4087
1758 2673
1175 2544
1164 1690
975 4700
520 4683
2701 3181
2073 2160
184 1809
264 3269
1644 4202
2576 2859
64 4375
195 614
1344 1623
331 775
1230 2416
1765 2521
2220 4171
149 3362
2577 3639
1021 4273
41 2791
1921 2207
1650 4268
204 4219
664 2008
156 1627
558 2613
880 3241
2091 3899
463 893
1231 3732
2824 4702
2152 4061
3865 4404
459 2559
1952 2075
1687 3928
86 2931
407 1871
875 3318
1382 2555
3847 3957
1953 4368
951 1717
261 814
558 1110
279 2795
2819 3280
714 2536
3489 4510
492 2927
1213 3856
2787 4027
1102 3914
4175 4208
1651 2404
761 2876
3744 3994
111 1133
3820 4348
1133 3645
2933 4263
1657 2700
1060 1900
2737 4275
108 935
4063 4342
742 3973
352 2365
370 4391
1338 4316
1105 4029
3776 3903
401 984
1501 3179
598 4465
307 4493
25 3903
1208 3837
3880 4316
91 3464
352 1501
2334 4518
109 3663
2167 2688
527 1107
1423 1736
742 2010
1834 3880
1506 3817
2216 2646
2036 3404
304 3034
252 1674
1506 1569
2871 3436
109 645
202 2749
109 1882
2871 3844
468 4301
172 1338
2323 4316
1569 4029
1935 3404
3844 4424
2534 3464
1639 4394
826 1451
742 1381
3034 3179
151 1666
8 3621
20 202
304 1338
352 3209
806 1736
1834 3973
2873 3237
370 604
2646 2871
645 3960
1208 3739
352 527
1346 3139
1766 1827
3817 4029
2873 4727
1498 2234
1666 4269
1549 3903
81 4518
1105 3621
25 1736
826 1338
307 2263
172 4029
2167 2675
604 2568
1451 1639
1501 4316
2585 4439
355 1834
2234 4564
1252 2871
2419 2457
2365 4564
307 352
1674 2871
1381 1423
77 468
1882 4439
307 3817
2010 2452
1498 2659
4029 4465
3960 4727
1827 2318
3046 4727
1100 2234
3880 3973
2585 4301
1381 1827
2323 2871
151 2568
2487 2871
3237 4169
1346 3803
1252 2646
4124 4424
20 2419
3739 4316
1000 4391
352 4124
1252 1766
1134 1510
2688 3404
4391 4446
1935 4169
1338 2568
2989 4124
3663 3844
1506 4391
1569 2452
527 1283
401 3844
4029 4295
20 2568
3179 3776
604 3880
1569 3621
3179 4391
1569 2457
1152 1935
202 401
2457 4518
604 1569
252 4390
527 826
4 4269
4 4365
1501 3404
1865 4439
2600 4493
352 1506
1935 4390
81 527
1907 4077
3844 4439
370 4465
151 1252
393 1736
598 3817
1100 2323
352 3776
2263 4390
645 4365
3139 4381
1766 3179
4029 4316
2749 3237
4316 4394
1639 2010
1875 2568
2284 2585
1134 3464
81 598
604 1107
1381 2688
304 1569
3739 4727
2534 3835
1569 1865
3803 4465
3071 3903
1674 4295
352 2659
252 2688
370 3960
2585 3835
2365 4727
1100 4301
1827 2659
3464 4518
1882 2989
2646 4446
1501 2842
1134 2534
468 4727
984 3903
1907 2585
645 1736
1134 1283
1498 2989
826 3880
742 3803
81 2323
151 2263
3436 3837
2457 3854
401 645
1212 2334
1674 2234
1569 2989
2323 3071
8 1107
1510 1736
1875 4428
826 4564
984 1882
151 1381
1510 3835
1346 4169
3046 3464
4 2871
2010 4390
3237 4446
4301 4564
2842 2873
3464 4301
2216 3817
307 4428
2216 2234
4077 4424
202 4607
370 1423
1000 3973
806 1506
75 3803
151 1907
2675 3139
3835 4428
75 3903
1766 2234
352 1666
304 4390
355 1510
1423 2365
252 1834
527 2600
645 4518
3803 3844
2764 3404
370 3071
77 4428
1510 1875
1501 3621
1423 1875
1381 2452
1105 1381
2749 4727
1000 1451
1000 3817
1584 4465
1105 1666
1498 2842
1827 4029
1501 2842
401 1152
307 2743
2323 4424
1000 3903
4365 4394
20 4564
2365 4435
3776 4295
1283 3844
3844 4390
370 4564
604 3903
4077 4365
2675 3803
468 1736
1510 3046
4390 4446
4 25
2659 3973
3139 4301
1498 1549
742 1152
826 4564
1584 4124
1827 2216
1569 3404
1423 1639
2675 4727
742 3803
1766 4435
2871 4390
1381 3209
4269 4365
401 4435
1865 3960
370 4518
1208 4394
1134 4446
1107 2334
8 355
3837 4381
806 3209
1451 3960
109 2323
77 1907
984 3844
1639 3034
307 1501
2871 4493
3046 4518
304 3973
2365 2688
1000 2568
2534 2585
742 1423
352 4518
1107 3034
3960 4029
1100 4269
1569 2568
1000 1501
8 3803
172 645
2284 4435
1107 2659
1423 4607
109 2334
1865 3817
3844 4465
1736 3880
1510 3844
4 3464
252 3046
1865 2010
91 2600
1107 3436
984 1506
355 393
2568 4124
1000 1584
1907 3844
109 1338
109 2871
1639 4077
2010 4435
645 1423
1584 4390
1865 4269
2675 2749
1882 3139
304 4169
439 2688
645 3903
1208 2167
1105 2167
3237 3835
2585 2842
401 4169
1827 1875
4 4316
2688 3973
3960 3973
2585 4365
2167 3803
75 2452
3739 4365
1666 2284
2216 2646
1252 2688
352 4446
1865 3903
2010 3139
370 2487
1506 4390
2989 4446
2534 3817
8 252
2600 4439
1501 1584
742 3880
1907 3237
2534 2764
2743 3880
4077 4316
1000 1865
1134 2036
1584 4381
401 2534
3464 3817
3404 3880
2487 4295
2534 2659
352 468
2600 3880
202 4365
202 3034
355 4727
1283 3854
2452 4727
4428 4727
1766 4301
3046 4518
598 2036
1549 4295
2010 4316
1212 3854
1907 2365
81 439
2318 4607
2487 3621
645 3179
2284 4077
1882 2318
2568 2873
1498 3960
2284 2419
3973 4727
604 3837
598 3237
304 1423
2410 3803
2036 3034
1252 3663
3404 4428
4077 4390
598 3960
742 3139
3854 4564
355 527
91 4607
3837 4124
806 4465
1000 2457
2457 2871
352 1381
2216 4727
527 3835
1381 4446
439 4077
826 1882
1107 2871
527 2568
3903 4295
1252 2743
1736 4316
1100 3835
1766 2764
2871 4365
806 2764
2659 3903
2534 4446
2452 3973
20 401
1907 3071
1875 3404
742 2334
2263 4269
3179 4301
1935 3209
234 4198
1399 3281
3532 3953
3510 4339
2386 4408
1848 2295
1288 3506
2714 4002
3532 4408
1370 3108
1770 2714
1188 2451
2022 2361
1848 4002
1199 4479
2821 3025
2427 2508
1053 2022
2386 3025
2022 3510
2397 3532
748 4129
1609 3506
4002 4648
4339 4479
1848 4455
214 4020
1770 3108
3818 4308
135 3563
118 4129
447 1478
118 1848
2451 4339
2281 3719
3818 4455
1737 4408
2508 3506
1399 3085
2022 4679
234 1288
1478 3369
1036 3025
1188 3361
1959 4648
1848 3662
1199 4076
1848 2451
214 4578
3581 3662
3025 3764
2295 3510
135 3953
3361 4328
3361 4020
1036 2311
2022 3369
1288 3662
3643 4648
1036 4328
3025 4339
848 2427
1804 3953
234 1399
1737 1959
1053 3013
3085 3281
1848 2508
1053 1188
3183 4076
1959 2386
2397 3581
3764 4612
1848 4308
1804 4020
1399 2094
2094 3532
1804 4002
1370 4328
4002 4339
3696 4408
2094 3563
3369 4479
135 3506
3953 4076
4020 4612
2094 3183
234 4408
1804 2505
2281 3025
3013 3818
1399 2361
1804 1848
3563 4020
1036 4479
4328 4455
118 2022
3719 4002
234 4020
2397 3361
1288 2451
2094 4339
2361 3013
2311 3510
234 1399
1199 3643
1053 2361
3405 4455
2386 4129
3405 3764
135 3108
3532 4339
2386 4455
1053 4198
1555 3764
4002 4020
2386 2397
1737 3764
3361 3719
447 3183
3013 3405
2508 3563
3405 4328
234 848
3643 4198
1288 3085
1053 4308
1555 3025
1188 3953
447 2311
2022 3281
3013 4020
2505 3643
1959 3764
1555 3108
3563 3818
4020 4076
447 2451
1399 4076
135 4455
1737 2281
3369 4339
3361 3696
1609 3004
2361 3361
1804 4679
3643 4479
1399 3025
3361 3818
3013 4129
1199 3818
1370 2508
1370 3662
1399 1848
1370 4129
447 3361
214 1770
1478 4612
1370 1737
447 4455
3643 4328
2451 3013
3696 3719
2714 4339
1478 4328
3013 3361
1959 3510
1288 2094
1770 2281
4479 4648
3183 4578
1959 3581
2311 4612
2508 4455
4076 4198
1609 3405
1036 1399
135 2361
1199 4129
748 4648
2944 3563
2397 2944
135 4076
214 1959
1737 4455
1959 3025
1036 1609
2361 2397
1478 4578
1555 4308
3643 3953
2361 4578
3013 3953
3369 4578
3004 3361
1737 3506
2295 2944
1770 4578
2281 4455
1609 1737
2022 3532
3281 4328
2295 3405
1199 4339
2427 3361
3581 4020
3532 4020
2386 3764
2397 4339
3013 4339
2508 3532
1555 3581
135 1036
3004 4308
3025 3281
447 1370
4090 4578
1399 4328
447 848
2094 3818
3662 3953
2022 2714
4198 4328
2397 3108
3085 4455
1199 1288
2094 3108
4198 4612
1288 3818
1737 4308
4020 4578
1199 1555
2311 3405
1036 1737
1478 3953
4129 4308
1737 4090
118 4455
3108 3281
2427 3369
214 2094
234 3183
1036 3532
1770 3004
447 3281
2361 3696
2944 4455
3719 4612
3764 3953
3532 4002
2451 3405
3696 4612
3405 4020
1737 3085
3405 4076
1770 4339
748 3953
2427 4090
2361 3510
3085 4020
4076 4090
1737 2386
748 3025
1399 4198
1036 4129
1770 2311
3183 4612
118 3281
2094 4679
214 3183
1188 2311
118 4679
2361 2508
1053 1737
1737 2311
2094 3405
2386 4648
3953 4328
1737 2361
135 3581
1053 2944
4020 4308
2386 3719
3281 4578
214 2821
3369 4578
3361 4455
3506 4455
3510 4198
3108 4408
4479 4578
3581 4129
1036 3563
1848 3108
3183 3361
1053 2714
748 1036
2821 3183
214 2022
1555 3361
1370 2714
1053 2094
1288 2427
1737 1770
4408 4612
4090 4408
118 1399
3108 3563
1370 2505
2295 2505
1770 4679
2714 4455
3510 4020
2094 4198
2022 4455
1199 1959
1288 3506
3506 4612
1199 2094
234 2821
1770 2281
2022 3108
2508 4408
1737 3764
3405 4129
1399 4090
3108 3953
1036 4578
2714 4578
3563 4328
3013 3506
848 3405
2281 2397
3764 4578
1188 3281
118 3013
2386 2821
1199 2944
2427 4198
1199 2361
447 2094
3907 4604
2293 3858
607 1716
1601 1995
2578 4047
2 272
1308 3554
3959 4214
1749 4604
523 1005
2298 3672
297 392
15 3598
176 1911
1308 1915
258 3672
166 607
540 3530
3804 3922
258 4111
95 1131
95 3652
2584 3922
523 1404
231 1716
3667 4047
469 4111
176 387
327 997
794 3672
1716 1915
1078 1373
327 506
2516 4214
231 4205
1749 3858
2 1404
297 1716
1314 4050
1869 3885
95 1314
258 1989
3672 4288
2 849
2005 3665
272 4205
2005 4562
231 4047
1314 1949
3831 4288
1995 4140
1897 4092
1762 1897
569 2578
1945 2774
166 3907
1920 4288
1915 4092
2453 2511
1995 2965
1101 2774
15 272
3530 3665
1762 3826
231 3424
1601 3959
1125 1945
1911 3885
1949 3687
222 3922
330 3672
272 1513
339 3672
997 2869
1601 3327
770 1945
176 1622
1911 2908
3816 3885
1949 4078
1869 4047
325 1989
1897 2511
2584 4205
1404 2650
2293 3665
231 770
1314 4047
791 4604
1635 3672
327 3327
1989 3955
1635 4164
222 1373
1949 3959
3672 4047
3471 3618
3243 3664
347 1408
1747 3761
3052 4042
2889 3487
533 2292
2755 3866
4030 4095
3016 4583
1050 1554
777 2597
2358 3965
3357 3775
2810 4231
2275 2579
2268 2864
3385 3460
1914 4499
3940 4606
530 4488
3101 3650
694 3906
40 4315
1172 4021
3660 4267
2984 4157
3743 4036
467 4021
682 3597
2773 4520
3755 4582
2020 2711
2976 3609
799 2971
48 4533
4376 4688
2720 4575
344 2943
2713 4097
1279 1552
2839 4252
1855 4639
1566 4601
789 2681
1163 2265
1012 4590
530 4520
2603 4661
1170 2833
1257 2672
512 2006
19 2006
1007 2343
2863 3657
78 1163
2024 2032
2827 4533
2532 3622
1333 3291
3221 4141
1535 3682
3967 4126
162 1324
1578 4258
1826 3483
48 577
487 967
2748 4665
3488 4400
970 4469
782 3770
438 3480
596 983
1003 2032
4312 4622
2191 2610
2082 4026
361 1452
2067 3784
3761 4636
2266 3314
3430 3609
1828 4397
755 1683
2503 3363
2104 4059
382 4212
167 2967
1536 3771
537 3734
1090 3140
2711 3082
3841 4084
3448 4021
2948 4095
78 2610
584 1474
412 2895
1349 3242
2447 4283
440 4558
697 2680
772 1439
1462 2604
1861 3313
1518 4021
360 1638
820 3641
405 4678
440 2524
1521 4411
1861 3485
3791 4418
4232 4606
964 3681
2886 2981
1163 3336
429 610
3682 4173
106 1701
200 4058
291 2704
1405 2406
790 3336
379 2088
2580 4126
2977 3164
379 2680
2621 3682
2895 3753
1474 2445
631 4126
4393 4625
3825 4548
3495 3694
2754 3027
396 3461
2748 3063
2421 3363
2579 3519
1291 2148
1257 2837
1462 4302
1246 4155
191 907
2647 3524
3434 4636
3479 4073
1543 4227
1747 2731
22 4570
474 4028
1485 4661
1178 2748
772 3434
2421 3067
1562 3769
1429 1742
3370 3664
703 4286
97 2049
3245 4043
845 1172
3336 3623
2588 2693
2906 2916
1800 3288
1558 3271
223 3601
345 4734
987 4031
2362 3848
105 1455
26 3487
958 1571
138 4312
2239 3037
2582 3633
2291 2909
2789 4098
3721 4145
793 3324
3967 4658
148 2769
1432 1734
1632 3283
2621 3761
1165 4628
2915 3457
936 2554
535 1224
836 1466
535 4429
957 3549
2286 4437
3522 4429
432 4126
1652 1814
2535 4471
2285 2713
2527 3710
2969 4514
175 872
3064 3948
2465 3164
112 3443
526 3763
1123 4451
2026 4606
341 3068
2850 3677
1455 3169
1455 2525
1335 3427
1384 3920
2354 2833
1405 3479
2535 3780
80 2818
1855 2425
1788 3898
1439 1660
1050 2444
1326 1899
2606 2993
31 1521
620 2930
1600 4229
2680 3376
1066 3693
661 4437
1860 3550
1493 2719
2986 3233
2956 3866
60 2945
2133 3313
1104 1165
1095 3481
2292 3605
375 1683
998 2104
2727 3958
1003 2901
1353 1617
278 2836
379 1843
1155 1462
578 840
3550 4252
2719 3366
898 1211
1396 3964
2723 3180
1507 2587
1751 3101
1201 2438
374 4520
1660 2920
2349 4567
3331 4093
3622 4507
2961 3474
382 1589
2655 3493
289 2493
2148 3124
1228 3114
914 3163
1604 1828
3539 4036
2621 4312
2818 4690
3597 4075
2887 4119
3163 4312
1828 4388
2260 2402
2848 4409
703 3622
3226 4215
2767 3092
2044 3364
3627 3628
2580 4609
881 3709
2843 3699
1504 3366
47 4000
1080 1275
3345 4550
2864 4528
3130 4229
568 3679
864 3789
578 3031
2727 3096
84 1814
2028 2744
2848 3232
1828 1895
985 3043
2007 4190
442 4593
755 3935
2958 3391
1405 1835
3486 4079
2769 3584
3515 4374
3305 3493
293 4189
167 2943
1054 1937
63 70
436 530
1683 1830
1128 3292
3233 4714
746 2780
1407 1619
3467 3634
2621 3360
3251 3263
207 4252
1788 1861
507 1077
1521 4229
474 1751
1880 3678
2082 4265
964 2769
1280 4200
1839 3978
455 2498
1727 1752
886 1818
1660 4462
2135 4423
1814 4560
1545 1914
2836 4329
2760 3283
2827 3761
2799 2996
494 3417
1113 1445
864 4287
1184 4155
2169 3311
1499 2057
530 4661
189 4419
4577 4690
1333 1654
1860 3096
1228 2900
32 47
329 2383
2532 4213
597 3628
2870 3328
4031 4728
1178 3304
3070 4570
1979 4056
114 4472
772 1734
54 3601
2711 3220
2315 3830
3092 4582
440 2750
3488 4431
1334 2866
1638 3737
2969 2978
247 1065
1201 3240
47 1172
3336 3881
1275 4097
2631 4541
2177 3283
1683 4611
1760 2797
756 948
2548 3761
3410 3784
347 2013
329 1318
208 958
3434 4213
1391 3693
1754 1940
570 2390
1814 3449
1384 2557
3641 4417
262 3893
1521 2367
455 640
2755 3644
595 4471
1329 2769
2307 4376
2816 3495
2472 3063
3884 4570
21 3073
4079 4399
1333 2391
3028 3481
218 1384
1358 1545
2313 2956
4193 4652
3156 3688
2961 4233
932 3703
3952 4728
1315 4689
3008 3112
1458 4505
932 3913
4261 4489
2292 4674
2140 3459
2283 2712
932 3375
1767 3130
464 4108
2141 4661
2868 3710
1265 4155
2359 4036
958 1356
19 1925
2054 4665
2477 4596
167 3753
660 1216
1934 4661
1246 3458
1778 3495
1981 2401
1408 4731
3627 3893
1508 4732
665 2480
1476 4332
3233 4398
1787 3356
2401 4475
83 3011
831 1453
3092 4267
1362 1808
2655 3657
1652 3057
1944 4079
1017 2695
3118 3788
2948 4432
2892 3800
3336 4229
1933 2680
1638 2893
40 242
2154 2870
73 3305
203 4475
2028 3101
1324 1504
2895 2984
167 800
3341 4587
419 2769
262 1216
1137 2478
1211 2104
760 3483
2835 3808
1721 1812
1980 2621
3291 4636
63 1006
945 1077
3016 3622
1434 2233
1664 2635
2658 3220
361 4030
4022 4272
3574 3881
2191 3829
2907 3063
2418 3228
2629 4652
259 2866
1482 3366
1913 2151
487 3615
136 227
2822 4514
1246 1868
2412 3962
54 3516
2102 4537
405 4126
1778 2307
1366 2711
1787 2961
812 4143
3226 4059
347 3400
2348 3067
883 3772
2044 3936
3417 4554
2260 4548
4412 4671
858 3561
50 3565
367 2798
516 526
1969 2480
308 1123
4570 4606
342 3512
1699 3363
1150 4527
47 1333
1948 4267
1895 2953
438 3697
3207 3627
2711 3761
405 1201
1632 3367
586 3519
3021 3605
2651 4515
3032 3259
476 1458
133 282
2587 4199
735 3827
3207 4401
1323 4043
3493 4145
100 1481
1676 3363
78 3346
2653 3295
2815 3950
3336 4272
293 4085
47 1417
2769 4242
43 792
60 2964
2102 4661
1608 4179
4286 4633
2104 2748
2867 3448
2970 3631
533 1873
1739 2492
294 4668
2915 4384
755 3130
2025 4658
225 3790
133 853
1003 2157
864 3119
4376 4531
1734 4623
3823 4451
2806 4596
2657 4059
1167 2868
3852 4264
1906 2191
3411 4554
1860 3163
2151 2727
32 1495
2681 4397
1950 3402
1137 1700
136 615
2314 4095
521 3628
2707 4582
54 4093
2227 3341
67 2184
1481 3219
1860 3189
705 4376
1940 3912
2981 3296
1887 2539
732 2848
1508 4475
2945 3550
2776 3221
1664 2739
2004 3288
1830 4614
568 3290
624 4042
105 3967
1516 3522
1016 2239
3797 4669
1058 3585
479 1353
2662 4185
293 3537
359 3332
2848 3516
1156 3881
1452 1558
1333 3228
2305 3493
141 3196
1903 1912
2525 2906
1434 3641
1668 4606
755 3963
1864 2432
1981 2587
418 4145
1285 4366
2976 3583
1242 3455
105 4114
474 2961
1254 1458
2773 3802
2980 3057
1705 2539
2720 3127
386 4622
130 4576
3919 4000
2769 2827
2082 3834
1705 3430
2436 3466
841 4471
2981 4023
3096 4042
185 4030
1868 2264
1242 4707
2551 2837
1751 2653
3040 3830
1499 3651
732 3268
1516 3481
175 3332
1336 4097
3615 4031
2977 3286
1 4258
487 4619
259 1386
2383 4582
980 4694
707 4026
3761 3778
1454 4108
1824 2479
440 1182
1333 4489
709 4531
1371 2624
2843 2864
1246 1846
80 2358
2948 4283
501 1336
532 1846
906 3935
2492 3376
582 1017
1137 3565
378 3772
595 4108
1727 4042
379 3202
2982 3549
1227 3565
382 3910
1214 1452
338 2728
593 4469
1065 2751
4039 4108
1254 3114
3254 4021
4626 4637
1176 3788
3819 3978
993 3493
218 3245
3247 3720
3463 3618
1778 2892
429 3777
398 4179
2171 4489
3283 4332
1454 1997
530 2231
3457 4721
209 1589
2987 4637
2686 2835
2191 4643
158 2961
2181 2833
1823 4469
1695 3474
2594 4689
1466 1794
36 3254
378 3345
3015 4471
1868 3677
107 3073
1008 2142
1342 3417
306 3627
379 2154
3073 4636
993 2621
1353 4714
443 3794
2029 4193
308 1802
130 958
1700 1855
1803 2477
1017 2001
3487 4694
1334 2161
1542 1599
1184 1333
429 998
1472 4333
180 2307
270 2044
872 2312
3750 3834
3875 4084
3045 3721
1275 3242
697 4180
1493 4658
1621 2621
3466 3494
2350 3989
1012 1176
688 3325
2287 3033
1436 3699
1452 2651
594 2494
2343 4714
1266 4533
1050 2317
1708 2580
3964 4359
1159 2553
2810 3967
2744 2914
1342 2732
342 1194
781 1679
1620 4366
1778 4216
815 4250
1767 1899
661 4229
2580 2740
2143 4287
3949 4216
116 2108
2240 3964
2136 2514
1928 2425
1599 2822
3888 4577
4503 4554
643 735
128 2729
2975 3283
153 440
80 4541
2647 3710
1046 2525
1572 4297
781 1065
1172 3627
2001 2617
1618 3127
218 278
751 3221
303 2317
1258 1760
1008 4314
301 3182
263 2691
1527 2291
2837 4097
1429 2691
265 550
857 2535
2945 4036
3952 4032
570 2587
1210 1735
2108 3753
248 4591
2032 4475
976 1903
912 2822
2383 3593
1767 2822
1971 2895
2958 4258
746 4215
2241 4626
755 1104
1607 2958
1390 2870
1999 2535
395 4632
333 3618
530 3417
1379 4021
1589 2273
575 1874
2924 4626
983 2151
927 2835
2841 4625
1774 3018
2045 3494
3519 3550
2260 3682
595 4475
2134 2589
1020 2977
624 4703
1254 3494
2169 4616
2827 3027
3282 3747
867 3463
1072 1526
189 3409
846 3191
1291 4222
4049 4458
1287 2003
994 4145
948 3434
1184 4651
3496 4323
1823 3913
1265 1783
4157 4197
188 1176
2012 4079
2615 3338
2086 2111
1067 3314
1972 2901
2210 4297
429 3805
1136 1328
993 2069
2571 3780
2549 3360
438 3376
1458 4392
4121 4636
2093 4261
3753 4155
3066 3207
1497 1830
3228 3678
3163 3704
1429 2636
1269 1280
1065 3270
793 2100
380 4409
404 4571
2421 3701
1914 2466
1638 4658
1067 2692
2086 4181
1210 3989
1008 1981
2197 2748
863 2255
1582 2711
1455 4587
2001 2111
2956 3338
1420 1570
291 3068
1 1378
175 1351
1219 1828
3503 4606
804 4507
227 2662
932 1128
100 2833
2983 4576
1130 1756
932 3162
141 2860
78 452
1893 2820
1861 3493
2395 4230
1391 4639
2344 3905
1367 1540
3360 3905
1474 3433
2169 2317
1537 3221
1008 4358
613 1732
1011 2580
175 1367
1741 2913
293 936
3141 3623
1511 3948
672 3360
3553 3703
294 4499
364 2307
4509 4658
3047 4458
4241 4669
404 2111
2588 3913
980 3317
1028 2032
1126 1824
1130 4409
311 2983
2776 3390
2624 4341
781 1452
2321 2789
430 2326
2864 3893
1471 3140
2007 4000
1163 1492
1678 3720
3925 4341
2414 2637
1963 2686
2177 3772
3027 3950
1528 4652
418 3948
191 532
213 845
915 1353
3747 4030
160 872
1483 2777
1557 4583
1452 3597
496 1159
3458 4689
189 4341
545 1571
2045 3515
3638 3656
218 1812
38 3964
1610 4030
382 3761
474 587
167 265
4021 4380
3335 4000
1290 2580
594 4145
2403 3072
1589 2866
1931 2424
964 1124
2078 4259
957 3192
1287 2147
1619 1683
1259 3827
3081 4478
1547 4212
1371 3217
1937 3219
329 4423
345 3303
968 2837
1163 3834
338 2848
3312 3631
3207 3768
2991 4615
455 1845
1495 1563
948 1699
3092 3631
1280 4475
2307 3233
1774 2461
1543 1808
3589 3747
735 2827
1764 3881
530 3434
1543 4168
595 3263
1752 4538
967 1790
3559 3650
646 1676
672 4100
3189 4119
3852 3920
334 2653
1194 3122
1892 2354
793 3650
551 3963
342 4710
1396 2186
3571 4051
36 3310
2100 3135
1764 3153
1824 3263
405 1197
2315 3593
1263 1471
1527 2314
1536 2945
398 1979
3693 3790
891 2037
3493 3866
1123 2023
914 4567
3252 3949
2833 4312
2307 3484
1837 3622
185 1618
1290 4054
1165 1797
1700 1760
2572 3402
2551 2587
1684 1699
1613 1772
1741 3443
476 4333
1462 4731
2835 4272
1408 4598
4109 4290
586 3988
4376 4570
3073 3105
1481 2432
1408 4718
1890 2503
2566 4398
1615 2855
1156 1244
1145 4363
3438 3737
1526 3788
914 2480
2148 2665
1246 1912
1740 4458
1618 3918
3772 4636
957 1543
2538 4120
2366 2513
1850 3341
3492 4671
1800 4014
2461 4199
60 537
537 3214
1751 2526
479 2656
2134 3463
1578 4724
2019 4043
218 872
3221 4520
1059 2391
3495 3571
1957 4155
3191 3917
3492 3664
1452 3638
1904 2044
282 1613
290 3016
48 3467
2592 4488
1543 1747
1678 4393
349 3884
3485 4123
2739 2866
1434 4516
844 1802
3796 3917
2750 4155
1773 1933
3357 3641
31 2471
1914 1984
4030 4477
845 3279
4084 4241
3288 4711
3448 4615
106 2539
47 4458
1889 4212
1940 2739
1360 4661
542 3153
3524 4725
1777 3282
2142 3106
755 3664
2868 4121
2222 2517
400 4297
886 4372
1547 4730
600 4615
2201 4261
345 2154
3162 3336
2528 2875
3382 4003
200 2769
2739 3463
1387 4109
900 4142
1699 2476
122 2032
1113 1678
2001 2946
347 2621
831 3788
2078 4241
1934 2309
1548 4655
2156 4145
3737 4309
1363 4401
1543 2395
1047 1904
611 2383
3036 3488
1016 3263
1452 2679
1589 4003
3291 4658
3770 4376
798 2134
2461 2574
1589 2307
586 1194
3072 3848
1493 2321
1699 3320
3415 3443
2412 3650
1184 3608
772 4544
2292 2723
1015 3926
3329 4503
322 2913
568 4312
2023 3086
60 3763
1507 2831
2120 4535
1356 1826
1517 3615
2748 4399
1891 4622
455 2529
1333 3781
1242 3761
348 768
659 732
329 2477
1552 3106
1115 1638
1219 3969
586 4720
1616 4714
296 3314
2395 2848
504 1072
3431 3520
1604 3730
1042 1216
1184 1700
3325 4614
22 1327
2634 3092
1942 3753
1194 2538
1017 3493
1516 3263
768 958
2886 3474
1214 4046
1211 2401
158 1223
1850 3868
2942 3063
2912 3124
2621 3720
1450 2032
2993 3240
755 4535
2930 4499
1126 2242
218 2609
768 2102
1914 4155
2044 2151
418 1077
1830 3964
2273 4400
1970 2606
948 3409
769 1521
3460 4582
361 4681
1210 3228
3807 4031
1874 2151
100 242
1301 4039
356 2831
159 4302
1 1751
138 3057
3228 4297
379 1333
296 603
946 4059
2637 4696
927 4250
67 4728
1740 4527
1159 4471
863 3917
858 1783
1333 1828
836 2798
4095 4278
586 2648
1570 3062
2154 3212
771 2524
2447 3008
2711 4030
3550 4031
83 3771
1458 2719
595 812
3344 4030
1471 1495
1 4591
900 2807
50 2607
564 4731
138 1291
1452 4179
1502 1516
2522 4193
1367 2473
793 3917
1137 3433
2662 4645
3168 3458
2517 3492
2381 3328
811 1912
1130 3540
436 3164
2712 4728
1004 3068
1384 1934
1800 1860
3016 3520
799 1077
2140 3043
1860 2140
2292 3572
2067 3448
2818 3366
2270 3331
1156 4418
83 1548
1668 1939
3092 3336
628 2045
3494 4395
2231 3315
946 2470
1047 4125
2727 3848
2856 4593
2893 4019
218 1058
2750 3234
1458 2277
2488 2820
1384 2586
1903 4041
536 2848
603 1163
2147 2789
2798 3827
960 4505
361 980
1981 4669
1059 1732
836 1561
2006 3493
2412 4660
141 2292
1705 2848
3268 3378
1751 2548
1868 2807
2951 4567
350 3781
203 2957
3513 4660
3024 3375
2651 3979
1895 3726
2975 3156
2996 3626
1830 2405
3133 3763
1336 3097
769 1435
3650 3894
122 1316
987 4593
1636 3898
1017 1335
227 3291
2317 4471
1828 1983
292 980
2670 2855
1523 4212
3032 3124
1638 3250
2326 2981
1570 2733
1166 3162
2087 3250
2837 4183
419 4207
186 209
396 1240
4475 4636
1751 2406
2827 4132
3011 3308
3828 4681
3363 4618
334 1703
3940 4684
678 820
606 964
345 701
1647 4505
2037 2993
1933 2996
1677 1890
2057 3881
1699 4652
2855 3291
4123 4721
2514 3920
2575 4122
282 4376
1702 4690
443 3593
2366 2975
2102 2287
912 4716
694 2820
3633 3641
1240 3769
3319 3721
1280 4363
2892 3978
3542 4109
1165 4478
97 3641
2890 4674
2424 3888
1365 2657
2292 3761
1543 4085
1751 3130
2317 3926
460 4615
97 993
2532 2572
4507 4584
864 4229
2247 2719
1448 2478
270 3349
403 3031
1548 2972
1981 2575
306 4109
11 3127
1184 4632
1828 2498
1328 3458
1004 2727
130 3496
43 348
3228 3887
63 1604
883 2322
1649 3463
1072 3938
3031 3493
1217 2958
1828 2488
755 886
4213 4451
2414 4606
2151 2903
1570 4312
2729 4728
586 618
2636 3163
1246 1483
831 1240
3234 3380
2260 3499
2837 4366
881 3597
2117 2401
289 1787
2597 4582
1777 1924
1566 2835
141 4712
2866 2924
2528 3016
4028 4511
2125 4614
768 2801
4380 4472
3162 3443
831 3220
301 2672
238 1430
1179 3144
1688 3148
2278 2735
758 1577
2918 3675
926 3408
926 1851
1272 2443
2601 3144
228 1138
1276 3408
917 1884
2918 3395
2288 2394
1218 3144
2735 3284
2225 4563
3408 4356
228 2506
1179 2443
1884 4438
3408 3985
2703 3408
787 3003
1688 3395
1205 2601
1898 3985
3144 3395
662 758
787 1750
2288 4335
917 1319
1898 3675
275 286
491 2393
238 3148
917 3009
1898 2394
758 1606
88 662
3144 3985
917 2718
1750 4234
758 1205
271 2928
2394 4563
1577 3003
2735 4335
1218 2225
2394 2918
1138 3745
228 2703
1634 2443
238 1634
1205 1319
1430 2918
565 2735
1884 3395
1851 2735
917 4234
1606 1750
280 3395
1138 3284
1138 1577
1606 2506
88 1866
662 1138
2450 3395
1138 4356
1688 1898
3003 3395
238 758
565 926
1884 2278
1218 2278
2278 2450
280 3985
1634 3408
228 662
1179 4335
1276 2450
1688 3395
238 3148
271 787
1319 3009
2450 3003
286 3745
219 1218
1319 4234
1688 2601
2288 3009
286 662
228 565
1276 4563
1688 4356
1430 2443
1205 1750
275 2703
1276 1319
491 1898
1319 1866
1898 3009
271 4335
219 280
2394 4563
662 4234
491 4438
1577 2393
1138 4563
1138 3408
88 2718
280 2443
1138 1634
668 2601
3675 4335
2735 3148
787 1218
1884 1898
1138 1272
1430 2394
491 1577
1138 1319
491 668
1851 2443
280 2225
238 1205
917 2278
1325 1606
1750 2506
1884 2225
1750 3985
662 1577
1179 1272
1851 4438
926 1884
1319 2506
1577 4438
271 1179
787 3148
565 4438
787 2703
88 271
668 3745
787 1276
1866 2450
3003 3985
1606 4335
2393 2703
286 3003
926 1325
228 271
1750 1851
1272 1634
1205 3745
3144 3395
662 2394
668 3009
662 1218
88 280
1325 1577
2394 4234
2601 4563
2394 3675
565 3675
917 2703
1851 2918
1205 2394
2443 2735
1851 3144
280 1276
1218 2443
286 2278
1606 2735
1179 1884
1205 3675
1276 3745
1606 2928
2601 3985
219 4234
271 2450
662 2278
219 662
2506 3003
275 3408
3003 3985
926 1205
2393 2506
2225 3148
565 2718
228 275
1205 3408
787 4234
787 2735
1866 4234
2703 3284
1430 2506
2278 2601
2278 2703
1430 1688
1577 2394
280 1634
271 1884
1138 1179
219 286
228 4438
1688 3009
2703 3408
2443 2703
1179 3675
286 1750
2394 3009
926 2918
662 2718
88 2506
275 1606
491 4335
1884 3284
238 275
1325 3675
2601 3675
271 2443
275 1851
1218 2703
1272 4563
2225 2718
787 3408
1138 1276
275 1276
1319 2928
88 1634
1884 2718
1577 4356
271 662
1688 1851
926 1319
787 3284
2506 3003
1606 4438
1688 3408
238 3284
1688 3985
1205 1430
926 2918
275 1634
1325 2918
1272 3408
2506 4356
1898 4234
2601 4563
1272 1898
1750 2718
926 4563
2718 3675
1179 1634
1272 3675
219 917
1851 3395
3985 4438
1851 3009
286 1325
2928 3675
668 2735
2506 3408
491 3003
2718 3395
1272 1325
88 787
1325 4438
662 2288
219 2278
1319 1898
286 2601
1179 1750
1898 3148
2703 2918
1272 3745
1688 2225
1430 1634
271 3745
787 1179
787 2443
1634 3148
1606 2506
238 565
271 3144
2278 3148
228 1634
1319 1884
1634 1851
88 2506
1851 2394
2225 4438
228 1688
88 3144
2601 4356
758 2918
3985 4563
1138 2450
668 2918
3675 4563
1577 1750
491 2918
2278 2394
280 1218
1688 2703
1750 3675
787 2278
286 1750
271 3675
1325 2601
3408 3745
1884 1898
2278 3745
2225 2928
668 2393
1430 2703
1606 1851
758 2393
2393 2443
1325 2506
1430 3284
565 1866
219 787
2718 4438
2393 3395
3003 3675
2393 3985
1276 2918
1325 3144
280 2718
491 3985
565 1276
2278 2918
286 2393
3144 4438
1276 2703
662 1606
238 2393
565 3745
1205 1898
758 3003
1272 2918
280 1272
2450 3284
275 4335
787 4563
917 1688
1179 3003
2450 2928
1276 2928
2703 4234
1688 2718
1319 2394
88 4438
219 1205
1319 3148
758 2225
1276 3148
787 2443
758 1606
286 2918
2225 2450
1866 4563
275 3675
491 4356
2928 4356
280 1688
219 2703
1688 2278
787 3003
662 1319
88 2288
1138 3144
1319 3985
2928 3408
275 1866
668 2288
668 1688
491 3148
491 2443
1851 2735
1319 2735
3675 4356
1325 1606
1276 1325
1606 1884
662 1179
219 2601
238 1634
926 1866
662 1634
1325 4563
1750 4438
1884 2718
228 2394
491 3284
2288 3144
1205 2278
1272 2450
88 3408
2450 2506
662 3284
565 758
2225 2288
1138 1606
1179 1430
1634 1750
2288 3284
1750 1866
1634 3985
2225 2443
1634 2506
491 1577
271 662
238 2450
2718 3144
1179 1276
758 3675
1606 3745
271 2443
238 1884
1430 4234
2288 3675
2506 3284
2225 2288
565 1884
1325 2735
1688 2393
271 3284
2288 4335
3408 4563
2288 4356
271 1205
1319 2718
88 219
2393 3144
1577 2394
758 3408
2703 2735
1884 4356
662 1205
668 1851
1634 2601
1750 4234
280 3144
2601 3745
1851 1866
3284 4563
565 1606
1884 3985
275 1138
1688 2278
2225 2601
2393 4234
1577 2278
491 2450
88 4563
1319 2443
2450 3985
3009 3284
280 3009
1851 2703
228 1319
286 2394
271 1577
2918 3009
219 1898
1179 3003
3284 3395
2506 3675
271 2718
758 917
1272 2450
926 2394
491 662
88 1218
662 2393
2601 4335
275 4356
3003 3148
758 3745
1634 4438
2443 3144
565 1319
668 1319
1577 2703
1430 4356
1325 2225
2278 4234
668 4438
787 1750
2443 2601
917 1325
1634 1866
219 1866
758 4234
1276 1866
1272 3284
926 1179
271 1866
2393 3148
1179 2278
1272 4563
1851 3675
1276 1750
4234 4335
1272 2394
2288 3745
1851 2288
238 4563
1688 2703
1138 2288
1606 3985
2394 4356
275 1898
2393 2394
917 2601
1272 1750
238 1606
280 4563
2393 3003
238 1218
668 1205
286 491
3985 4563
228 4438
1634 2393
491 2735
88 271
565 3745
2928 4234
238 3985
219 1851
1205 1577
2394 2601
2288 2928
1750 3408
1577 3985
2735 4563
2394 3408
238 280
1179 2450
1688 3284
1138 3009
2394 2443
926 3395
219 275
238 280
1866 3003
228 2443
668 3675
2278 3408
286 2703
758 3148
1898 2928
1138 3985
2225 3284
2601 3284
228 1218
1688 4356
1319 2393
2601 2718
1606 3009
787 2928
1430 2278
228 662
758 2506
219 2735
3395 4438
565 662
662 3284
88 2601
1851 2601
1138 1750
2288 3148
2394 2450
787 2393
2443 3009
1272 2278
758 2288
758 1179
926 2278
1319 2288
758 787
88 1884
1276 4563
1750 2443
787 1325
565 4335
926 1866
758 3284
2450 3408
787 926
1138 2735
1319 2288
1218 2288
2506 2928
2443 4438
280 1276
1851 1884
1276 1606
