2
342 495
1042 1425
8
475 1265
306 1082
413 1238
527 1281
635 1426
577 1332
86 279
215 1371
3
793 1181
1167 1186
984 1281
4
423 1031
132 946
127 955
371 415
2
607 612
484 592
2
945 1184
400 436
8
305 875
1203 1240
418 1386
309 1161
123 642
342 566
93 1350
338 395
3
29 1152
387 921
508 1065
7
477 896
223 266
401 1178
254 1322
302 946
592 675
930 964
5
386 483
104 300
44 877
903 1032
1057 1324
6
653 1012
1013 1287
1093 1432
1054 1197
178 378
741 793
4
253 624
69 199
365 1262
135 360
8
324 506
22 198
143 270
462 918
564 942
442 820
438 1421
945 965
3
683 1043
47 211
431 969
5
56 290
318 506
186 360
444 475
325 1147
6
1054 1415
208 741
773 1332
669 752
1112 1195
194 943
3
736 1080
16 1280
180 218
5
866 1250
231 335
659 1167
530 604
917 1287
4
668 1304
464 875
676 985
492 1366
4
565 738
277 568
1056 1115
662 1338
6
240 255
265 1165
488 782
545 1168
567 622
36 829
6
442 1293
587 934
638 980
213 1261
290 732
125 1307
4
823 1390
826 1015
569 766
786 1079
2
304 1359
105 1058
4
41 1080
916 1090
601 1118
1103 1369
4
647 1150
388 1221
160 395
334 534
4
529 1354
29 236
97 1055
19 1213
2
492 733
1148 1244
3
411 770
501 752
388 1325
6
717 1166
193 1243
99 349
787 1175
17 792
660 881
2
24 540
192 1422
5
863 942
8 298
179 747
165 712
586 997
8
152 1406
380 741
131 1233
111 403
620 1187
374 1399
441 1148
105 219
3
415 603
472 854
543 666
8
807 859
814 1299
850 1073
721 1367
1139 1276
543 1267
1005 1146
514 1153
4
676 1411
123 968
193 449
291 622
3
269 1047
981 1204
215 1136
7
549 1229
284 1075
791 1139
792 820
559 818
118 1412
619 1229
2
165 732
465 1426
6
1303 1422
690 1226
700 978
596 657
386 775
988 1208
2
491 678
92 1182
2
647 1242
445 520
8
225 925
365 719
971 1330
120 993
160 1380
633 1287
355 386
177 1091
8
190 220
355 1232
4 1385
986 1289
347 1151
157 533
798 1414
573 1062
2
533 1297
103 1137
3
110 895
565 1038
178 1301
3
536 924
410 724
793 1274
7
265 1366
120 1012
1154 1336
1033 1329
146 473
408 538
295 746
4
981 1063
61 734
806 1278
596 997
6
28 843
328 1041
426 990
137 1235
1068 1357
631 1414
3
247 963
514 823
766 883
7
76 630
226 943
341 1325
249 1348
448 1205
322 539
955 998
3
582 650
460 698
340 929
2
312 809
419 1350
8
238 728
256 926
206 293
391 873
397 649
855 980
448 471
30 1310
2
343 743
258 498
5
590 1430
236 511
273 1006
684 1268
42 477
4
589 804
890 1136
177 508
599 955
5
350 1103
1285 1349
1167 1304
489 1351
76 1228
3
738 1193
308 1421
13 320
8
120 1153
77 1240
572 1108
603 893
12 941
553 911
546 1028
265 413
5
835 1429
231 1270
17 761
89 772
64 825
8
638 965
39 623
793 1093
90 991
98 831
748 1317
262 1229
354 607
8
300 744
1200 1304
281 804
182 729
196 828
899 1150
5 577
905 1288
4
409 711
166 1401
797 1005
349 1298
2
88 899
974 991
8
874 1135
315 475
929 1439
46 514
525 938
190 1354
703 1365
81 632
3
36 603
1039 1223
1155 1216
3
150 959
1387 1392
18 1406
4
75 357
685 800
1264 1305
0 255
6
61 351
362 1016
301 853
331 982
55 621
1249 1352
3
817 1112
749 967
794 1316
8
106 918
549 1162
512 515
544 1152
597 1339
641 793
916 1198
278 917
5
327 825
388 1189
408 1098
261 1033
223 368
5
372 1085
52 1042
144 1116
668 1108
430 589
6
647 1108
581 708
99 495
453 952
0 717
493 1342
7
491 494
89 1187
273 1255
34 1013
274 1437
834 1345
84 1215
6
695 699
1184 1418
945 997
610 1309
378 391
678 777
8
806 1287
255 1103
421 532
333 1138
515 727
593 955
628 1277
931 1392
4
956 1038
739 906
341 373
107 116
7
294 1295
301 586
349 930
83 1197
119 1432
261 490
302 307
3
535 584
1018 1085
1322 1399
5
560 856
622 815
369 1120
844 1305
1167 1434
8
1023 1256
265 383
195 1030
544 816
854 894
1072 1302
169 1196
649 1006
3
255 547
545 1206
273 1267
7
64 120
762 937
136 556
866 1139
149 628
440 623
172 915
2
272 796
1211 1438
2
284 678
194 444
4
667 875
294 585
1083 1430
682 1029
4
358 666
172 1091
587 639
541 752
6
233 1199
1141 1147
905 1058
310 1134
449 1342
148 968
2
825 1021
616 649
8
445 1321
220 953
1175 1193
843 914
465 831
44 453
1000 1240
1145 1229
7
806 909
489 1081
534 610
923 1123
554 1275
765 896
96 360
8
541 965
1050 1339
197 698
502 589
391 1020
495 1314
733 744
372 417
2
22 1409
326 1089
7
460 693
902 1329
587 1364
1320 1420
509 663
266 1348
645 1132
7
362 708
298 368
101 314
542 1117
183 661
474 1172
1054 1417
3
727 1255
548 1131
409 568
2
17 451
366 700
8
54 412
1077 1281
1111 1365
749 1342
326 923
190 251
1248 1281
415 1165
8
581 1050
987 1245
269 357
536 1045
295 1017
1177 1294
304 1264
121 1263
8
61 1224
725 1408
59 1178
549 1439
204 393
756 846
95 1036
544 952
8
294 524
412 1356
333 433
727 1053
809 1381
484 498
787 1254
513 1035
8
197 1250
83 258
186 392
1186 1361
154 357
852 1206
626 657
298 1200
8
314 1214
201 643
401 1362
49 140
535 1023
581 1174
0 1402
468 972
8
555 1149
234 1050
369 1323
1292 1319
338 439
293 398
414 1058
55 345
8
144 989
429 1141
402 1126
334 1056
638 1126
239 356
149 195
591 645
8
153 794
866 1333
49 283
119 1208
78 244
660 982
979 1032
0 76
8
776 1367
576 1057
1085 1129
13 1306
1092 1285
723 882
218 948
778 1324
8
77 110
530 1276
866 1072
44 865
143 308
176 260
1311 1417
62 980
8
753 1412
129 565
110 122
678 1170
353 792
281 840
111 1216
228 1192
8
1143 1209
294 1015
8 1138
626 929
226 489
214 986
568 731
648 996
8
313 1193
352 627
504 1087
152 389
904 1088
1018 1103
40 1391
738 1316
8
373 1217
622 1355
420 850
315 539
584 588
96 1327
385 1095
544 1088
8
498 1381
522 983
124 680
79 667
918 1372
49 382
179 610
671 770
8
455 735
138 315
417 957
69 1162
492 1182
134 421
162 394
729 972
8
168 1097
196 754
13 1049
475 1370
657 1061
289 548
657 1435
398 613
8
676 993
449 917
622 1348
917 1437
172 931
1032 1219
191 217
456 467
8
396 1216
83 331
361 630
43 167
1197 1429
846 938
5 874
1221 1408
8
129 1045
682 705
187 918
293 359
624 729
235 288
764 1056
817 1407
8
330 587
601 976
60 708
212 1101
424 637
539 1429
649 812
282 906
8
49 125
1094 1267
86 268
102 921
214 562
269 614
651 1041
542 720
8
558 1319
325 461
1222 1391
1037 1393
1099 1176
1166 1211
136 1308
1006 1346
8
171 689
53 736
996 1086
557 853
970 1025
218 360
261 1137
546 705
8
653 836
688 1267
939 1373
993 1298
107 776
0 586
772 1293
443 1149
8
313 705
1189 1277
366 929
273 1001
448 1300
547 1345
307 1269
1250 1296
8
139 1153
829 1170
282 641
256 540
575 1365
790 833
1158 1277
741 1027
8
371 396
67 1415
1128 1305
120 673
915 996
285 496
643 1412
802 1235
8
671 1131
351 480
758 989
154 205
489 1055
104 713
102 1087
638 1300
8
230 815
697 750
582 774
242 253
933 1164
43 630
726 915
672 1326
8
359 442
235 1090
349 1000
217 577
153 731
431 627
256 448
105 1401
8
178 271
798 1169
624 996
568 927
304 960
257 996
589 1022
862 1204
8
52 666
724 976
196 914
581 1077
1194 1376
701 747
171 565
567 1091
8
85 409
322 352
736 1055
1300 1435
22 767
1221 1420
498 827
1163 1350
8
33 1323
825 850
504 902
162 199
267 619
1089 1237
997 1335
499 1245
8
134 723
267 1167
789 873
290 598
156 617
432 768
749 1330
248 521
8
230 245
460 1414
620 1152
259 1097
218 791
1100 1358
1009 1154
571 1422
8
466 888
282 675
460 1229
847 1189
215 819
876 969
210 406
815 1438
8
712 1353
880 957
374 495
213 1273
951 1429
1260 1376
198 1412
738 1366
8
882 1272
147 983
361 1356
1321 1398
821 1053
640 641
371 697
580 623
8
51 566
282 992
481 883
151 758
592 857
174 424
378 710
6 676
8
678 833
294 511
410 924
175 734
920 1126
215 302
858 1326
652 1224
8
24 1162
84 237
883 999
1231 1243
479 1185
247 565
364 989
401 1088
8
221 892
1180 1400
235 322
591 1251
1024 1217
1103 1141
1058 1108
524 959
8
154 326
1039 1227
190 446
3 1133
823 1076
277 1057
786 844
1316 1324
8
1013 1142
45 505
500 1059
197 1228
476 1420
43 613
330 1397
683 1367
8
315 1005
269 1053
239 951
228 1246
780 1384
75 1261
121 214
386 569
8
758 761
1226 1231
286 1378
113 170
319 422
245 353
523 1422
103 176
8
1109 1216
196 988
643 1391
208 922
97 382
491 805
58 1109
208 1162
8
991 1021
150 774
654 968
129 1416
303 859
999 1440
566 1302
23 1107
8
271 826
386 1183
723 1004
24 445
714 751
530 764
562 1254
24 311
8
414 1252
389 1032
497 743
417 555
223 535
1151 1306
41 94
587 772
8
73 539
287 1179
268 1261
183 487
309 1085
323 1238
183 991
211 755
8
3 102
96 1290
1009 1421
299 1284
595 1240
915 1040
756 1051
470 693
8
20 1340
422 937
499 1195
33 1110
55 1114
475 819
541 570
623 1015
8
847 1026
841 974
785 1210
441 463
210 552
273 958
386 1064
738 823
8
686 1281
99 961
975 1416
564 939
546 810
534 795
375 1383
59 1439
8
123 1315
254 1311
228 907
674 1326
1140 1302
302 662
761 1116
581 747
8
730 1410
412 667
729 1245
650 927
246 956
59 431
58 792
325 1242
8
816 1116
180 469
44 616
0 333
83 941
324 1005
290 902
208 217
8
156 1140
669 818
629 844
725 808
676 998
766 831
1134 1428
1181 1297
8
409 800
969 1058
353 689
358 869
450 1156
123 473
373 462
186 677
8
601 1101
586 1282
617 1315
561 1040
703 988
1166 1196
498 498
411 1339
8
478 661
1063 1235
374 1181
229 1230
212 1005
145 1377
366 1360
148 503
8
293 909
604 701
560 586
375 427
532 532
12 991
1158 1196
340 1048
8
4 1100
896 1264
454 696
785 963
5 130
399 535
84 1384
552 631
8
242 796
505 784
128 1413
1187 1409
752 1268
89 883
120 457
833 1412
8
31 321
440 799
575 1373
860 1231
74 602
1231 1408
596 1104
1103 1119
8
615 832
415 1180
946 971
455 1248
842 1075
828 1270
142 1042
1157 1211
8
129 440
986 1334
308 869
589 1432
953 1151
143 1027
1013 1035
362 1410
8
285 416
1285 1391
746 853
208 522
244 425
58 898
1247 1280
692 970
8
327 1289
98 991
598 1056
231 1405
168 814
443 633
685 1087
147 489
8
143 710
52 1128
815 1178
189 1298
39 748
435 886
459 1189
604 983
8
247 914
709 1152
851 1179
123 1052
1203 1414
729 1416
296 477
1025 1196
8
1102 1129
152 1385
1018 1330
99 537
344 959
765 976
312 1408
322 677
8
744 1434
125 159
1015 1027
180 751
202 287
568 1422
142 799
929 1179
8
84 403
144 1057
796 1435
166 1190
161 1158
146 318
55 191
718 1206
8
1322 1376
313 699
23 1066
477 1000
667 809
483 781
479 1084
239 846
8
49 833
138 971
293 473
464 1036
199 1434
309 540
804 959
1204 1399
8
421 1028
908 1015
932 964
346 499
278 1281
444 823
850 1031
790 1372
8
289 1343
531 1069
833 1387
168 1190
959 1032
143 284
261 815
565 664
8
340 689
897 1326
1239 1334
748 1123
578 903
280 652
211 1349
87 1417
8
857 1410
533 690
639 1389
165 752
695 935
82 409
298 778
187 955
8
396 557
688 926
222 750
477 1364
471 615
76 488
510 941
954 1320
8
422 792
876 938
584 1036
399 1182
558 800
663 812
159 1322
969 1220
8
594 753
454 1128
351 1175
113 1220
771 1183
1152 1375
303 430
587 597
8
414 472
656 918
94 358
381 754
65 658
586 613
20 408
269 1041
8
621 660
376 689
65 167
303 534
1043 1279
322 1028
152 1147
873 1402
8
543 573
657 998
314 1413
472 1018
70 982
911 1235
854 1188
99 633
8
228 1302
647 1342
10 817
396 667
5 423
1374 1400
249 794
146 504
8
499 1397
1089 1248
162 375
546 1027
535 1292
336 1040
622 1199
178 629
8
199 1291
45 555
251 922
894 1137
12 357
340 1334
209 775
130 989
8
15 1312
77 188
18 1178
51 69
938 1368
410 1133
821 1153
418 477
8
460 715
573 581
533 788
1146 1329
68 1160
364 449
280 838
112 310
8
441 1274
250 1159
276 1179
382 1398
160 1390
777 1158
480 768
593 793
8
108 1066
503 562
404 1378
1004 1057
442 1417
323 1056
326 950
321 363
8
126 1061
297 1027
697 820
261 1194
141 769
498 1423
515 1188
527 969
8
487 828
129 1105
272 1228
974 1056
722 1375
490 1108
938 1238
388 1387
8
979 1252
686 1221
1017 1192
669 825
53 464
131 231
515 1380
223 1425
8
242 502
220 451
256 517
494 1258
51 1141
221 1328
82 1163
317 1089
8
107 137
59 1346
756 1266
279 371
490 854
765 897
758 1159
1079 1283
8
1001 1307
548 800
410 851
482 1346
254 1161
633 1022
1123 1262
270 705
8
277 714
505 756
528 748
922 1082
298 600
30 1142
288 1432
827 1274
8
1061 1082
342 516
770 1102
835 1131
137 1240
1003 1255
87 1289
312 1128
8
753 1360
845 1369
317 550
44 805
458 677
437 1267
586 646
1157 1163
8
373 1104
151 501
814 1252
331 1394
39 791
225 904
209 1343
473 582
8
521 693
317 663
297 997
376 829
337 830
17 1094
742 1113
850 973
8
195 807
540 706
336 1169
572 942
402 1036
823 961
1210 1277
26 89
8
464 730
700 1437
588 825
924 1058
637 673
583 701
1048 1384
171 894
8
13 632
14 786
931 1089
807 982
1014 1343
749 1203
550 830
1048 1404
8
638 760
438 773
139 180
91 1243
862 1295
103 966
344 1236
732 1345
8
886 1114
5 735
620 1137
926 1397
1089 1148
11 67
44 1210
1015 1273
8
363 1234
851 1365
526 855
291 1083
389 583
155 484
618 1049
75 779
8
61 1103
81 1432
534 931
93 477
92 613
833 933
531 922
601 1036
8
137 281
414 1093
668 1228
659 1180
303 476
130 484
813 1229
914 1213
8
866 1188
693 1360
629 1350
915 1127
140 1062
263 1428
541 1289
453 1320
8
490 538
1322 1359
199 703
378 1300
366 397
1091 1334
173 619
420 468
8
364 1316
907 1364
779 1314
624 1188
11 312
338 1055
43 389
750 903
8
465 1265
180 738
550 1402
1062 1127
552 796
341 805
611 808
978 1417
8
167 1210
440 857
395 1008
231 1335
605 1276
814 1126
43 215
18 919
8
390 1232
12 1034
542 971
154 1377
968 979
809 1300
73 1418
190 243
8
470 597
235 489
95 640
609 1177
594 881
224 513
951 1350
1108 1384
8
59 160
139 623
288 938
564 803
344 713
144 654
467 1017
217 563
8
39 1017
657 1300
280 974
241 1056
1144 1237
138 814
512 665
234 1239
8
1052 1308
162 480
683 982
58 869
1078 1208
742 925
634 1349
570 614
8
192 936
176 1110
581 944
328 638
274 534
572 691
1049 1212
45 1325
8
131 678
120 930
269 493
907 951
278 712
1255 1282
822 1339
334 769
8
755 1401
993 1369
103 554
37 1283
113 912
678 685
1035 1380
194 275
8
71 556
752 1086
870 1175
393 565
356 424
410 1121
520 896
211 1283
8
549 1175
4 1172
1101 1290
703 711
204 618
645 1099
498 1256
176 1262
8
645 813
94 1243
1043 1355
1003 1435
16 1121
540 1079
166 393
292 930
8
53 1413
338 1140
1204 1371
349 1309
3 251
19 553
481 1010
1132 1317
8
87 676
476 1317
0 589
76 143
351 636
1151 1401
696 1069
1016 1204
8
626 797
281 501
242 274
363 548
1069 1236
404 1117
459 900
832 1071
8
531 1368
696 838
547 1038
362 493
576 906
402 721
783 973
643 716
8
536 1310
771 1147
1259 1424
323 729
824 895
469 967
389 1233
474 505
8
547 1058
985 1016
143 1220
629 1335
124 649
185 1431
208 817
1296 1422
8
639 1167
168 491
341 377
436 801
637 693
829 1167
961 1311
759 1115
8
47 1175
1149 1372
1175 1350
421 442
136 140
600 939
202 487
98 859
8
391 787
215 743
191 1165
512 1186
568 918
551 1002
399 1315
65 829
8
108 1028
417 1031
455 1046
347 1373
559 942
161 321
93 877
277 1280
8
754 1147
881 1414
229 1407
179 782
121 967
868 961
238 416
95 722
8
612 630
766 1048
1324 1339
1088 1358
129 928
478 1262
398 1083
636 685
8
88 504
497 1172
466 670
332 1018
237 625
1156 1218
864 1222
624 864
8
772 1137
88 108
47 795
355 818
430 818
448 1033
800 1222
713 951
8
902 1292
1069 1350
204 304
633 735
608 1303
873 1335
187 652
557 1258
8
967 1094
400 1199
296 1394
473 744
158 1086
1011 1387
214 1199
473 809
8
24 939
1132 1144
990 1339
824 1159
323 1231
590 984
524 1266
29 979
8
806 1009
405 1108
70 1235
244 453
646 930
889 1061
711 1379
148 376
8
132 468
292 1281
836 1103
87 1363
1058 1211
916 1385
120 1274
191 1121
8
581 1281
4 1357
401 1437
32 356
59 1082
165 790
1071 1080
146 1148
8
711 713
212 811
375 1415
1117 1420
25 1161
307 607
113 368
1291 1329
8
395 794
383 607
199 1189
413 784
213 456
250 1093
112 771
648 667
8
578 691
238 741
683 894
85 216
566 1087
1033 1328
273 562
652 1213
8
107 1031
132 1346
649 1318
1293 1377
966 1318
128 1303
63 1051
110 1093
8
459 993
102 688
697 962
230 951
621 1235
355 648
945 1026
92 1173
8
822 1122
328 656
43 1009
253 361
592 1232
1185 1380
718 1327
126 524
8
647 890
138 855
358 604
112 461
142 950
458 818
1137 1303
919 1136
8
1320 1381
381 884
141 178
500 789
170 1126
148 971
289 867
778 1245
8
818 1189
44 116
862 1339
1003 1033
483 862
693 753
966 1423
241 1288
8
85 524
771 1250
780 798
914 1119
206 415
880 1408
31 992
573 1202
8
55 262
255 886
295 315
73 875
652 1230
628 699
203 231
489 1341
8
737 1128
533 988
671 847
301 970
88 895
458 1117
306 400
516 966
8
278 596
439 1390
931 1372
254 1299
518 975
540 1249
328 664
63 1378
8
583 651
369 1042
561 1342
423 943
514 901
477 1272
94 1105
582 1343
8
887 1401
116 705
769 860
369 1050
587 793
157 687
688 1098
93 466
8
618 1377
858 939
403 613
77 253
459 752
1052 1333
1073 1383
201 596
8
703 1207
311 902
82 963
555 1209
441 570
369 1216
995 1209
35 89
8
520 1371
485 654
531 1345
256 299
15 1259
88 288
532 805
512 595
8
819 1206
342 430
168 598
409 562
373 939
505 662
279 1019
140 1282
8
157 1275
234 944
1201 1256
49 234
330 1094
674 1104
200 1283
424 888
8
740 1299
641 881
85 1167
1111 1425
773 1258
39 1106
434 954
351 757
8
502 1281
1191 1221
321 1213
314 468
547 1176
384 1143
14 24
87 1177
8
793 890
517 1051
282 1286
357 504
1123 1245
57 444
541 1039
336 1386
8
51 99
349 544
263 496
212 1203
435 1284
61 124
1150 1188
158 1400
8
40 155
1063 1065
286 1384
521 884
152 1145
634 902
164 304
94 1398
8
28 145
909 1273
142 282
442 993
318 754
400 631
800 836
1032 1310
8
333 737
49 337
586 828
952 1278
131 477
305 1343
241 1102
1065 1117
8
420 1206
576 1140
899 1356
139 1240
792 1321
596 946
326 1036
235 1417
8
1307 1402
1322 1392
654 699
26 741
355 646
815 902
664 1377
211 832
8
69 592
97 1257
1236 1247
539 796
308 1345
596 1236
561 1053
585 910
8
473 489
286 564
271 1366
258 1005
642 860
380 1249
835 1049
1075 1136
8
112 913
688 941
786 1101
189 282
8 582
471 857
103 384
787 1106
8
150 251
239 620
725 961
186 327
274 1286
599 1069
269 570
410 1061
8
921 981
4 522
177 1037
79 864
56 1004
892 1350
760 1308
617 1357
8
304 747
60 724
427 1004
235 1372
454 1126
197 752
144 492
372 688
8
325 1223
697 927
426 762
464 718
578 1205
831 913
372 1167
365 512
8
958 1310
598 636
674 848
589 883
121 668
77 661
431 466
351 884
8
1021 1424
300 634
1309 1379
107 459
589 1061
469 1217
627 800
311 1344
8
302 1310
480 592
238 1318
295 1174
697 824
395 1214
594 1297
168 587
8
593 932
39 1267
515 1276
249 1140
341 504
723 1405
448 1341
313 431
8
174 549
27 142
366 541
347 1109
282 768
54 620
1009 1063
229 1239
8
494 831
384 1412
34 1326
511 1421
1231 1343
337 341
269 1034
26 1201
8
494 1137
120 599
1251 1367
312 1236
268 757
419 630
320 754
1155 1278
8
96 356
669 731
652 683
221 1160
831 1402
616 797
72 942
708 1204
8
607 1361
333 1008
647 1176
779 1103
318 412
170 931
189 435
628 1122
8
1177 1304
98 188
462 505
415 538
346 1023
978 1360
275 1254
155 417
8
5 386
600 916
200 386
45 1146
223 1115
462 490
71 1086
400 539
8
395 785
968 1354
387 403
309 476
163 237
636 1020
1278 1348
108 1157
0
