100
-616 271 1158
-7222 -6306 -5390
-2206 -1870 -1534
-4613 -4120 -3627
-3350 -2928 -2506
-7637 -7609 -7581
-1309 -1249 -1189
-2236 -1309 -382
-9459 -9032 -8605
-827 -90 647
-4788 -4419 -4050
-7432 -7002 -6572
-4217 -3686 -3155
-7137 -7013 -6889
-5932 -5796 -5660
-6070 -5267 -4464
-5977 -5918 -5859
-6930 -6762 -6594
-8606 -8149 -7692
-4988 -4945 -4902
-3770 -3396 -3022
-5578 -4658 -3738
-6215 -5677 -5139
-4801 -4476 -4151
-1684 -1313 -942
9413 8886 8359
9091 8110 7129
9956 9082 8208
9862 9691 9520
9996 9714 9432
9305 8379 7453
9084 8756 8428
9336 8830 8324
9846 9116 8386
9313 8455 7597
9124 8228 7332
9582 9036 8490
9814 9446 9078
9434 9069 8704
9043 8292 7541
9087 8278 7469
9276 9097 8918
9788 9203 8618
9403 8751 8099
9754 9354 8954
9932 9871 9810
9676 9307 8938
9739 9726 9713
9226 8639 8052
9094 8554 8014
96 192 384
35 350 3500
68 204 612
98 392 1568
18 72 288
53 424 3392
2 4 8
87 261 783
66 726 7986
45 495 5445
41 451 4961
32 288 2592
98 294 882
82 574 4018
10 90 810
68 544 4352
98 490 2450
87 609 4263
7 35 175
20 120 720
29 87 261
33 363 3993
4 44 484
71 710 7100
9 63 441
41 451 4961
97 485 2425
19 133 931
47 141 423
22 154 1078
80 800 8000
65 650 6500
42 84 168
94 188 376
35 210 1260
25 150 900
88 704 5632
44 132 396
28 196 1372
60 480 3840
33 99 297
38 380 3800
76 684 6156
75 225 675
59 413 2891
30 270 2430
36 180 900
19 190 1900
44 132 396
29 319 3509

