1203
441
1218
1271
864
773
1555
1523
skipped
668
skipped
1543
1203
867
1162
skipped
1619
1282
1006
1439
skipped
729
1702
skipped
skipped
1194
843
839
1548
1805
skipped
skipped
746
skipped
1431
372
619
1195
1148
620
skipped
1076
1107
978
1609
445
933
1921
1407
739
831
skipped
1060
1465
845
1759
1229
1547
1197
1560
1317
352
1284
442
1303
1134
skipped
459
1445
skipped
921
1105
718
459
1310
964
702
1058
1150
607
1332
1087
142
437
1005
skipped
1581
413
1228
683
1126
1573
1117
519
595
981
363
skipped
602
858
862
613
1016
1203
482
1372
skipped
1856
156
1204
1027
989
911
27
857
724
1193
501
416
875
1273
827
1027
1480
1406
1584
961
skipped
1383
780
skipped
skipped
815
1358
847
1179
404
821
749
322
1404
skipped
881
1601
395
skipped
973
1467
731
1747
708
590
1032
1393
1412
991
1059
729
987
744
1539
1040
688
527
skipped
1423
1326
1199
684
1653
913
1098
1263
1008
665
141
1166
skipped
730
856
275
864
703
1496
1020
820
1465
971
skipped
631
1028
1848
46
811
551
940
1675
767
1216
1033
956
skipped
skipped
705
1437
1300
1221
1311
1280
908
941
906
skipped
1778
916
275
skipped
982
504
1370
skipped
950
670
765
1047
935
1516
870
1748
1525
385
1049
965
1340
skipped
781
1671
1140
1387
1435
1649
skipped
1741
skipped
1489
1015
980
1869
765
1185
892
1047
1495
1756
skipped
1233
1607
712
685
skipped
1002
1113
581
skipped
1059
696
978
1670
731
1249
1226
1413
1156
1013
1278
743
1386
660
1726
1467
225
skipped
1449
619
877
1532
657
697
skipped
916
861
789
901
580
907
1165
425
158
407
1260
skipped
1012
1045
827
1021
373
1716
skipped
823
1321
1900
1402
skipped
382
1108
621
943
1099
1783
1446
668
981
829
591
1133
1176
279
1247
1871
1096
887
440
skipped
929
1149
845
840
541
1241
1140
1321
641
1079
801
1184
940
1840
651
495
1454
1280
927
955
910
1562
1568
957
454
755
1275
1499
852
skipped
307
1248
331
1529
1426
699
851
skipped
skipped
473
1550
839
1353
1205
969
965
1311
1063
760
985
1298
904
skipped
1519
1280
1417
1016
1735
skipped
1482
678
1903
1251
skipped
728
1337
1435
1339
skipped
1075
1181
951
1049
686
1110
1288
488
149
763
1197
696
skipped
245
424
1228
1483
1051
1093
561
688
1003
skipped
skipped
1069
1451
1082
926
818
923
1376
1424
skipped
skipped
536
skipped
1432
1075
1013
433
438
440
1096
828
1207
903
skipped
654
859
skipped
1544
878
1058
skipped
1824
1503
785
1895
176
983
skipped
1900
588
461
988
1614
1231
1037
398
750
skipped
984
1770
1760
251
455
1040
1155
475
1583
1052
638
skipped
1890
993
1144
skipped
637
497
401
976
skipped
skipped
skipped
1217
1108
987
451
478
887
1175
799
1128
skipped
951
538
skipped
1616
804
1483
1283
959
1394
985
1053
1045
1727
755
629
1002
372
925
skipped
921
skipped
732
skipped
1842
skipped
624
skipped
1149
1641
911
209
1174
1663
skipped
645
723
1379
skipped
skipped
716
198
960
1217
978
skipped
1358
985
922
834
475
1215
778
600
562
644
991
1286
1260
463
651
1155
83
1580
1149
889
1524
1268
1584
1268
1027
1619
1667
778
1213
933
706
763
skipped
799
skipped
1166
1213
574
356
892
1832
424
1085
1212
825
671
762
836
856
612
802
435
992
658
812
1320
skipped
1248
skipped
739
1414
242
1150
skipped
skipped
1198
945
1768
1169
761
524
1137
1503
1544
1617
1436
1465
301
skipped
958
1330
170
skipped
756
650
697
1018
875
855
skipped
1173
206
420
936
1193
191
1744
1934
827
881
600
skipped
351
skipped
1443
1338
454
1003
skipped
1370
1749
1382
933
742
1584
1103
1276
1233
239
1020
1748
1387
420
1152
285
194
1208
786
1797
1347
690
698
1168
1444
835
776
1148
skipped
1523
779
1254
1428
883
814
773
687
1276
1429
698
1235
1385
1049
1226
766
1022
1527
1640
1499
1355
1324
1524
396
718
1031
1036
979
744
1120
194
793
451
skipped
633
skipped
1525
1062
1554
1219
skipped
864
817
1036
skipped
1368
1104
1561
1728
1116
skipped
914
439
615
1008
948
908
844
516
1779
1083
1128
853
skipped
1489
1577
550
856
1547
1805
1087
931
50
660
982
1104
1069
1070
skipped
555
843
1257
1561
1579
1699
1271
635
1339
1337
1509
316
589
1250
1150
1011
1660
735
1340
skipped
763
1704
1596
1342
1175
1118
1263
1610
701
919
1008
938
1024
1250
556
1311
1174
skipped
1231
1078
758
1017
1030
1191
skipped
889
481
816
1483
680
1351
1015
1033
498
750
1782
1050
637
1438
936
690
1096
646
1331
1284
496
619
1398
skipped
916
1340
1625
885
1152
749
1590
1154
105
1360
984
694
1877
134
220
883
skipped
1211
931
1061
1149
767
1058
452
804
610
1396
1090
skipped
303
243
1250
1508
711
1380
621
skipped
1214
404
1356
529
854
1132
1258
1242
900
271
1706
360
1009
skipped
1072
648
1668
756
977
1151
639
687
1345
1650
1508
1125
876
skipped
477
skipped
976
1195
1080
189
798
853
skipped
skipped
1078
701
819
skipped
skipped
956
1790
1245
864
864
1880
1421
906
814
1174
1182
922
965
688
1278
1432
1371
1541
skipped
skipped
680
1398
skipped
1673
skipped
469
skipped
749
1124
1320
1391
672
763
988
567
733
skipped
1483
437
337
402
1023
1539
skipped
901
819
987
1285
1049
1214
746
412
282
546
skipped
656
86
964
805
1250
962
689
1524
1137
609
skipped
776
1172
skipped
1330
519
1432
1165
1109
1460
367
863
1314
skipped
908
921
944
1593
